[793, 422, 31, 324.38989, 0.0028005948, 0, -1;
 92, 138, 31, 206.37981, 0.0034955132, 0, -1;
 125, 450, 31, 175.67827, 0.0031579677, 0, -1;
 875, 48, 31, 30.549561, 0.0025296218, 0, -1;
 609, 44, 31, 252.92252, 0.0026329544, 0, -1;
 122, 450, 31, 183.39438, 0.0024409804, 0, -1;
 848, 436, 31, 277.64136, 0.0052130697, 0, -1;
 328, 127, 31, 329.88452, 0.0024380779, 0, -1;
 95, 143, 31, 78.038696, 0.0039003268, 0, -1;
 122, 132, 31, 275.47266, 0.0031208198, 0, -1;
 556, 54, 31, 115.19118, 0.003690961, 0, -1;
 117, 127, 31, 313.28235, 0.0024941505, 0, -1;
 309, 144, 31, 43.991539, 0.002523981, 0, -1;
 830, 422, 31, 291.65884, 0.0029309921, 0, -1;
 823, 439, 31, 251.27173, 0.0024111159, 0, -1;
 195, 278, 31, 232.97641, 0.002840115, 0, -1;
 99, 437, 31, 98.909431, 0.0031552378, 0, -1;
 146, 131, 31, 304.56534, 0.0023796174, 0, -1;
 222, 328, 31, 278.90433, 0.0034410218, 0, -1;
 314, 132, 31, 230.5703, 0.0024209064, 0, -1;
 97, 136, 31, 4.0332026, 0.002452699, 0, -1;
 105, 127, 31, 269.36188, 0.0027815111, 0, -1;
 246, 339, 31, 37.406914, 0.0032082512, 0, -1;
 836, 427, 31, 287.39001, 0.0024377815, 0, -1;
 78, 449, 31, 355.84381, 0.0025555352, 0, -1;
 209, 127, 31, 340.60669, 0.0030560575, 0, -1;
 539, 39, 31, 262.23801, 0.0024301037, 0, -1;
 113, 446, 31, 224.49625, 0.0023009095, 0, -1;
 120, 144, 31, 330.59622, 0.0028457884, 0, -1;
 216, 328, 31, 172.1525, 0.0036982645, 0, -1;
 158, 130, 31, 292.80829, 0.0023223944, 0, -1;
 138, 144, 31, 55.46003, 0.0030078457, 0, -1;
 238, 253, 31, 313.43958, 0.0029934237, 0, -1;
 609, 53, 31, 123.76452, 0.0028110619, 0, -1;
 81, 449, 31, 343.62613, 0.0032331778, 0, -1;
 397, 128, 31, 259.26007, 0.0038816081, 0, -1;
 191, 126, 31, 349.27148, 0.0027606331, 0, -1;
 135, 149, 31, 41.983257, 0.0036046794, 0, -1;
 92, 135, 31, 198.42085, 0.0023716381, 0, -1;
 200, 149, 31, 38.114521, 0.0026811466, 0, -1;
 829, 439, 31, 272.85504, 0.0025418289, 0, -1;
 869, 47, 31, 220.10445, 0.0025379127, 0, -1;
 100, 131, 31, 311.46432, 0.0032853473, 0, -1;
 57, 447, 31, 249.70828, 0.0025584907, 0, -1;
 136, 137, 31, 142.03082, 0.003991507, 0, -1;
 860, 422, 31, 307.74133, 0.0032162592, 0, -1;
 93, 154, 31, 73.544823, 0.0026252933, 0, -1;
 556, 41, 31, 266.3186, 0.0028831318, 0, -1;
 806, 422, 31, 282.64191, 0.0033732208, 0, -1;
 77, 124, 31, 215.23376, 0.0028378693, 0, -1;
 803, 422, 31, 289.17288, 0.0029618423, 0, -1;
 88, 140, 31, 232.79651, 0.0035807134, 0, -1;
 333, 127, 31, 283.79779, 0.002964613, 0, -1;
 800, 433, 31, 288.21323, 0.0031718425, 0, -1;
 124, 150, 31, 102.62936, 0.0027348346, 0, -1;
 117, 150, 31, 75.193268, 0.0023661822, 0, -1;
 97, 183, 31, 253.67746, 0.0026254775, 0, -1;
 797, 422, 31, 321.26135, 0.0029864281, 0, -1;
 409, 132, 31, 274.47089, 0.002560681, 0, -1;
 90, 150, 31, 62.448574, 0.0025576802, 0, -1;
 368, 149, 31, 86.982849, 0.0023999673, 0, -1;
 619, 57, 31, 79.203575, 0.0023693424, 0, -1;
 102, 441, 31, 139.38394, 0.0029073507, 0, -1;
 138, 132, 31, 211.99506, 0.0022737354, 0, -1;
 158, 446, 31, 87.651794, 0.0022621641, 0, -1;
 191, 130, 31, 309.94708, 0.0019833301, 0, -1;
 122, 208, 31, 345.59055, 0.002159677, 0, -1;
 812, 439, 31, 261.17093, 0.002153476, 0, -1;
 812, 421, 31, 243.81711, 0.0022030005, 0, -1;
 377, 130, 31, 311.94086, 0.0021342884, 0, -1;
 127, 200, 31, 18.219542, 0.0022062659, 0, -1;
 550, 43, 31, 246.1441, 0.0020849595, 0, -1;
 836, 434, 31, 281.73105, 0.0021307936, 0, -1;
 88, 145, 31, 104.873, 0.00204883, 0, -1;
 99, 439, 31, 97.741417, 0.0021341713, 0, -1;
 90, 450, 31, 308.93735, 0.0020126835, 0, -1;
 612, 44, 31, 294.48981, 0.0019666112, 0, -1;
 156, 152, 31, 153.88464, 0.0020524394, 0, -1;
 209, 275, 31, 218.4942, 0.0022278051, 0, -1;
 424, 131, 31, 315.32397, 0.0021042407, 0, -1;
 713, 49, 31, 273.64966, 0.0020813339, 0, -1;
 88, 133, 31, 222.5746, 0.0020185478, 0, -1;
 761, 45, 31, 348.39258, 0.001948136, 0, -1;
 594, 43, 31, 238.21127, 0.0021567459, 0, -1;
 166, 342, 31, 187.1376, 0.002028625, 0, -1;
 224, 289, 31, 280.22672, 0.0019779818, 0, -1;
 48, 450, 31, 305.32709, 0.0022334394, 0, -1;
 408, 150, 31, 70.372391, 0.0019686201, 0, -1;
 34, 33, 31, 209.41302, 0.0021920374, 0, -1;
 114, 433, 31, 215.15509, 0.0020282448, 0, -1;
 139, 154, 31, 57.408997, 0.0020249444, 0, -1;
 154, 366, 31, 303.20917, 0.0022043756, 0, -1;
 223, 333, 31, 77.417648, 0.0020583556, 0, -1;
 586, 43, 31, 285.52844, 0.0020286001, 0, -1;
 98, 195, 31, 167.9572, 0.002180682, 0, -1;
 88, 129, 31, 235.83725, 0.0021369881, 0, -1;
 821, 421, 31, 225.44717, 0.0021456098, 0, -1;
 316, 127, 31, 215.93015, 0.0020165343, 0, -1;
 100, 444, 31, 259.22855, 0.0021041343, 0, -1;
 169, 130, 31, 234.86848, 0.0019585793, 0, -1;
 233, 262, 31, 324.93002, 0.0022161233, 0, -1;
 76, 152, 31, 159.02237, 0.0021530259, 0, -1;
 215, 270, 31, 284.34985, 0.0021904481, 0, -1;
 425, 128, 31, 308.0614, 0.0021142503, 0, -1;
 654, 52, 31, 322.87408, 0.0019756428, 0, -1;
 419, 145, 31, 88.951775, 0.0020984276, 0, -1;
 350, 124, 31, 160.22986, 0.0019355909, 0, -1;
 213, 126, 31, 3.26281, 0.0019242932, 0, -1;
 634, 50, 31, 163.46092, 0.0019242585, 0, -1;
 212.40001, 126.00001, 37.200001, 23.995415, 0.0021716012, 1, -1;
 202.8, 153.60001, 37.200001, 48.749382, 0.0019362009, 1, -1;
 120.00001, 144, 37.200001, 102.15876, 0.0027122216, 1, -1;
 357.60001, 150, 37.200001, 83.11422, 0.0016420811, 1, -1;
 554.40002, 40.800003, 37.200001, 259.17914, 0.0019762153, 1, -1;
 138, 144, 37.200001, 63.271469, 0.0024278343, 1, -1;
 403.20001, 150, 37.200001, 87.061005, 0.0027278198, 1, -1;
 121.2, 133.20001, 37.200001, 260.96771, 0.0023211769, 1, -1;
 138, 153.60001, 37.200001, 56.466251, 0.0028610632, 1, -1;
 214.8, 327.60001, 37.200001, 81.163399, 0.002083004, 1, -1;
 396.00003, 127.2, 37.200001, 244.02722, 0.0025129521, 1, -1;
 610.80005, 44.400002, 37.200001, 272.44287, 0.0019428486, 1, -1;
 104.4, 376.80002, 37.200001, 330.56778, 0.0022391977, 1, -1;
 781.20001, 427.20001, 37.200001, 253.71198, 0.0022409705, 1, -1;
 133.20001, 140.40001, 37.200001, 15.91222, 0.0020665755, 1, -1;
 88.800003, 140.40001, 37.200001, 192.00291, 0.0036430268, 1, -1;
 97.200005, 180, 37.200001, 261.38739, 0.0018383543, 1, -1;
 836.40002, 427.20001, 37.200001, 289.9754, 0.0023124013, 1, -1;
 106.8, 297.60001, 37.200001, 358.60095, 0.0023247306, 1, -1;
 308.40002, 144, 37.200001, 86.731781, 0.001707331, 1, -1;
 199.20001, 150, 37.200001, 61.452644, 0.0021382864, 1, -1;
 778.80005, 429.60001, 37.200001, 262.99359, 0.001691221, 1, -1;
 169.20001, 150, 37.200001, 97.358253, 0.0016053567, 1, -1;
 135.60001, 138, 37.200001, 37.67197, 0.003668302, 1, -1;
 79.200005, 148.8, 37.200001, 164.38661, 0.0022537936, 1, -1;
 783.60004, 429.60001, 37.200001, 285.34143, 0.0018602979, 1, -1;
 134.40001, 150, 37.200001, 49.276531, 0.0026928186, 1, -1;
 139.20001, 141.60001, 37.200001, 78.381256, 0.0019083337, 1, -1;
 116.4, 150, 37.200001, 100.51305, 0.0027041852, 1, -1;
 88.800003, 150, 37.200001, 99.886833, 0.0021910057, 1, -1;
 813.60004, 421.20001, 37.200001, 237.50113, 0.0028408638, 1, -1;
 152.40001, 130.8, 37.200001, 317.93512, 0.0024537388, 1, -1;
 133.20001, 133.20001, 37.200001, 307.72345, 0.0016517547, 1, -1;
 145.20001, 130.8, 37.200001, 291.32831, 0.0022536083, 1, -1;
 376.80002, 130.8, 37.200001, 333.63187, 0.0021916784, 1, -1;
 423.60001, 130.8, 37.200001, 305.10303, 0.0023173266, 1, -1;
 781.20001, 433.20001, 37.200001, 253.88483, 0.0022601278, 1, -1;
 800.40002, 433.20001, 37.200001, 271.14182, 0.0021338572, 1, -1;
 133.20001, 130.8, 37.200001, 271.35236, 0.0025759435, 1, -1;
 156, 151.20001, 37.200001, 128.04239, 0.0020141785, 1, -1;
 848.40002, 436.80002, 37.200001, 306.60925, 0.0031681813, 1, -1;
 102.00001, 441.60001, 37.200001, 148.14604, 0.0019261758, 1, -1;
 99.600006, 444.00003, 37.200001, 292.40158, 0.0017979419, 1, -1;
 368.40002, 148.8, 37.200001, 94.284615, 0.001692671, 1, -1;
 91.200005, 135.60001, 37.200001, 221.88875, 0.0035165551, 1, -1;
 859.20001, 422.40002, 37.200001, 302.55038, 0.0027531839, 1, -1;
 820.80005, 421.20001, 37.200001, 225.14876, 0.003144606, 1, -1;
 92.400002, 153.60001, 37.200001, 80.556793, 0.0032255542, 1, -1;
 159.60001, 446.40002, 37.200001, 107.3008, 0.0022658887, 1, -1;
 99.600006, 130.8, 37.200001, 270.94409, 0.0030779138, 1, -1;
 195.60001, 278.40002, 37.200001, 237.3647, 0.0017602027, 1, -1;
 124.8, 450.00003, 37.200001, 195.65436, 0.0022276924, 1, -1;
 408.00003, 151.20001, 37.200001, 80.469444, 0.0024463756, 1, -1;
 868.80005, 48, 37.200001, 95.071709, 0.0019222808, 1, -1;
 794.40002, 422.40002, 37.200001, 322.67538, 0.0041180151, 1, -1;
 122.4, 450.00003, 37.200001, 205.8645, 0.0024244562, 1, -1;
 409.20001, 132, 37.200001, 258.13138, 0.0021481807, 1, -1;
 99.600006, 436.80002, 37.200001, 79.59729, 0.0020607738, 1, -1;
 796.80005, 422.40002, 37.200001, 314.95151, 0.0033497417, 1, -1;
 94.800003, 142.8, 37.200001, 65.030609, 0.0030201564, 1, -1;
 80.400002, 450.00003, 37.200001, 330.97083, 0.0026230961, 1, -1;
 238.8, 254.40001, 37.200001, 322.0535, 0.0020009766, 1, -1;
 802.80005, 422.40002, 37.200001, 298.49908, 0.0041166358, 1, -1;
 87.600006, 129.60001, 37.200001, 228.68196, 0.0019320559, 1, -1;
 805.20001, 422.40002, 37.200001, 280.93146, 0.0046498151, 1, -1;
 382.80002, 134.40001, 37.200001, 240.94598, 0.002958844, 1, -1;
 111.60001, 376.80002, 37.200001, 192.6153, 0.0018241281, 1, -1;
 97.200005, 136.8, 37.200001, 313.95999, 0.0021500529, 1, -1;
 830.40002, 422.40002, 37.200001, 287.00836, 0.0026069658, 1, -1;
 133.20001, 145.20001, 37.200001, 44.456463, 0.0016294762, 1, -1;
 313.20001, 133.20001, 37.200001, 241.51633, 0.0015643121, 1, -1;
 128.40001, 208.8, 37.200001, 339.74832, 0.001519538, 1, -1;
 428.40002, 134.40001, 37.200001, 333.58215, 0.0015185555, 1, -1;
 49.200001, 450.00003, 37.200001, 290.01523, 0.0015139235, 1, -1;
 190.8, 129.60001, 37.200001, 274.25403, 0.0015025636, 1, -1;
 112.8, 446.40002, 37.200001, 200.60516, 0.0014849763, 1, -1;
 99.600006, 447.60001, 37.200001, 266.79187, 0.00147799, 1, -1;
 124.8, 127.2, 37.200001, 207.69272, 0.0014137739, 1, -1;
 247.20001, 129.60001, 37.200001, 214.22522, 0.0014078449, 1, -1;
 49.200001, 433.20001, 37.200001, 218.15955, 0.001361882, 1, -1;
 158.40001, 129.60001, 37.200001, 244.13171, 0.0013441468, 1, -1;
 418.80002, 145.20001, 37.200001, 62.107162, 0.0013388256, 1, -1;
 380.40002, 134.40001, 37.200001, 279.65466, 0.0013367361, 1, -1;
 194.40001, 134.40001, 37.200001, 263.36203, 0.0013281949, 1, -1;
 618, 56.400002, 37.200001, 74.133163, 0.0013280672, 1, -1;
 220.8, 268.80002, 37.200001, 303.01205, 0.0013259161, 1, -1;
 250.8, 133.20001, 37.200001, 236.98149, 0.0013209352, 1, -1;
 537.60004, 39.600002, 37.200001, 265.16583, 0.0013091507, 1, -1;
 57.600002, 433.20001, 37.200001, 211.85117, 0.0013030205, 1, -1;
 247.20001, 141.60001, 37.200001, 177.98621, 0.0013025593, 1, -1;
 138.24001, 152.64, 44.640003, 69.834251, 0.0025042379, 2, -1;
 92.160004, 152.64, 44.640003, 95.435471, 0.0029528909, 2, -1;
 781.92004, 432.00003, 44.640003, 278.75806, 0.0021858383, 2, -1;
 93.600006, 141.12001, 44.640003, 104.76351, 0.0027277661, 2, -1;
 800.64001, 432.00003, 44.640003, 276.12274, 0.0017651255, 2, -1;
 858.24005, 421.92001, 44.640003, 305.33484, 0.0019560356, 2, -1;
 145.44, 129.60001, 44.640003, 27.6513, 0.0017592261, 2, -1;
 211.68001, 126.72, 44.640003, 34.535698, 0.0021734072, 2, -1;
 803.52002, 421.92001, 44.640003, 293.02008, 0.0039483164, 2, -1;
 109.44, 375.84003, 44.640003, 130.26868, 0.0018819253, 2, -1;
 836.64001, 426.24002, 44.640003, 289.45239, 0.0018582974, 2, -1;
 377.28003, 131.04001, 44.640003, 305.57108, 0.0024340113, 2, -1;
 152.64, 129.60001, 44.640003, 31.191286, 0.0021492341, 2, -1;
 115.2, 148.32001, 44.640003, 98.698174, 0.0021397502, 2, -1;
 87.840004, 141.12001, 44.640003, 160.61281, 0.0020478535, 2, -1;
 99.360001, 129.60001, 44.640003, 241.08444, 0.0021906458, 2, -1;
 133.92, 136.8, 44.640003, 353.2298, 0.001764794, 2, -1;
 112.32001, 434.88, 44.640003, 203.9621, 0.0019949034, 2, -1;
 839.52002, 420.48001, 44.640003, 318.56052, 0.0017392101, 2, -1;
 97.920006, 136.8, 44.640003, 255.59644, 0.0017659733, 2, -1;
 133.92, 142.56001, 44.640003, 56.207935, 0.0023311211, 2, -1;
 87.840004, 132.48001, 44.640003, 231.71394, 0.0023383149, 2, -1;
 830.88, 421.92001, 44.640003, 283.39526, 0.0031152423, 2, -1;
 106.56001, 375.84003, 44.640003, 82.804283, 0.0024386656, 2, -1;
 836.64001, 432.00003, 44.640003, 270.33093, 0.0021498194, 2, -1;
 849.60004, 420.48001, 44.640003, 323.319, 0.0020885917, 2, -1;
 404.64001, 149.76001, 44.640003, 91.777519, 0.0023050224, 2, -1;
 132.48001, 148.32001, 44.640003, 62.79113, 0.0020380735, 2, -1;
 133.92, 131.04001, 44.640003, 314.90125, 0.0020350688, 2, -1;
 813.60004, 420.48001, 44.640003, 237.68056, 0.0021098359, 2, -1;
 421.92001, 131.04001, 44.640003, 305.0462, 0.0026468402, 2, -1;
 203.04001, 152.64, 44.640003, 56.534962, 0.0017413782, 2, -1;
 781.92004, 427.68002, 44.640003, 275.92371, 0.0024331685, 2, -1;
 794.88, 421.92001, 44.640003, 321.58936, 0.0037494837, 2, -1;
 90.720001, 135.36, 44.640003, 242.10786, 0.003832608, 2, -1;
 849.60004, 436.32001, 44.640003, 308.53677, 0.001686602, 2, -1;
 123.84, 449.28003, 44.640003, 165.83995, 0.0013817168, 2, -1;
 79.200005, 449.28003, 44.640003, 350.50845, 0.0013114911, 2, -1;
 99.360001, 444.96002, 44.640003, 244.29288, 0.0012163912, 2, -1;
 77.760002, 152.64, 44.640003, 143.51613, 0.0012999603, 2, -1;
 112.32001, 375.84003, 44.640003, 151.19931, 0.001203513, 2, -1;
 408.96002, 131.04001, 44.640003, 259.83389, 0.001398257, 2, -1;
 113.76, 449.28003, 44.640003, 194.32492, 0.0013044962, 2, -1;
 853.92004, 434.88, 44.640003, 309.2092, 0.0016826661, 2, -1;
 99.360001, 436.32001, 44.640003, 305.93768, 0.0014602863, 2, -1;
 381.60001, 135.36, 44.640003, 280.41519, 0.0012553365, 2, -1;
 167.04001, 148.32001, 44.640003, 106.08275, 0.0012926774, 2, -1;
 120.96001, 133.92, 44.640003, 269.6835, 0.0012809987, 2, -1;
 830.88, 397.44, 44.640003, 329.21829, 0.0012723162, 2, -1;
 308.16, 144, 44.640003, 99.223381, 0.0012927568, 2, -1;
 355.68002, 148.32001, 44.640003, 96.021263, 0.0014512326, 2, -1;
 427.68002, 125.28001, 44.640003, 337.43964, 0.001546088, 2, -1;
 70.560005, 449.28003, 44.640003, 168.22878, 0.0013309603, 2, -1;
 609.12, 54.720001, 44.640003, 82.02623, 0.0014964015, 2, -1;
 103.68001, 375.84003, 44.640003, 37.929173, 0.0016643609, 2, -1;
 158.40001, 446.40002, 44.640003, 92.609886, 0.0015653723, 2, -1;
 100.8, 440.64001, 44.640003, 243.50624, 0.0012679731, 2, -1;
 312.48001, 132.48001, 44.640003, 250.56802, 0.0013735644, 2, -1;
 70.560005, 446.40002, 44.640003, 179.51009, 0.0014375151, 2, -1;
 247.68001, 142.56001, 44.640003, 134.06427, 0.001272462, 2, -1;
 197.28001, 148.32001, 44.640003, 72.002342, 0.0016188922, 2, -1;
 203.04001, 142.56001, 44.640003, 40.496384, 0.0014598289, 2, -1;
 408.96002, 151.20001, 44.640003, 95.70256, 0.0013417304, 2, -1;
 779.04004, 420.48001, 44.640003, 239.9299, 0.0012593662, 2, -1;
 417.60001, 144, 44.640003, 50.00528, 0.0011784376, 2, -1;
 158.40001, 129.60001, 44.640003, 151.724, 0.0011730468, 2, -1;
 247.68001, 129.60001, 44.640003, 190.70525, 0.0011662672, 2, -1;
 92.160004, 433.44, 44.640003, 3.5433042, 0.0011640937, 2, -1;
 194.40001, 133.92, 44.640003, 318.08548, 0.0011466687, 2, -1;
 172.8, 152.64, 44.640003, 96.415184, 0.001134442, 2, -1;
 345.60001, 152.64, 44.640003, 95.561066, 0.0011022724, 2, -1;
 191.52, 129.60001, 44.640003, 57.905014, 0.0010969215, 2, -1;
 53.280003, 309.60001, 44.640003, 274.40387, 0.0010949707, 2, -1;
 92.160004, 449.28003, 44.640003, 314.55402, 0.0010678914, 2, -1;
 103.68001, 408.96002, 44.640003, 320.02939, 0.0010584524, 2, -1;
 426.81604, 126.14401, 53.568005, 346.47485, 0.0018254119, 3, -1;
 819.07208, 423.36005, 53.568005, 247.6346, 0.0020655692, 3, -1;
 855.36011, 425.08804, 53.568005, 311.74109, 0.002166525, 3, -1;
 88.128006, 141.69601, 53.568005, 164.86157, 0.0016174408, 3, -1;
 157.24802, 131.32802, 53.568005, 109.53626, 0.0014267529, 3, -1;
 91.584007, 152.06401, 53.568005, 108.07207, 0.0022869997, 3, -1;
 98.49601, 138.24002, 53.568005, 212.41864, 0.0015128748, 3, -1;
 165.88802, 148.60802, 53.568005, 107.76295, 0.0015223715, 3, -1;
 404.35205, 145.15201, 53.568005, 115.17561, 0.0014227215, 3, -1;
 364.60803, 126.14401, 53.568005, 77.51004, 0.0014937205, 3, -1;
 330.04803, 127.87201, 53.568005, 28.144508, 0.0014720194, 3, -1;
 107.13601, 376.70404, 53.568005, 106.16606, 0.0032660645, 3, -1;
 196.99202, 148.60802, 53.568005, 61.225891, 0.0017492472, 3, -1;
 93.312012, 433.72803, 53.568005, 328.31451, 0.0014972195, 3, -1;
 148.60802, 124.41602, 53.568005, 80.562012, 0.0013213279, 3, -1;
 850.17609, 419.90405, 53.568005, 325.06607, 0.0017258121, 3, -1;
 312.76804, 126.14401, 53.568005, 90.090179, 0.0013127463, 3, -1;
 134.78401, 131.32802, 53.568005, 37.326775, 0.0015175163, 3, -1;
 376.70404, 131.32802, 53.568005, 247.72829, 0.0016978002, 3, -1;
 794.88007, 421.63205, 53.568005, 305.59656, 0.0028004914, 3, -1;
 774.14404, 421.63205, 53.568005, 236.0423, 0.0014155442, 3, -1;
 103.68001, 376.70404, 53.568005, 60.819744, 0.0020377431, 3, -1;
 112.32001, 376.70404, 53.568005, 143.20761, 0.0013458231, 3, -1;
 114.04801, 148.60802, 53.568005, 80.0867, 0.0025411022, 3, -1;
 838.08008, 432.00003, 53.568005, 291.099, 0.0020877002, 3, -1;
 805.24805, 421.63205, 53.568005, 289.06836, 0.0030147142, 3, -1;
 98.49601, 127.87201, 53.568005, 209.83649, 0.0014890585, 3, -1;
 369.79202, 148.60802, 53.568005, 87.845695, 0.001469259, 3, -1;
 202.17603, 152.06401, 53.568005, 61.256607, 0.0015876464, 3, -1;
 844.99207, 421.63205, 53.568005, 322.439, 0.0028097252, 3, -1;
 138.24002, 150.33601, 53.568005, 76.752327, 0.0025883222, 3, -1;
 421.63205, 129.60001, 53.568005, 331.7782, 0.0015403054, 3, -1;
 153.79201, 127.87201, 53.568005, 112.20124, 0.0014408469, 3, -1;
 425.08804, 145.15201, 53.568005, 30.938677, 0.0021243845, 3, -1;
 138.24002, 138.24002, 53.568005, 35.335258, 0.0018171285, 3, -1;
 858.8161, 421.63205, 53.568005, 310.62894, 0.0013325026, 3, -1;
 781.05609, 430.27203, 53.568005, 258.08667, 0.0025142943, 3, -1;
 88.128006, 131.32802, 53.568005, 221.90573, 0.0020739306, 3, -1;
 89.85601, 136.51201, 53.568005, 215.34167, 0.0025166811, 3, -1;
 838.08008, 426.81604, 53.568005, 297.08047, 0.0020951522, 3, -1;
 145.15201, 127.87201, 53.568005, 68.293404, 0.0012982176, 3, -1;
 800.06409, 430.27203, 53.568005, 288.00574, 0.0011574607, 3, -1;
 831.16809, 395.71204, 53.568005, 342.86221, 0.0011076368, 3, -1;
 853.63208, 433.72803, 53.568005, 306.65256, 0.0011501652, 3, -1;
 63.936005, 407.80804, 53.568005, 249.2139, 0.0010646521, 3, -1;
 57.024006, 444.09604, 53.568005, 218.41449, 0.0011918031, 3, -1;
 112.32001, 433.72803, 53.568005, 223.80833, 0.0010097179, 3, -1;
 133.05602, 136.51201, 53.568005, 60.267426, 0.0011372506, 3, -1;
 133.05602, 141.69601, 53.568005, 71.068756, 0.0012474989, 3, -1;
 100.22401, 444.09604, 53.568005, 264.64276, 0.0010118486, 3, -1;
 198.72002, 141.69601, 53.568005, 36.813972, 0.0010903712, 3, -1;
 203.90402, 141.69601, 53.568005, 23.967514, 0.0011888928, 3, -1;
 609.98407, 55.296005, 53.568005, 70.389297, 0.0010070368, 3, -1;
 172.80002, 152.06401, 53.568005, 96.613632, 0.0010020885, 3, -1;
 195.26402, 133.05602, 53.568005, 25.870747, 0.0012860899, 3, -1;
 120.96001, 133.05602, 53.568005, 277.54782, 0.0011519309, 3, -1;
 55.296005, 432.00003, 53.568005, 251.30435, 0.0010060122, 3, -1;
 53.568005, 307.58401, 53.568005, 250.6563, 0.0010344796, 3, -1;
 169.34401, 131.32802, 53.568005, 99.742363, 0.0010746852, 3, -1;
 210.81602, 124.41602, 53.568005, 59.954269, 0.0010236418, 3, -1;
 191.80801, 129.60001, 53.568005, 28.986094, 0.0010822447, 3, -1;
 309.31204, 143.42401, 53.568005, 101.15838, 0.0011156161, 3, -1;
 762.0481, 421.63205, 53.568005, 258.55109, 0.00099989527, 3, -1;
 91.238411, 151.37282, 64.281609, 126.63522, 0.0015688943, 4, -1;
 93.312012, 433.38245, 64.281609, 288.83331, 0.00096850644, 4, -1;
 771.37933, 433.38245, 64.281609, 261.80704, 0.0010523043, 4, -1;
 149.29922, 124.41602, 64.281609, 95.930008, 0.00097731315, 4, -1;
 850.17615, 420.94086, 64.281609, 318.19659, 0.0012855316, 4, -1;
 201.13922, 151.37282, 64.281609, 50.937515, 0.0010807943, 4, -1;
 97.459213, 126.48962, 64.281609, 182.78336, 0.0011728482, 4, -1;
 120.26881, 126.48962, 64.281609, 91.324104, 0.0012733828, 4, -1;
 89.16481, 134.78401, 64.281609, 183.20981, 0.0019249506, 4, -1;
 194.91843, 126.48962, 64.281609, 47.985146, 0.0011553566, 4, -1;
 773.45288, 420.94086, 64.281609, 253.71892, 0.0011237783, 4, -1;
 794.1889, 423.01447, 64.281609, 281.30792, 0.0015378327, 4, -1;
 87.091209, 141.00482, 64.281609, 178.1833, 0.0010613523, 4, -1;
 111.97442, 147.22562, 64.281609, 79.379074, 0.0017402425, 4, -1;
 136.85762, 151.37282, 64.281609, 76.846588, 0.0014220829, 4, -1;
 814.92493, 420.94086, 64.281609, 268.61264, 0.0013863797, 4, -1;
 134.78401, 141.00482, 64.281609, 65.771759, 0.0010387405, 4, -1;
 429.23526, 145.15202, 64.281609, 24.700489, 0.0010135535, 4, -1;
 153.44643, 128.56322, 64.281609, 98.128784, 0.0014507342, 4, -1;
 427.16165, 151.37282, 64.281609, 46.746635, 0.0011852388, 4, -1;
 843.95532, 420.94086, 64.281609, 316.02042, 0.0022958263, 4, -1;
 194.91843, 147.22562, 64.281609, 47.539085, 0.0011356579, 4, -1;
 105.75362, 375.32166, 64.281609, 109.49681, 0.0025044733, 4, -1;
 163.81442, 147.22562, 64.281609, 81.862274, 0.0010423048, 4, -1;
 427.16165, 126.48962, 64.281609, 3.9720347, 0.0011469198, 4, -1;
 423.01447, 145.15202, 64.281609, 29.761477, 0.0020306716, 4, -1;
 858.47052, 431.30887, 64.281609, 308.00113, 0.0011171765, 4, -1;
 837.7345, 429.23526, 64.281609, 297.91006, 0.0018960746, 4, -1;
 781.74731, 429.23526, 64.281609, 266.09521, 0.0019307503, 4, -1;
 89.16481, 130.63683, 64.281609, 183.38487, 0.0013364678, 4, -1;
 804.55688, 425.08807, 64.281609, 278.29736, 0.0025929979, 4, -1;
 404.35205, 145.15202, 64.281609, 88.947548, 0.00095944497, 4, -1;
 308.96643, 143.07841, 64.281609, 98.955109, 0.00094947574, 4, -1;
 377.39526, 132.71042, 64.281609, 82.887001, 0.00092950143, 4, -1;
 157.59363, 130.63683, 64.281609, 89.836662, 0.00091541925, 4, -1;
 192.84483, 130.63683, 64.281609, 48.674858, 0.00087262935, 4, -1;
 329.70245, 128.56322, 64.281609, 84.968384, 0.00086521171, 4, -1;
 311.04004, 126.48962, 64.281609, 87.608414, 0.00086484739, 4, -1;
 132.71042, 136.85762, 64.281609, 61.556465, 0.00084125006, 4, -1;
 199.06563, 141.00482, 64.281609, 32.244469, 0.0008365353, 4, -1;
 829.44012, 393.98407, 64.281609, 345.14398, 0.00081721693, 4, -1;
 420.94086, 128.56322, 64.281609, 1.1709569, 0.00080452015, 4, -1;
 337.99686, 147.22562, 64.281609, 95.888847, 0.00080232089, 4, -1;
 134.78401, 130.63683, 64.281609, 55.944046, 0.00078108662, 4, -1;
 800.40973, 429.23526, 64.281609, 279.53156, 0.00075566291, 4, -1;
 858.47052, 420.94086, 64.281609, 314.42999, 0.00075048115, 4, -1;
 673.9201, 82.944016, 64.281609, 169.05859, 0.00070825691, 4, -1;
 103.68002, 408.49927, 64.281609, 256.70074, 0.00070281903, 4, -1;
 211.50723, 126.48962, 64.281609, 60.354141, 0.00069370575, 4, -1;
 172.10883, 151.37282, 64.281609, 105.9912, 0.00067844178, 4, -1;
 852.24969, 433.38245, 64.281609, 309.24417, 0.00063577376, 4, -1;
 761.01129, 423.01447, 64.281609, 264.06354, 0.00062704936, 4, -1;
 330.94662, 129.39267, 77.137939, 93.790375, 0.00048568018, 5, -1;
 194.089, 129.39267, 77.137939, 57.620541, 0.00082582521, 5, -1;
 201.55397, 151.78755, 77.137939, 43.380436, 0.00052518555, 5, -1;
 308.55176, 141.83427, 77.137939, 94.689041, 0.0005490621, 5, -1;
 134.36931, 141.83427, 77.137939, 82.571899, 0.00090436195, 5, -1;
 831.09906, 393.15466, 77.137939, 336.54089, 0.00056977774, 5, -1;
 403.10794, 146.81091, 77.137939, 80.361664, 0.00095874065, 5, -1;
 199.06564, 141.83427, 77.137939, 51.75209, 0.00090110843, 5, -1;
 773.86768, 420.52618, 77.137939, 271.24417, 0.00084888568, 5, -1;
 311.04007, 126.90435, 77.137939, 95.027611, 0.00056054385, 5, -1;
 104.50947, 408.08456, 77.137939, 234.3177, 0.00078336213, 5, -1;
 184.13573, 283.66855, 77.137939, 229.38953, 0.0004935129, 5, -1;
 156.76419, 131.881, 77.137939, 88.612991, 0.00053756958, 5, -1;
 674.3349, 82.114578, 77.137939, 182.09624, 0.00051087397, 5, -1;
 92.067863, 151.78755, 77.137939, 169.33246, 0.00069832645, 5, -1;
 846.02899, 420.52618, 77.137939, 310.69699, 0.0016735984, 5, -1;
 136.85764, 151.78755, 77.137939, 78.736305, 0.00074784603, 5, -1;
 427.99115, 129.39267, 77.137939, 23.057676, 0.00081585842, 5, -1;
 102.02114, 131.881, 77.137939, 143.20039, 0.00081192452, 5, -1;
 119.43939, 126.90435, 77.137939, 90.224663, 0.00067956693, 5, -1;
 89.579544, 129.39267, 77.137939, 159.81671, 0.00061252981, 5, -1;
 106.99779, 378.22473, 77.137939, 131.01073, 0.0033020184, 5, -1;
 427.99115, 151.78755, 77.137939, 42.799179, 0.0006804553, 5, -1;
 111.97443, 408.08456, 77.137939, 226.02841, 0.00049065473, 5, -1;
 87.091217, 141.83427, 77.137939, 162.21646, 0.00097302115, 5, -1;
 87.091217, 136.85764, 77.137939, 163.95059, 0.00094308093, 5, -1;
 102.02114, 124.41603, 77.137939, 147.6209, 0.0005927906, 5, -1;
 97.044502, 126.90435, 77.137939, 149.45296, 0.00082142715, 5, -1;
 355.82983, 144.3226, 77.137939, 89.671814, 0.00048668621, 5, -1;
 363.2948, 126.90435, 77.137939, 92.465675, 0.00061292731, 5, -1;
 423.0145, 151.78755, 77.137939, 48.951435, 0.00095062493, 5, -1;
 788.79761, 420.52618, 77.137939, 266.64343, 0.00089284632, 5, -1;
 427.99115, 146.81091, 77.137939, 31.344067, 0.0011797118, 5, -1;
 783.82098, 383.20139, 77.137939, 201.76381, 0.00046648562, 5, -1;
 410.57291, 131.881, 77.137939, 41.692692, 0.00046620663, 5, -1;
 94.556183, 368.27145, 77.137939, 125.20332, 0.00045824749, 5, -1;
 776.35602, 383.20139, 77.137939, 254.09799, 0.00045013233, 5, -1;
 669.35822, 84.602898, 77.137939, 181.59897, 0.00044954999, 5, -1;
 146.81091, 296.11014, 77.137939, 243.25914, 0.0004407971, 5, -1;
 149.29924, 124.41603, 77.137939, 84.670792, 0.00044020853, 5, -1;
 343.38824, 141.83427, 77.137939, 88.530403, 0.00043957392, 5, -1;
 211.50725, 126.90435, 77.137939, 65.997345, 0.00043506458, 5, -1;
 413.06122, 141.83427, 77.137939, 47.31102, 0.00041999432, 5, -1;
 126.90435, 213.99557, 77.137939, 4.86973, 0.00040212789, 5, -1;
 122.42538, 373.24811, 92.565529, 165.30342, 0.00072079193, 6, -1;
 426.99582, 146.31326, 92.565529, 45.728325, 0.00069506193, 6, -1;
 310.54242, 125.41136, 92.565529, 96.847603, 0.00039593392, 6, -1;
 426.99582, 125.41136, 92.565529, 34.63797, 0.00026029759, 6, -1;
 830.10376, 391.164, 92.565529, 326.1496, 0.00035388945, 6, -1;
 107.49545, 361.30417, 92.565529, 146.48882, 0.00027025139, 6, -1;
 101.52348, 128.39734, 92.565529, 130.94424, 0.00051830313, 6, -1;
 134.36932, 128.39734, 92.565529, 88.947639, 0.0002699485, 6, -1;
 209.01894, 128.39734, 92.565529, 74.53125, 0.00029393804, 6, -1;
 776.35608, 382.20605, 92.565529, 286.41772, 0.00051138492, 6, -1;
 185.13106, 283.66855, 92.565529, 242.41397, 0.00041042303, 6, -1;
 155.27121, 131.38333, 92.565529, 87.231712, 0.00040550894, 6, -1;
 364.29016, 128.39734, 92.565529, 91.392776, 0.00035744632, 6, -1;
 107.49545, 376.23407, 92.565529, 154.35426, 0.0021530143, 6, -1;
 143.32727, 140.34128, 92.565529, 82.985512, 0.00041753479, 6, -1;
 391.164, 140.34128, 92.565529, 83.732178, 0.00041662875, 6, -1;
 289.64053, 149.29924, 92.565529, 102.10599, 0.00035886365, 6, -1;
 119.43939, 149.29924, 92.565529, 60.308281, 0.00046306202, 6, -1;
 137.3553, 149.29924, 92.565529, 71.297577, 0.00035024952, 6, -1;
 480.74356, 182.14508, 92.565529, 198.27782, 0.0003100129, 6, -1;
 361.30417, 149.29924, 92.565529, 91.632179, 0.00059887185, 6, -1;
 95.551514, 367.27612, 92.565529, 137.21915, 0.00092177989, 6, -1;
 191.10303, 274.7106, 92.565529, 252.09492, 0.00036145572, 6, -1;
 426.99582, 250.82272, 92.565529, 186.75365, 0.00034470623, 6, -1;
 119.43939, 125.41136, 92.565529, 90.674934, 0.00031274755, 6, -1;
 149.29924, 125.41136, 92.565529, 88.158348, 0.00036255855, 6, -1;
 119.43939, 367.27612, 92.565529, 161.39148, 0.00081718632, 6, -1;
 194.08902, 125.41136, 92.565529, 67.436615, 0.00040885646, 6, -1;
 170.20114, 292.62653, 92.565529, 234.78581, 0.0002573611, 6, -1;
 776.35608, 316.5144, 92.565529, 334.03479, 0.00025445665, 6, -1;
 241.86478, 286.65454, 92.565529, 355.19241, 0.0002502815, 6, -1;
 486.71552, 247.83673, 92.565529, 235.42368, 0.00024486211, 6, -1;
 328.45831, 128.39734, 92.565529, 88.70726, 0.00024418047, 6, -1;
 800.2439, 316.5144, 92.565529, 288.24103, 0.00024120879, 6, -1;
 203.04697, 149.29924, 92.565529, 64.56115, 0.00023301359, 6, -1;
 447.89771, 316.5144, 92.565529, 190.91565, 0.0002280465, 6, -1;
 824.13184, 315.32001, 111.07864, 308.16864, 0.00022175674, 7, -1;
 121.82819, 376.2341, 111.07864, 179.23892, 0.0010357994, 7, -1;
 171.99274, 297.40408, 111.07864, 235.84036, 0.00023841018, 7, -1;
 397.73318, 136.1609, 111.07864, 67.775101, 0.00028020676, 7, -1;
 118.245, 150.49364, 111.07864, 77.177185, 0.00019597748, 7, -1;
 476.5632, 186.32545, 111.07864, 203.98187, 0.00025938515, 7, -1;
 150.49364, 132.57773, 111.07864, 87.664001, 0.00022900462, 7, -1;
 426.39865, 150.49364, 111.07864, 56.742573, 0.00025241458, 7, -1;
 118.245, 369.06772, 111.07864, 159.41615, 0.0011660322, 7, -1;
 799.04956, 351.15182, 111.07864, 285.95178, 0.00021893356, 7, -1;
 788.29999, 372.65091, 111.07864, 299.80878, 0.00023147266, 7, -1;
 193.49182, 125.41136, 111.07864, 77.088524, 0.00035657093, 7, -1;
 150.49364, 297.40408, 111.07864, 246.2041, 0.00034904212, 7, -1;
 390.56683, 150.49364, 111.07864, 78.354752, 0.00022270904, 7, -1;
 322.48636, 150.49364, 111.07864, 90.390152, 0.00021439577, 7, -1;
 189.90865, 275.905, 111.07864, 264.83942, 0.00021251381, 7, -1;
 207.82455, 128.99455, 111.07864, 79.450775, 0.00022203197, 7, -1;
 834.88135, 315.32001, 111.07864, 310.58621, 0.00020598108, 7, -1;
 777.55048, 383.40045, 111.07864, 296.9754, 0.00029905184, 7, -1;
 111.07864, 365.48456, 111.07864, 147.05554, 0.0013830386, 7, -1;
 777.55048, 318.9032, 111.07864, 335.79111, 0.00021917601, 7, -1;
 240.07318, 286.65454, 111.07864, 347.88708, 0.00025057737, 7, -1;
 182.74228, 283.07138, 111.07864, 257.78232, 0.00044002378, 7, -1;
 361.90137, 150.49364, 111.07864, 89.974083, 0.0003837065, 7, -1;
 132.57773, 311.73682, 111.07864, 266.4566, 0.00019859332, 7, -1;
 799.04956, 318.9032, 111.07864, 304.31689, 0.00025668673, 7, -1;
 361.90137, 128.99455, 111.07864, 88.980629, 0.0001872281, 7, -1;
 505.22864, 365.48456, 111.07864, 245.54648, 0.00018632344, 7, -1;
 136.1609, 128.99455, 111.07864, 88.026772, 0.00018367205, 7, -1;
 136.1609, 150.49364, 111.07864, 61.782703, 0.00017703671, 7, -1;
 451.48093, 318.9032, 111.07864, 200.13057, 0.00016641623, 7, -1]