[288, 73, 31, 11.572971, 0.0065019722, 0, -1;
 140, 77, 31, 138.78204, 0.0070592863, 0, -1;
 312, 70, 31, 271.47345, 0.0078991083, 0, -1;
 288, 81, 31, 47.850384, 0.0059736394, 0, -1;
 285, 57, 31, 240.41133, 0.0072273365, 0, -1;
 52, 65, 31, 323.49329, 0.0059797489, 0, -1;
 169, 369, 31, 281.96329, 0.0068626362, 0, -1;
 353, 84, 31, 82.623642, 0.0070495871, 0, -1;
 365, 317, 31, 306.61758, 0.0060193893, 0, -1;
 182, 77, 31, 122.96384, 0.008492196, 0, -1;
 160, 77, 31, 7.5312963, 0.0064723375, 0, -1;
 67, 394, 31, 58.717361, 0.0062885238, 0, -1;
 345, 78, 31, 227.20807, 0.0069772899, 0, -1;
 272, 78, 31, 209.17125, 0.0076939836, 0, -1;
 361, 84, 31, 61.602783, 0.0074364198, 0, -1;
 49, 337, 31, 185.5329, 0.0077566025, 0, -1;
 175, 438, 31, 232.95996, 0.0063003125, 0, -1;
 129, 70, 31, 257.27838, 0.008936489, 0, -1;
 358, 93, 31, 68.769531, 0.0061350027, 0, -1;
 43, 451, 31, 131.29019, 0.0075555407, 0, -1;
 113, 68, 31, 277.69543, 0.0062297811, 0, -1;
 908, 135, 31, 44.280663, 0.0059832912, 0, -1;
 108, 62, 31, 279.07074, 0.0061210939, 0, -1;
 76, 85, 31, 91.934006, 0.0075531635, 0, -1;
 98, 81, 31, 99.390312, 0.0061055846, 0, -1;
 364, 77, 31, 271.16431, 0.0064038984, 0, -1;
 908, 61, 31, 22.451363, 0.0067838868, 0, -1;
 184, 62, 31, 272.60446, 0.0086190691, 0, -1;
 183, 65, 31, 261.95367, 0.0075163608, 0, -1;
 68, 396, 31, 39.708752, 0.0089539308, 0, -1;
 147, 68, 31, 253.31683, 0.0068922392, 0, -1;
 175, 341, 31, 127.99258, 0.0079499269, 0, -1;
 311, 67, 31, 290.51788, 0.0083099408, 0, -1;
 207, 68, 31, 274.01917, 0.0058022286, 0, -1;
 323, 77, 31, 242.80978, 0.0062448257, 0, -1;
 309, 66, 31, 287.46265, 0.0062689311, 0, -1;
 313, 59, 31, 319.49078, 0.0087069571, 0, -1;
 217, 68, 31, 285.44226, 0.0063714976, 0, -1;
 243, 70, 31, 332.13806, 0.0099566458, 0, -1;
 248, 81, 31, 45.29554, 0.006232392, 0, -1;
 328, 69, 31, 265.32672, 0.0067469501, 0, -1;
 143, 74, 31, 233.10606, 0.0072808755, 0, -1;
 246, 75, 31, 7.6327105, 0.011769094, 0, -1;
 180, 359, 31, 187.37624, 0.0062890258, 0, -1;
 174, 81, 31, 124.9492, 0.0068486212, 0, -1;
 174, 346, 31, 123.27396, 0.0067286948, 0, -1;
 181, 61, 31, 244.06763, 0.006248069, 0, -1;
 188, 67, 31, 298.44562, 0.007272623, 0, -1;
 272, 82, 31, 133.65155, 0.0065825763, 0, -1;
 169, 344, 31, 138.01401, 0.006730631, 0, -1;
 292, 58, 31, 275.05756, 0.0099293301, 0, -1;
 55, 69, 31, 344.15311, 0.0067078271, 0, -1;
 290, 65, 31, 293.72293, 0.0072298008, 0, -1;
 331, 298, 31, 259.42697, 0.0074368813, 0, -1;
 167, 353, 31, 66.794647, 0.0072171176, 0, -1;
 163, 81, 31, 67.216446, 0.0077522732, 0, -1;
 287, 66, 31, 270.91495, 0.0065420396, 0, -1;
 110, 65, 31, 279.16693, 0.0063612824, 0, -1;
 181, 338, 31, 327.59171, 0.0079535954, 0, -1;
 290, 62, 31, 274.47681, 0.010578705, 0, -1;
 242, 65, 31, 303.95544, 0.0085217683, 0, -1;
 250, 79, 31, 25.191786, 0.010417034, 0, -1;
 224, 69, 31, 225.79619, 0.0066939825, 0, -1;
 167, 348, 31, 102.90685, 0.0058757439, 0, -1;
 55, 341, 31, 101.16414, 0.010679994, 0, -1;
 288, 68, 31, 321.8584, 0.0057841591, 0, -1;
 185, 74, 31, 133.04411, 0.0050673885, 0, -1;
 326, 84, 31, 91.265968, 0.00464935, 0, -1;
 205, 74, 31, 265.65546, 0.0051087863, 0, -1;
 922, 130, 31, 123.84262, 0.0049063968, 0, -1;
 355, 84, 31, 84.806618, 0.0049331202, 0, -1;
 220, 73, 31, 293.73215, 0.0053737573, 0, -1;
 77, 76, 31, 245.43956, 0.0054711718, 0, -1;
 59, 66, 31, 351.29651, 0.0053897528, 0, -1;
 284, 315, 31, 210.70436, 0.0053280611, 0, -1;
 86, 343, 31, 66.041107, 0.0052312906, 0, -1;
 312, 87, 31, 128.16269, 0.0047861282, 0, -1;
 74, 77, 31, 256.27167, 0.0045977337, 0, -1;
 138, 368, 31, 268.25958, 0.0050730812, 0, -1;
 281, 77, 31, 349.35422, 0.0052054464, 0, -1;
 442, 317, 31, 77.951622, 0.0056246505, 0, -1;
 380, 68, 31, 311.96976, 0.0045063547, 0, -1;
 143, 343, 31, 105.13137, 0.004732152, 0, -1;
 91, 69, 31, 256.15738, 0.0056021116, 0, -1;
 326, 75, 31, 253.41812, 0.0055741887, 0, -1;
 378, 65, 31, 304.86584, 0.0046330774, 0, -1;
 201, 76, 31, 351.21564, 0.0055390825, 0, -1;
 338, 78, 31, 268.19476, 0.0050009345, 0, -1;
 64, 348, 31, 114.19216, 0.0054242923, 0, -1;
 122, 81, 31, 95.185799, 0.0054296935, 0, -1;
 313, 62, 31, 318.37921, 0.0045149275, 0, -1;
 158, 337, 31, 248.13379, 0.0045453832, 0, -1;
 263, 81, 31, 172.82263, 0.0048068399, 0, -1;
 968, 54, 31, 321.77936, 0.0056819264, 0, -1;
 237, 81, 31, 91.136971, 0.0055337204, 0, -1;
 169, 430, 31, 275.7135, 0.0048565883, 0, -1;
 273, 305, 31, 338.77094, 0.0056180279, 0, -1;
 291, 73, 31, 27.826517, 0.0051242597, 0, -1;
 293, 317, 31, 207.81129, 0.0051635825, 0, -1;
 222, 73, 31, 259.15381, 0.005097142, 0, -1;
 62, 408, 31, 20.645321, 0.0047073644, 0, -1;
 151, 77, 31, 42.252701, 0.0051360419, 0, -1;
 62, 430, 31, 250.02249, 0.0055616321, 0, -1;
 55, 65, 31, 350.86755, 0.0054439306, 0, -1;
 330, 70, 31, 268.80475, 0.0044520432, 0, -1;
 330, 295, 31, 252.74973, 0.0044510541, 0, -1;
 151, 65, 31, 266.03345, 0.0044465018, 0, -1;
 103, 77, 31, 70.044571, 0.0044457847, 0, -1;
 330, 315, 31, 337.74463, 0.0044147214, 0, -1;
 308.40002, 64.800003, 37.200001, 276.61661, 0.0071834144, 1, -1;
 181.20001, 76.800003, 37.200001, 127.28751, 0.0068936618, 1, -1;
 292.80002, 60.000004, 37.200001, 249.06735, 0.0097934371, 1, -1;
 285.60001, 57.600002, 37.200001, 245.08948, 0.0080155032, 1, -1;
 74.400002, 72, 37.200001, 262.28784, 0.0063664624, 1, -1;
 146.40001, 68.400002, 37.200001, 255.92938, 0.0065780333, 1, -1;
 361.20001, 84, 37.200001, 64.529846, 0.0071400423, 1, -1;
 67.200005, 396.00003, 37.200001, 39.961422, 0.0069626216, 1, -1;
 108.00001, 62.400002, 37.200001, 274.99677, 0.0073210513, 1, -1;
 237.60001, 80.400002, 37.200001, 86.588531, 0.0061044898, 1, -1;
 310.80002, 67.200005, 37.200001, 266.11353, 0.0074054096, 1, -1;
 325.20001, 75.600006, 37.200001, 253.59189, 0.0071830633, 1, -1;
 292.80002, 62.400002, 37.200001, 245.38734, 0.006595022, 1, -1;
 322.80002, 76.800003, 37.200001, 266.33572, 0.006992945, 1, -1;
 346.80002, 92.400002, 37.200001, 95.525658, 0.0066623338, 1, -1;
 243.60001, 66, 37.200001, 315.58569, 0.0061794831, 1, -1;
 246.00002, 70.800003, 37.200001, 342.06805, 0.0070002247, 1, -1;
 98.400002, 80.400002, 37.200001, 95.747078, 0.0072429879, 1, -1;
 361.20001, 76.800003, 37.200001, 256.74646, 0.0080532022, 1, -1;
 183.60001, 63.600002, 37.200001, 261.01532, 0.010734743, 1, -1;
 111.60001, 67.200005, 37.200001, 278.64938, 0.0061229309, 1, -1;
 272.40002, 79.200005, 37.200001, 167.49242, 0.0094824992, 1, -1;
 177.60001, 58.800003, 37.200001, 238.3174, 0.0085237091, 1, -1;
 249.60001, 78, 37.200001, 24.093376, 0.0081049437, 1, -1;
 290.40002, 72, 37.200001, 54.402744, 0.007554336, 1, -1;
 99.600006, 72, 37.200001, 247.09712, 0.0061585843, 1, -1;
 363.60001, 76.800003, 37.200001, 319.63013, 0.0067254351, 1, -1;
 289.20001, 61.200001, 37.200001, 238.18488, 0.011902688, 1, -1;
 181.20001, 61.200001, 37.200001, 247.46576, 0.012660758, 1, -1;
 286.80002, 80.400002, 37.200001, 54.157013, 0.0068046437, 1, -1;
 246.00002, 75.600006, 37.200001, 13.539739, 0.0086607412, 1, -1;
 246.00002, 68.400002, 37.200001, 330.67371, 0.0072312192, 1, -1;
 288, 74.400002, 37.200001, 61.092918, 0.006212472, 1, -1;
 169.20001, 369.60001, 37.200001, 226.35175, 0.0072915996, 1, -1;
 204.00002, 74.400002, 37.200001, 336.29419, 0.0072963969, 1, -1;
 140.40001, 76.800003, 37.200001, 136.28769, 0.0086718732, 1, -1;
 142.8, 74.400002, 37.200001, 200.8485, 0.0094353063, 1, -1;
 242.40001, 69.600006, 37.200001, 326.44827, 0.0079293223, 1, -1;
 54.000004, 68.400002, 37.200001, 316.5047, 0.0082507012, 1, -1;
 128.40001, 69.600006, 37.200001, 255.65445, 0.0060455371, 1, -1;
 183.60001, 74.400002, 37.200001, 131.48477, 0.010279926, 1, -1;
 325.20001, 87.600006, 37.200001, 99.390846, 0.0064338394, 1, -1;
 151.20001, 76.800003, 37.200001, 50.059444, 0.0060001542, 1, -1;
 337.20001, 76.800003, 37.200001, 282.34442, 0.0045119124, 1, -1;
 344.40002, 78, 37.200001, 253.47278, 0.0046067871, 1, -1;
 212.40001, 76.800003, 37.200001, 47.619778, 0.0045574759, 1, -1;
 345.60001, 85.200005, 37.200001, 91.985329, 0.0040795249, 1, -1;
 288, 67.200005, 37.200001, 250.9949, 0.0054684235, 1, -1;
 280.80002, 76.800003, 37.200001, 37.695549, 0.0044013364, 1, -1;
 345.60001, 88.800003, 37.200001, 92.700577, 0.0059217005, 1, -1;
 222.00002, 73.200005, 37.200001, 228.19547, 0.0050974372, 1, -1;
 210.00002, 76.800003, 37.200001, 64.942039, 0.0040848092, 1, -1;
 181.20001, 70.800003, 37.200001, 199.32689, 0.0051386575, 1, -1;
 159.60001, 76.800003, 37.200001, 40.007217, 0.0040878733, 1, -1;
 235.20001, 56.400002, 37.200001, 262.23743, 0.0039833826, 1, -1;
 327.60001, 69.600006, 37.200001, 272.98541, 0.0052104192, 1, -1;
 162, 80.400002, 37.200001, 73.225098, 0.0050713341, 1, -1;
 74.400002, 76.800003, 37.200001, 237.49698, 0.0055503394, 1, -1;
 138, 368.40002, 37.200001, 282.83585, 0.0045710988, 1, -1;
 51.600002, 361.20001, 37.200001, 175.26694, 0.0044336412, 1, -1;
 352.80002, 84, 37.200001, 88.892052, 0.0049060904, 1, -1;
 306, 75.600006, 37.200001, 135.974, 0.0052991137, 1, -1;
 325.20001, 84, 37.200001, 114.05531, 0.0045270277, 1, -1;
 217.20001, 68.400002, 37.200001, 279.22406, 0.0056957076, 1, -1;
 90, 70.800003, 37.200001, 243.11014, 0.0047244229, 1, -1;
 206.40001, 68.400002, 37.200001, 276.65845, 0.0057767844, 1, -1;
 271.20001, 86.400002, 37.200001, 118.09338, 0.0053919759, 1, -1;
 51.600002, 66, 37.200001, 275.06219, 0.0056337998, 1, -1;
 76.800003, 76.800003, 37.200001, 244.46394, 0.0043537938, 1, -1;
 75.600006, 84, 37.200001, 101.50398, 0.0054076612, 1, -1;
 128.40001, 80.400002, 37.200001, 105.83717, 0.0042353808, 1, -1;
 312, 60.000004, 37.200001, 292.05746, 0.0052445931, 1, -1;
 48, 337.20001, 37.200001, 192.22897, 0.005217223, 1, -1;
 357.60001, 92.400002, 37.200001, 70.628784, 0.0042706253, 1, -1;
 178.8, 360, 37.200001, 174.31139, 0.0041297046, 1, -1;
 331.20001, 298.80002, 37.200001, 258.69403, 0.0054496285, 1, -1;
 188.40001, 67.200005, 37.200001, 291.22824, 0.0048214383, 1, -1;
 76.800003, 87.600006, 37.200001, 88.73822, 0.0058179349, 1, -1;
 217.20001, 81.600006, 37.200001, 82.833069, 0.004081965, 1, -1;
 170.40001, 410.40002, 37.200001, 71.66925, 0.0041227685, 1, -1;
 50.400002, 61.200001, 37.200001, 267.62521, 0.0056123966, 1, -1;
 49.200001, 343.20001, 37.200001, 165.69154, 0.0042395983, 1, -1;
 57.600002, 433.20001, 37.200001, 286.99677, 0.0046506668, 1, -1;
 308.40002, 72, 37.200001, 168.78419, 0.0046817288, 1, -1;
 144, 435.60001, 37.200001, 95.596954, 0.0039457688, 1, -1;
 56.400002, 345.60001, 37.200001, 112.77998, 0.0038961477, 1, -1;
 237.60001, 58.800003, 37.200001, 272.56342, 0.0038439352, 1, -1;
 332.40002, 76.800003, 37.200001, 260.13467, 0.0038406402, 1, -1;
 378, 67.200005, 37.200001, 306.77219, 0.0036892218, 1, -1;
 180, 421.20001, 37.200001, 217.89928, 0.003688829, 1, -1;
 142.56001, 73.440002, 44.640003, 209.22879, 0.0091564357, 2, -1;
 66.240005, 396.00003, 44.640003, 31.830553, 0.0038479674, 2, -1;
 246.24001, 74.880005, 44.640003, 11.105254, 0.0077870288, 2, -1;
 306.72, 74.880005, 44.640003, 127.78334, 0.0078783315, 2, -1;
 288, 74.880005, 44.640003, 73.895576, 0.0047728624, 2, -1;
 289.44, 70.560005, 44.640003, 189.51181, 0.0045826971, 2, -1;
 99.360001, 79.200005, 44.640003, 99.510025, 0.0076121739, 2, -1;
 285.12003, 79.200005, 44.640003, 73.778389, 0.0077240132, 2, -1;
 377.28003, 67.68, 44.640003, 309.04291, 0.003254906, 2, -1;
 361.44, 84.960007, 44.640003, 68.334557, 0.0060796882, 2, -1;
 72, 73.440002, 44.640003, 263.57477, 0.0046422696, 2, -1;
 344.16, 77.760002, 44.640003, 263.93024, 0.0053507555, 2, -1;
 187.20001, 60.480003, 44.640003, 268.42969, 0.0076115034, 2, -1;
 249.12001, 77.760002, 44.640003, 34.384247, 0.0054807351, 2, -1;
 224.64001, 70.560005, 44.640003, 224.83911, 0.0045493194, 2, -1;
 182.88, 61.920002, 44.640003, 253.23914, 0.010937879, 2, -1;
 90.720001, 70.560005, 44.640003, 244.00859, 0.0033545727, 2, -1;
 328.32001, 89.280006, 44.640003, 104.37622, 0.0045535066, 2, -1;
 169.92001, 368.64001, 44.640003, 210.56415, 0.0035970754, 2, -1;
 288, 61.920002, 44.640003, 246.74809, 0.0068639629, 2, -1;
 370.08002, 76.32, 44.640003, 5.990448, 0.0034130092, 2, -1;
 325.44, 84.960007, 44.640003, 112.45983, 0.0064658187, 2, -1;
 345.60001, 84.960007, 44.640003, 90.260239, 0.0056557311, 2, -1;
 303.84003, 61.920002, 44.640003, 292.32773, 0.0055842223, 2, -1;
 76.32, 72, 44.640003, 267.81537, 0.0045699072, 2, -1;
 240.48001, 77.760002, 44.640003, 56.335987, 0.0058031664, 2, -1;
 97.920006, 70.560005, 44.640003, 249.34747, 0.0059658624, 2, -1;
 285.12003, 57.600002, 44.640003, 245.26907, 0.0054654204, 2, -1;
 311.04001, 59.040001, 44.640003, 286.24493, 0.0035664414, 2, -1;
 125.28001, 73.440002, 44.640003, 307.59698, 0.004913053, 2, -1;
 288, 66.240005, 44.640003, 245.12361, 0.003865147, 2, -1;
 146.88, 69.120003, 44.640003, 266.50449, 0.0057501839, 2, -1;
 243.36002, 66.240005, 44.640003, 315.58282, 0.0052565681, 2, -1;
 272.16, 79.200005, 44.640003, 160.091, 0.0080708079, 2, -1;
 128.16, 70.560005, 44.640003, 269.08453, 0.0043992517, 2, -1;
 362.88, 76.32, 44.640003, 310.78369, 0.006506077, 2, -1;
 308.16, 63.360001, 44.640003, 278.34818, 0.0061890949, 2, -1;
 188.64001, 67.68, 44.640003, 266.8028, 0.0034404779, 2, -1;
 207.36002, 69.120003, 44.640003, 300.59195, 0.0053034388, 2, -1;
 110.88, 67.68, 44.640003, 281.37421, 0.0034908741, 2, -1;
 76.32, 83.520004, 44.640003, 99.867615, 0.0034477937, 2, -1;
 336.96002, 76.32, 44.640003, 261.33875, 0.0034437976, 2, -1;
 181.44, 70.560005, 44.640003, 205.55844, 0.005972276, 2, -1;
 175.68001, 80.639999, 44.640003, 105.83289, 0.0061505213, 2, -1;
 241.92001, 69.120003, 44.640003, 328.94656, 0.0058250604, 2, -1;
 324, 76.32, 44.640003, 291.8479, 0.0046969047, 2, -1;
 280.80002, 76.32, 44.640003, 102.2476, 0.0044031488, 2, -1;
 159.84001, 76.32, 44.640003, 66.268929, 0.0032190564, 2, -1;
 358.56003, 69.120003, 44.640003, 259.5994, 0.0039029308, 2, -1;
 228.96001, 76.32, 44.640003, 115.49545, 0.0033952517, 2, -1;
 211.68001, 76.32, 44.640003, 44.100655, 0.0035615275, 2, -1;
 332.64001, 84.960007, 44.640003, 100.72849, 0.0039083492, 2, -1;
 378.72, 76.32, 44.640003, 19.681879, 0.0032137514, 2, -1;
 190.08, 76.32, 44.640003, 84.944702, 0.0033366757, 2, -1;
 181.44, 76.32, 44.640003, 123.41077, 0.0083286604, 2, -1;
 54.720001, 64.800003, 44.640003, 278.78372, 0.0084185228, 2, -1;
 56.160004, 67.68, 44.640003, 282.1972, 0.0051068035, 2, -1;
 292.32001, 60.480003, 44.640003, 246.6183, 0.0054248241, 2, -1;
 220.32001, 73.440002, 44.640003, 191.35861, 0.004049181, 2, -1;
 151.20001, 76.32, 44.640003, 61.959229, 0.005547706, 2, -1;
 141.12001, 76.32, 44.640003, 112.41722, 0.0097047426, 2, -1;
 133.92, 76.32, 44.640003, 146.91168, 0.003847915, 2, -1;
 118.08, 76.32, 44.640003, 51.854633, 0.0039518746, 2, -1;
 108.00001, 63.360001, 44.640003, 268.55142, 0.0054408368, 2, -1;
 345.60001, 92.160004, 44.640003, 86.654457, 0.0048428983, 2, -1;
 51.840004, 66.240005, 44.640003, 254.38098, 0.0050994139, 2, -1;
 159.84001, 80.639999, 44.640003, 79.390732, 0.0032504017, 2, -1;
 326.88, 70.560005, 44.640003, 281.3071, 0.0059742453, 2, -1;
 203.04001, 74.880005, 44.640003, 23.222034, 0.0063122637, 2, -1;
 102.24001, 76.32, 44.640003, 127.51163, 0.0036577373, 2, -1;
 76.32, 76.32, 44.640003, 237.77072, 0.0046041543, 2, -1;
 352.80002, 84.960007, 44.640003, 85.640068, 0.0032121048, 2, -1;
 231.84001, 76.32, 44.640003, 105.85796, 0.0031961931, 2, -1;
 67.68, 77.760002, 44.640003, 121.17235, 0.0030731584, 2, -1;
 332.64001, 76.32, 44.640003, 259.40961, 0.0029000866, 2, -1;
 202.17603, 76.032005, 53.568005, 40.604027, 0.0050204708, 3, -1;
 229.82402, 76.032005, 53.568005, 78.202759, 0.0046317512, 3, -1;
 181.44002, 76.032005, 53.568005, 116.91144, 0.010191939, 3, -1;
 110.59201, 72.576004, 53.568005, 279.6622, 0.0042015272, 3, -1;
 271.29602, 84.672005, 53.568005, 117.65003, 0.0039748037, 3, -1;
 369.79202, 76.032005, 53.568005, 351.84689, 0.006141257, 3, -1;
 212.54402, 76.032005, 53.568005, 76.579521, 0.0051946715, 3, -1;
 304.12802, 62.208008, 53.568005, 283.62445, 0.0036624393, 3, -1;
 288.57602, 76.032005, 53.568005, 99.407112, 0.0038485914, 3, -1;
 240.19202, 77.76001, 53.568005, 46.939121, 0.0036753884, 3, -1;
 288.57602, 62.208008, 53.568005, 247.9218, 0.005925566, 3, -1;
 126.14401, 74.304008, 53.568005, 335.72916, 0.0045377724, 3, -1;
 186.62402, 60.480007, 53.568005, 260.92798, 0.0042836582, 3, -1;
 117.50401, 76.032005, 53.568005, 58.24831, 0.0051264395, 3, -1;
 181.44002, 62.208008, 53.568005, 260.50885, 0.0070332484, 3, -1;
 285.12003, 79.488007, 53.568005, 101.58073, 0.0047461777, 3, -1;
 273.02402, 79.488007, 53.568005, 134.76186, 0.0065594218, 3, -1;
 357.69604, 70.848007, 53.568005, 257.73584, 0.0041359859, 3, -1;
 326.59204, 70.848007, 53.568005, 289.11206, 0.0037748921, 3, -1;
 141.69601, 76.032005, 53.568005, 98.755783, 0.0082892282, 3, -1;
 324.86404, 76.032005, 53.568005, 270.151, 0.0049262615, 3, -1;
 95.040009, 69.12001, 53.568005, 253.65047, 0.0037436897, 3, -1;
 336.96002, 76.032005, 53.568005, 252.72649, 0.0040255529, 3, -1;
 133.05602, 76.032005, 53.568005, 135.97473, 0.0056713163, 3, -1;
 110.59201, 76.032005, 53.568005, 83.090973, 0.0043393238, 3, -1;
 158.97601, 79.488007, 53.568005, 89.562218, 0.0037144024, 3, -1;
 100.22401, 79.488007, 53.568005, 98.839104, 0.0040187188, 3, -1;
 216.00002, 69.12001, 53.568005, 245.70575, 0.0034283025, 3, -1;
 219.45602, 69.12001, 53.568005, 239.27156, 0.0040092845, 3, -1;
 95.040009, 76.032005, 53.568005, 177.60307, 0.0043522427, 3, -1;
 176.25601, 79.488007, 53.568005, 104.88475, 0.0046926118, 3, -1;
 378.43204, 76.032005, 53.568005, 9.0531654, 0.0042601284, 3, -1;
 362.88004, 76.032005, 53.568005, 315.35977, 0.005123897, 3, -1;
 146.88002, 69.12001, 53.568005, 272.85965, 0.004386778, 3, -1;
 207.36002, 69.12001, 53.568005, 316.47922, 0.0049241907, 3, -1;
 333.50403, 84.672005, 53.568005, 120.32215, 0.0034846563, 3, -1;
 361.15204, 84.672005, 53.568005, 69.05777, 0.0045332476, 3, -1;
 285.12003, 58.752007, 53.568005, 243.21863, 0.0034981123, 3, -1;
 107.13601, 63.936005, 53.568005, 267.40686, 0.0037308699, 3, -1;
 307.58401, 74.304008, 53.568005, 131.42854, 0.0068085967, 3, -1;
 312.76804, 76.032005, 53.568005, 145.84924, 0.0041245646, 3, -1;
 366.33603, 72.576004, 53.568005, 304.237, 0.0057076262, 3, -1;
 120.96001, 79.488007, 53.568005, 85.462891, 0.0037843098, 3, -1;
 152.06401, 74.304008, 53.568005, 127.83786, 0.0033807051, 3, -1;
 76.032005, 76.032005, 53.568005, 261.11917, 0.0033317639, 3, -1;
 226.36803, 79.488007, 53.568005, 95.893272, 0.0033265799, 3, -1;
 110.59201, 67.392006, 53.568005, 275.15265, 0.0032707895, 3, -1;
 129.60001, 79.488007, 53.568005, 83.32428, 0.0032550332, 3, -1;
 101.95201, 74.304008, 53.568005, 198.5972, 0.0032382323, 3, -1;
 333.50403, 76.032005, 53.568005, 255.39182, 0.0032358661, 3, -1;
 91.584007, 70.848007, 53.568005, 249.83798, 0.0031927694, 3, -1;
 191.80801, 76.032005, 53.568005, 86.253647, 0.0031584676, 3, -1;
 279.93604, 74.304008, 53.568005, 165.57216, 0.0031143175, 3, -1;
 177.98402, 58.752007, 53.568005, 262.32129, 0.0031127352, 3, -1;
 311.04004, 67.392006, 53.568005, 278.27161, 0.0030792388, 3, -1;
 221.18402, 74.304008, 53.568005, 143.05991, 0.0030496346, 3, -1;
 345.60004, 76.032005, 53.568005, 274.75784, 0.003022911, 3, -1;
 188.35202, 67.392006, 53.568005, 260.06375, 0.0030202731, 3, -1;
 352.51202, 76.032005, 53.568005, 263.05646, 0.0030089556, 3, -1;
 323.13602, 84.672005, 53.568005, 117.35873, 0.002971794, 3, -1;
 292.03201, 58.752007, 53.568005, 256.36844, 0.0029461277, 3, -1;
 74.304008, 72.576004, 53.568005, 272.29105, 0.0029259194, 3, -1;
 53.568005, 67.392006, 53.568005, 233.07507, 0.0028588176, 3, -1;
 180.40323, 72.576012, 64.281609, 129.6228, 0.0038388355, 4, -1;
 205.28642, 68.42881, 64.281609, 317.92853, 0.0027978804, 4, -1;
 114.04802, 74.649612, 64.281609, 191.92747, 0.0045639421, 4, -1;
 157.59363, 78.796814, 64.281609, 113.76562, 0.0026208018, 4, -1;
 176.25603, 78.796814, 64.281609, 99.182922, 0.0028483372, 4, -1;
 141.00482, 74.649612, 64.281609, 133.85555, 0.0058584996, 4, -1;
 151.37282, 74.649612, 64.281609, 135.43274, 0.0060297498, 4, -1;
 360.80646, 76.723213, 64.281609, 327.07709, 0.0044656694, 4, -1;
 201.13922, 74.649612, 64.281609, 37.449474, 0.0029979262, 4, -1;
 211.50723, 72.576012, 64.281609, 32.277519, 0.003389878, 4, -1;
 219.80164, 74.649612, 64.281609, 110.34389, 0.0039741457, 4, -1;
 230.16963, 74.649612, 64.281609, 30.747055, 0.0031491101, 4, -1;
 145.15202, 70.502411, 64.281609, 254.72723, 0.0045894445, 4, -1;
 99.532814, 78.796814, 64.281609, 97.395279, 0.0026381277, 4, -1;
 138.93121, 70.502411, 64.281609, 275.79312, 0.0033268372, 4, -1;
 335.92325, 85.017609, 64.281609, 113.32383, 0.0030319395, 4, -1;
 352.51205, 85.017609, 64.281609, 75.508568, 0.0031113359, 4, -1;
 323.48166, 74.649612, 64.281609, 237.9075, 0.0035039883, 4, -1;
 132.71042, 74.649612, 64.281609, 101.00108, 0.0039594551, 4, -1;
 308.96643, 74.649612, 64.281609, 93.318214, 0.0038798498, 4, -1;
 130.63683, 78.796814, 64.281609, 88.397057, 0.0025277294, 4, -1;
 120.26881, 78.796814, 64.281609, 84.686409, 0.0029577366, 4, -1;
 215.65443, 78.796814, 64.281609, 93.557152, 0.00312653, 4, -1;
 101.60641, 74.649612, 64.281609, 272.22418, 0.0046892152, 4, -1;
 284.08325, 78.796814, 64.281609, 129.07198, 0.0030472928, 4, -1;
 352.51205, 74.649612, 64.281609, 276.4816, 0.0026141205, 4, -1;
 271.64163, 78.796814, 64.281609, 123.03519, 0.0028528499, 4, -1;
 228.09604, 80.870415, 64.281609, 75.759422, 0.0025041876, 4, -1;
 105.75362, 64.281609, 64.281609, 265.56213, 0.0020789215, 4, -1;
 829.44012, 78.796814, 64.281609, 87.059586, 0.0014621317, 4, -1;
 192.84483, 74.649612, 64.281609, 92.025864, 0.0018618914, 4, -1;
 333.84964, 74.649612, 64.281609, 274.14493, 0.0020262417, 4, -1;
 78.796814, 375.32166, 64.281609, 41.114746, 0.0016325916, 4, -1;
 346.29126, 91.238411, 64.281609, 85.555367, 0.0012566721, 4, -1;
 327.62885, 89.16481, 64.281609, 112.37012, 0.0024279489, 4, -1;
 93.312012, 70.502411, 64.281609, 244.74583, 0.0021742824, 4, -1;
 321.40805, 85.017609, 64.281609, 118.08348, 0.0020358118, 4, -1;
 311.04004, 68.42881, 64.281609, 280.60867, 0.0022699898, 4, -1;
 232.24323, 80.870415, 64.281609, 71.013588, 0.0021772769, 4, -1;
 120.26881, 70.502411, 64.281609, 278.81311, 0.0024734437, 4, -1;
 346.29126, 74.649612, 64.281609, 258.24292, 0.002189046, 4, -1;
 379.46884, 74.649612, 64.281609, 1.5685527, 0.0022970818, 4, -1;
 101.60641, 404.35205, 64.281609, 246.42545, 0.0012801633, 4, -1;
 240.53763, 80.870415, 64.281609, 70.271637, 0.0018900131, 4, -1;
 223.94884, 70.502411, 64.281609, 289.65036, 0.0021680391, 4, -1;
 217.72803, 68.42881, 64.281609, 267.30023, 0.0020393489, 4, -1;
 271.64163, 85.017609, 64.281609, 103.27693, 0.0022693935, 4, -1;
 325.55524, 70.502411, 64.281609, 266.41946, 0.0021691818, 4, -1;
 358.73285, 70.502411, 64.281609, 277.73901, 0.0023765336, 4, -1;
 136.85762, 398.13126, 64.281609, 259.39801, 0.0014132967, 4, -1;
 74.649612, 72.576012, 64.281609, 280.95099, 0.0012058758, 4, -1;
 85.017609, 369.10086, 64.281609, 137.98041, 0.0011912644, 4, -1;
 156.76419, 79.626259, 77.137939, 110.67126, 0.0015215124, 5, -1;
 84.602898, 370.75977, 77.137939, 88.79023, 0.0013736008, 5, -1;
 136.85764, 370.75977, 77.137939, 101.18732, 0.0011401577, 5, -1;
 99.532822, 405.59625, 77.137939, 275.14264, 0.0012618039, 5, -1;
 325.97, 89.579544, 77.137939, 112.03053, 0.0012481363, 5, -1;
 273.71527, 84.602898, 77.137939, 110.08179, 0.00097200694, 5, -1;
 79.626259, 375.73642, 77.137939, 70.788124, 0.0019072355, 5, -1;
 843.54065, 114.46275, 77.137939, 290.26898, 0.0010767723, 5, -1;
 102.02114, 79.626259, 77.137939, 131.95723, 0.0011845611, 5, -1;
 119.43939, 79.626259, 77.137939, 170.70488, 0.0018029095, 5, -1;
 79.626259, 388.17801, 77.137939, 285.51605, 0.00086114882, 5, -1;
 821.14581, 84.602898, 77.137939, 42.644104, 0.0011702488, 5, -1;
 179.15909, 79.626259, 77.137939, 92.065842, 0.0016674402, 5, -1;
 92.067863, 398.13129, 77.137939, 260.3356, 0.00091434404, 5, -1;
 846.02899, 119.43939, 77.137939, 312.14172, 0.0014118957, 5, -1;
 134.36931, 79.626259, 77.137939, 25.436304, 0.0015624458, 5, -1;
 226.43718, 79.626259, 77.137939, 62.520439, 0.0016354073, 5, -1;
 828.61078, 79.626259, 77.137939, 52.152885, 0.0013576153, 5, -1;
 136.85764, 398.13129, 77.137939, 268.55365, 0.0010316232, 5, -1;
 378.22473, 79.626259, 77.137939, 10.903679, 0.0008881641, 5, -1;
 283.66855, 79.626259, 77.137939, 139.55051, 0.0013437979, 5, -1;
 102.02114, 413.06122, 77.137939, 270.82684, 0.00084755517, 5, -1;
 880.86548, 79.626259, 77.137939, 117.73216, 0.00084924727, 5, -1;
 213.99557, 79.626259, 77.137939, 76.792831, 0.001366289, 5, -1;
 231.41382, 79.626259, 77.137939, 60.36552, 0.0014833874, 5, -1;
 266.25031, 79.626259, 77.137939, 84.45224, 0.0008221023, 5, -1;
 823.63409, 97.044502, 77.137939, 318.55368, 0.00077009195, 5, -1;
 246.34373, 79.626259, 77.137939, 79.254463, 0.00069536257, 5, -1;
 880.86548, 106.99779, 77.137939, 258.03711, 0.00069086079, 5, -1;
 171.69412, 363.2948, 77.137939, 174.14343, 0.00064683426, 5, -1;
 164.22916, 360.80649, 77.137939, 171.68584, 0.00064083282, 5, -1;
 87.091217, 271.22696, 77.137939, 163.59772, 0.00063292112, 5, -1;
 811.1925, 97.044502, 77.137939, 353.29877, 0.00057273661, 5, -1;
 833.5874, 109.48611, 77.137939, 275.67239, 0.00054356991, 5, -1;
 617.10352, 243.85542, 77.137939, 187.9828, 0.00053302315, 5, -1;
 149.29924, 413.06122, 77.137939, 218.86964, 0.00048097133, 5, -1;
 806.21588, 111.97443, 77.137939, 0.79885745, 0.00046657011, 5, -1;
 179.15909, 418.03787, 77.137939, 273.19196, 0.00046007909, 5, -1;
 808.70416, 104.50947, 77.137939, 348.44141, 0.00045425142, 5, -1;
 425.50281, 298.59848, 77.137939, 263.17059, 0.00044613599, 5, -1;
 325.97, 420.52618, 77.137939, 10.706067, 0.00044104052, 5, -1;
 169.2058, 370.75977, 77.137939, 185.93846, 0.00040995577, 5, -1;
 87.091217, 79.626259, 77.137939, 115.44189, 0.00040930684, 5, -1;
 179.15909, 360.80649, 77.137939, 179.78914, 0.00038255181, 5, -1;
 92.565529, 397.13599, 92.565529, 281.19568, 0.0011716605, 6, -1;
 331.44431, 217.9769, 92.565529, 13.64794, 0.00036842306, 6, -1;
 128.39734, 110.48144, 92.565529, 60.149712, 0.00032590859, 6, -1;
 167.21515, 361.30417, 92.565529, 186.03687, 0.00044851191, 6, -1;
 821.14581, 95.551514, 92.565529, 336.91953, 0.0011409755, 6, -1;
 137.3553, 394.14999, 92.565529, 249.86923, 0.00070883491, 6, -1;
 806.21588, 110.48144, 92.565529, 15.536836, 0.0003277912, 6, -1;
 874.89355, 122.42538, 92.565529, 93.824326, 0.00046023363, 6, -1;
 134.36932, 283.66855, 92.565529, 113.98774, 0.00038931836, 6, -1;
 812.18787, 98.537498, 92.565529, 342.79013, 0.00056531705, 6, -1;
 203.04697, 223.94885, 92.565529, 287.04242, 0.00033867019, 6, -1;
 131.38333, 352.34619, 92.565529, 135.02838, 0.00032276174, 6, -1;
 98.537498, 403.10794, 92.565529, 279.698, 0.0014232827, 6, -1;
 191.10303, 229.92084, 92.565529, 278.50439, 0.00034463344, 6, -1;
 137.3553, 370.26212, 92.565529, 152.94638, 0.00073658832, 6, -1;
 618.09888, 241.86478, 92.565529, 209.88647, 0.00031687238, 6, -1;
 119.43939, 113.46742, 92.565529, 135.12988, 0.00030046105, 6, -1;
 845.03369, 122.42538, 92.565529, 69.608978, 0.00071672176, 6, -1;
 806.21588, 104.50947, 92.565529, 353.72864, 0.00030311561, 6, -1;
 880.86554, 104.50947, 92.565529, 230.53201, 0.00038789795, 6, -1;
 836.07574, 107.49545, 92.565529, 312.70102, 0.00099442818, 6, -1;
 173.18712, 361.30417, 92.565529, 191.49281, 0.00029081173, 6, -1;
 92.565529, 295.61249, 92.565529, 216.09625, 0.00028399439, 6, -1;
 880.86554, 125.41136, 92.565529, 93.001633, 0.00027068902, 6, -1;
 818.15985, 122.42538, 92.565529, 72.787247, 0.00026099419, 6, -1;
 152.28522, 280.68256, 92.565529, 106.09918, 0.00025866064, 6, -1;
 143.32727, 343.38824, 92.565529, 203.63008, 0.00022195159, 6, -1;
 179.15909, 358.31818, 92.565529, 205.6353, 0.00021703976, 6, -1;
 337.41629, 203.04697, 92.565529, 322.46103, 0.0002067685, 6, -1;
 173.18712, 265.75266, 92.565529, 88.432907, 0.00020667784, 6, -1;
 182.14508, 259.78067, 92.565529, 72.69593, 0.00020496435, 6, -1;
 212.00491, 247.83673, 92.565529, 34.211819, 0.00019990768, 6, -1;
 633.02881, 235.89279, 92.565529, 239.91125, 0.00019763282, 6, -1;
 606.15491, 209.01894, 92.565529, 6.2251668, 0.00019716336, 6, -1;
 352.34619, 244.85075, 92.565529, 73.830017, 0.00019199795, 6, -1;
 101.52348, 364.29016, 92.565529, 60.858452, 0.00019059978, 6, -1;
 128.99455, 111.07864, 111.07864, 64.958405, 0.00033610643, 7, -1;
 132.57773, 286.65454, 111.07864, 110.29259, 0.00037062276, 7, -1;
 132.57773, 354.73502, 111.07864, 178.64204, 0.00051228586, 7, -1;
 634.22321, 240.07318, 111.07864, 233.40024, 0.00016490545, 7, -1;
 361.90137, 240.07318, 111.07864, 19.995897, 0.0001709494, 7, -1;
 121.82819, 114.66182, 111.07864, 95.894829, 0.00037938356, 7, -1;
 852.7973, 136.1609, 111.07864, 92.443321, 0.00020360298, 7, -1;
 175.57591, 265.15546, 111.07864, 76.846016, 0.00021125477, 7, -1;
 143.32727, 343.98547, 111.07864, 219.40633, 0.00015331291, 7, -1;
 186.32545, 229.32364, 111.07864, 303.68866, 0.00042387345, 7, -1;
 171.99274, 218.5741, 111.07864, 290.22348, 0.00023083601, 7, -1;
 146.91046, 358.31818, 111.07864, 189.87109, 0.00072392385, 7, -1;
 820.54865, 121.82819, 111.07864, 61.145554, 0.00028713059, 7, -1;
 842.04773, 121.82819, 111.07864, 64.004822, 0.00084342947, 7, -1;
 168.40955, 361.90137, 111.07864, 198.00897, 0.00022995804, 7, -1;
 874.29639, 121.82819, 111.07864, 118.46964, 0.00054207706, 7, -1;
 892.21228, 121.82819, 111.07864, 103.76518, 0.00038133422, 7, -1;
 136.1609, 372.65091, 111.07864, 194.15269, 0.00047821368, 7, -1;
 150.49364, 286.65454, 111.07864, 102.3826, 0.0002341283, 7, -1;
 200.65819, 261.57227, 111.07864, 44.8955, 0.00017199136, 7, -1;
 322.48636, 218.5741, 111.07864, 32.075817, 0.00013627221, 7, -1;
 329.65274, 218.5741, 111.07864, 20.180048, 0.00038772749, 7, -1;
 211.40773, 247.23955, 111.07864, 20.443226, 0.000148198, 7, -1;
 336.81909, 204.24136, 111.07864, 344.83249, 0.00026991955, 7, -1;
 874.29639, 128.99455, 111.07864, 100.73129, 0.00028238754, 7, -1;
 616.30725, 243.65637, 111.07864, 224.34467, 0.00023862654, 7, -1;
 204.24136, 225.74046, 111.07864, 306.2858, 0.00027204392, 7, -1;
 555.39319, 250.82272, 111.07864, 183.18314, 0.00013610914, 7, -1;
 605.55774, 211.40773, 111.07864, 46.782005, 0.000135633, 7, -1;
 856.38049, 358.31818, 111.07864, 274.58636, 0.00012760841, 7, -1;
 279.48819, 175.57591, 111.07864, 219.07248, 0.00012310637, 7, -1]