[830, 430, 31, 274.81216, 0.001114106, 0, -1;
 819, 438, 31, 305.26938, 0.0009189141, 0, -1;
 795, 438, 31, 188.38879, 0.00078122586, 0, -1;
 823, 130, 31, 238.80838, 0.0016281921, 0, -1;
 525, 130, 31, 162.91539, 0.00058976142, 0, -1;
 787, 438, 31, 136.15079, 0.00074525957, 0, -1;
 778, 438, 31, 21.968647, 0.00068520877, 0, -1;
 695, 442, 31, 112.83073, 0.00089298986, 0, -1;
 558, 430, 31, 204.46991, 0.00075745513, 0, -1;
 52, 51, 31, 275.31873, 0.00068493246, 0, -1;
 38, 99, 31, 121.77142, 0.0018410811, 0, -1;
 45, 51, 31, 261.20786, 0.00072261144, 0, -1;
 37, 51, 31, 235.94135, 0.00074901874, 0, -1;
 808, 429, 31, 284.07623, 0.00076184166, 0, -1;
 695, 438, 31, 260.01132, 0.00084397354, 0, -1;
 609, 441, 31, 16.173002, 0.00079706189, 0, -1;
 588, 430, 31, 272.78278, 0.00075982732, 0, -1;
 610, 438, 31, 348.95483, 0.00097445986, 0, -1;
 619, 430, 31, 287.24054, 0.0011531356, 0, -1;
 593, 430, 31, 259.10132, 0.00072271784, 0, -1;
 71, 328, 31, 175.22478, 0.00064251485, 0, -1;
 855, 49, 31, 257.21997, 0.0016312054, 0, -1;
 681, 437, 31, 188.89142, 0.00059880421, 0, -1;
 776, 436, 31, 349.78342, 0.00074439781, 0, -1;
 278, 256, 31, 312.36475, 0.00088991073, 0, -1;
 624, 430, 31, 266.16107, 0.0012516021, 0, -1;
 648, 436, 31, 297.85474, 0.00065173773, 0, -1;
 660, 58, 31, 131.39302, 0.00056960608, 0, -1;
 558, 442, 31, 153.56665, 0.00056926318, 0, -1;
 817, 435, 31, 286.43173, 0.00098501844, 0, -1;
 523, 96, 31, 171.51149, 0.00056591671, 0, -1;
 793, 463, 31, 114.78707, 0.00059593358, 0, -1;
 793, 435, 31, 212.45325, 0.0014721557, 0, -1;
 656, 463, 31, 50.37669, 0.00071384636, 0, -1;
 636, 463, 31, 100.5955, 0.00088371924, 0, -1;
 648, 430, 31, 282.29797, 0.00066358788, 0, -1;
 619, 463, 31, 84.711151, 0.00062802667, 0, -1;
 593, 463, 31, 115.51559, 0.00059329299, 0, -1;
 582, 463, 31, 61.320862, 0.00069924071, 0, -1;
 660, 430, 31, 321.91791, 0.00077276473, 0, -1;
 624, 435, 31, 216.75294, 0.00096547441, 0, -1;
 835, 434, 31, 252.86856, 0.00088918034, 0, -1;
 680, 430, 31, 204.59291, 0.00065695931, 0, -1;
 854, 438, 31, 292.74866, 0.0012190657, 0, -1;
 104, 66, 31, 215.48416, 0.00058015867, 0, -1;
 438, 243, 31, 351.71802, 0.0012942503, 0, -1;
 897, 430, 31, 317.15082, 0.0011496608, 0, -1;
 852, 51, 31, 256.39993, 0.00083724136, 0, -1;
 60, 57, 31, 314.80484, 0.00072657905, 0, -1;
 888, 455, 31, 96.967239, 0.0007498925, 0, -1;
 105, 64, 31, 224.69234, 0.00077441731, 0, -1;
 60, 93, 31, 294.13959, 0.00060998788, 0, -1;
 836, 430, 31, 259.78476, 0.0012177547, 0, -1;
 656, 110, 31, 301.76932, 0.00072821864, 0, -1;
 852, 128, 31, 262.2536, 0.0010339902, 0, -1;
 828, 439, 31, 322.85095, 0.00058951671, 0, -1;
 817, 430, 31, 278.96796, 0.00098502659, 0, -1;
 793, 430, 31, 263.99686, 0.0016910036, 0, -1;
 898, 439, 31, 333.82922, 0.00062539254, 0, -1;
 771, 430, 31, 300.3439, 0.00070187991, 0, -1;
 788, 430, 31, 274.00534, 0.0011225265, 0, -1;
 679, 435, 31, 188.67966, 0.00057590427, 0, -1;
 45, 99, 31, 123.97523, 0.00099471665, 0, -1;
 811, 71, 31, 263.54541, 0.00083361345, 0, -1;
 54, 96, 31, 129.99139, 0.0011482025, 0, -1;
 54, 54, 31, 283.46365, 0.0013920025, 0, -1;
 695, 452, 31, 31.726099, 0.00065711752, 0, -1;
 825, 128, 31, 226.98407, 0.0012778237, 0, -1;
 855, 131, 31, 342.12469, 0.001345102, 0, -1;
 619, 450, 31, 306.7467, 0.00066030829, 0, -1;
 616, 450, 31, 335.88657, 0.00085732044, 0, -1;
 111, 55, 31, 255.49127, 0.00082827383, 0, -1;
 523, 133, 31, 158.33595, 0.00080821803, 0, -1;
 58, 51, 31, 280.05618, 0.00063769688, 0, -1;
 803, 399, 31, 320.79285, 0.00060226407, 0, -1;
 789, 435, 31, 176.6111, 0.0014341603, 0, -1;
 679, 464, 31, 141.81677, 0.00056488218, 0, -1;
 624, 457, 31, 76.522408, 0.00049853843, 0, -1;
 581, 438, 31, 0.63649786, 0.00053178892, 0, -1;
 543, 225, 31, 345.035, 0.00053486577, 0, -1;
 769, 438, 31, 351.34305, 0.00050031184, 0, -1;
 610, 456, 31, 33.282471, 0.00052204879, 0, -1;
 627, 454, 31, 147.73262, 0.00050229894, 0, -1;
 695, 54, 31, 41.79311, 0.00055235939, 0, -1;
 602, 133, 31, 124.18478, 0.0005330221, 0, -1;
 535, 222, 31, 233.56464, 0.00050465524, 0, -1;
 659, 109, 31, 304.45267, 0.00049950776, 0, -1;
 634, 59, 31, 155.14426, 0.0005396115, 0, -1;
 572, 70, 31, 203.25107, 0.0004929835, 0, -1;
 667, 130, 31, 138.18265, 0.00049027515, 0, -1;
 733, 438, 31, 255.98595, 0.00048886694, 0, -1;
 888, 438, 31, 285.08618, 0.00048849848, 0, -1;
 835, 463, 31, 112.13026, 0.00048500986, 0, -1;
 876, 463, 31, 97.848625, 0.00047968174, 0, -1;
 624, 463, 31, 74.891861, 0.00047110894, 0, -1;
 640, 430, 31, 282.25079, 0.00047076005, 0, -1;
 619, 441, 31, 66.564636, 0.00046756116, 0, -1;
 754, 430, 31, 261.65283, 0.00046664086, 0, -1;
 809, 200, 31, 70.071198, 0.00046210969, 0, -1;
 628, 133, 31, 113.95153, 0.00046145043, 0, -1;
 560, 54, 31, 156.35774, 0.00045221805, 0, -1;
 592, 72, 31, 172.11971, 0.00045082837, 0, -1;
 522, 71, 31, 202.94011, 0.00044703114, 0, -1;
 627, 418, 31, 275.49463, 0.00044665849, 0, -1;
 835, 458, 31, 146.95531, 0.00044588253, 0, -1;
 650, 438, 31, 315.75574, 0.00044483371, 0, -1;
 665, 133, 31, 136.26669, 0.00044103025, 0, -1;
 611, 448, 31, 358.42172, 0.000435597, 0, -1;
 533, 225, 31, 172.04587, 0.00043371116, 0, -1;
 694.80005, 441.60001, 37.200001, 222.65973, 0.0011083237, 1, -1;
 793.20001, 430.80002, 37.200001, 263.46542, 0.0015793018, 1, -1;
 660, 57.600002, 37.200001, 105.80331, 0.00062665471, 1, -1;
 897.60004, 439.20001, 37.200001, 328.84634, 0.00059625885, 1, -1;
 592.80005, 430.80002, 37.200001, 256.63287, 0.00087855326, 1, -1;
 37.200001, 98.400002, 37.200001, 126.33211, 0.0012471422, 1, -1;
 586.80005, 430.80002, 37.200001, 274.0491, 0.00074339338, 1, -1;
 793.20001, 435.60001, 37.200001, 227.02365, 0.00095705624, 1, -1;
 571.20001, 72, 37.200001, 225.13884, 0.00062770519, 1, -1;
 649.20001, 440.40002, 37.200001, 323.34808, 0.00059771095, 1, -1;
 51.600002, 97.200005, 37.200001, 121.16786, 0.00075963192, 1, -1;
 44.400002, 98.400002, 37.200001, 129.92056, 0.00060646975, 1, -1;
 694.80005, 438.00003, 37.200001, 253.26642, 0.00075167802, 1, -1;
 853.20001, 439.20001, 37.200001, 277.87051, 0.0010695162, 1, -1;
 854.40002, 130.8, 37.200001, 48.109093, 0.0012257235, 1, -1;
 823.20001, 130.8, 37.200001, 127.57573, 0.00092864037, 1, -1;
 835.20001, 430.80002, 37.200001, 264.48038, 0.0014520234, 1, -1;
 51.600002, 51.600002, 37.200001, 282.7247, 0.00078075804, 1, -1;
 280.80002, 258, 37.200001, 318.33316, 0.00070301775, 1, -1;
 60.000004, 93.600006, 37.200001, 359.37155, 0.00061501062, 1, -1;
 54.000004, 96, 37.200001, 111.69264, 0.00096720131, 1, -1;
 108.00001, 58.800003, 37.200001, 256.23523, 0.0010453179, 1, -1;
 616.80005, 450.00003, 37.200001, 19.3041, 0.00086914969, 1, -1;
 658.80005, 430.80002, 37.200001, 317.38342, 0.00084450643, 1, -1;
 835.20001, 434.40002, 37.200001, 258.09332, 0.00079234462, 1, -1;
 438.00003, 242.40001, 37.200001, 351.14307, 0.0010235681, 1, -1;
 608.40002, 439.20001, 37.200001, 333.35117, 0.00073867955, 1, -1;
 278.40002, 255.60001, 37.200001, 311.16138, 0.00074602914, 1, -1;
 853.20001, 453.60001, 37.200001, 77.840607, 0.00064207992, 1, -1;
 626.40002, 439.20001, 37.200001, 212.35715, 0.00056785758, 1, -1;
 624, 430.80002, 37.200001, 263.39307, 0.0015413851, 1, -1;
 648, 430.80002, 37.200001, 295.2854, 0.0007686516, 1, -1;
 655.20001, 109.2, 37.200001, 344.06915, 0.00062255916, 1, -1;
 817.20001, 430.80002, 37.200001, 291.91095, 0.0010005296, 1, -1;
 854.40002, 49.200001, 37.200001, 274.09793, 0.0013089105, 1, -1;
 522, 133.20001, 37.200001, 154.41385, 0.00058011169, 1, -1;
 850.80005, 127.2, 37.200001, 309.13358, 0.00059326791, 1, -1;
 54.000004, 52.800003, 37.200001, 290.00595, 0.001481158, 1, -1;
 558, 441.60001, 37.200001, 174.97263, 0.00061799487, 1, -1;
 618, 430.80002, 37.200001, 286.39569, 0.001196975, 1, -1;
 777.60004, 440.40002, 37.200001, 346.01678, 0.00059506291, 1, -1;
 769.20001, 429.60001, 37.200001, 294.93555, 0.00065906881, 1, -1;
 699.60004, 440.40002, 37.200001, 328.36942, 0.0014605313, 1, -1;
 787.20001, 430.80002, 37.200001, 248.02269, 0.0010075062, 1, -1;
 829.20001, 430.80002, 37.200001, 261.01746, 0.0013213685, 1, -1;
 807.60004, 429.60001, 37.200001, 271.63782, 0.00077778881, 1, -1;
 896.40002, 430.80002, 37.200001, 313.11136, 0.0012305188, 1, -1;
 795.60004, 439.20001, 37.200001, 215.89011, 0.00060872041, 1, -1;
 819.60004, 439.20001, 37.200001, 310.29547, 0.00064950855, 1, -1;
 694.80005, 453.60001, 37.200001, 59.918285, 0.00099450978, 1, -1;
 811.20001, 69.600006, 37.200001, 208.37212, 0.0005786437, 1, -1;
 580.80005, 439.20001, 37.200001, 351.17551, 0.00055351452, 1, -1;
 292.80002, 307.20001, 37.200001, 336.22626, 0.00049322005, 1, -1;
 37.200001, 51.600002, 37.200001, 234.99237, 0.00050491956, 1, -1;
 679.20001, 430.80002, 37.200001, 204.77713, 0.00054652197, 1, -1;
 786.00006, 439.20001, 37.200001, 173.46176, 0.00051355117, 1, -1;
 104.4, 64.800003, 37.200001, 221.6362, 0.00054411974, 1, -1;
 523.20001, 96, 37.200001, 173.95274, 0.00052951154, 1, -1;
 524.40002, 129.60001, 37.200001, 156.87402, 0.00052562746, 1, -1;
 592.80005, 72, 37.200001, 169.56071, 0.00055144337, 1, -1;
 633.60004, 58.800003, 37.200001, 142.76099, 0.00049682491, 1, -1;
 634.80005, 55.200001, 37.200001, 112.67022, 0.00048612902, 1, -1;
 586.80005, 441.60001, 37.200001, 68.491745, 0.00048053754, 1, -1;
 693.60004, 52.800003, 37.200001, 41.945492, 0.0004714941, 1, -1;
 733.20001, 438.00003, 37.200001, 259.28143, 0.0004694027, 1, -1;
 667.20001, 129.60001, 37.200001, 117.99662, 0.00046297643, 1, -1;
 609.60004, 456.00003, 37.200001, 47.970894, 0.00045989285, 1, -1;
 577.20001, 130.8, 37.200001, 80.793716, 0.00045626992, 1, -1;
 888.00006, 454.80002, 37.200001, 64.795845, 0.00045310473, 1, -1;
 828.00006, 440.40002, 37.200001, 284.24689, 0.00044562068, 1, -1;
 664.80005, 133.20001, 37.200001, 121.44111, 0.00044108971, 1, -1;
 601.20001, 133.20001, 37.200001, 104.39682, 0.00043802115, 1, -1;
 626.40002, 453.60001, 37.200001, 120.19473, 0.00043711395, 1, -1;
 753.60004, 430.80002, 37.200001, 267.28961, 0.00043127523, 1, -1;
 837.60004, 439.20001, 37.200001, 254.18616, 0.00041924586, 1, -1;
 854.40002, 330, 37.200001, 64.002945, 0.00041844868, 1, -1;
 639.60004, 429.60001, 37.200001, 274.46555, 0.00041839527, 1, -1;
 888.00006, 438.00003, 37.200001, 284.23691, 0.00041581492, 1, -1;
 876.00006, 454.80002, 37.200001, 98.802795, 0.00041132901, 1, -1;
 819.60004, 446.40002, 37.200001, 341.83743, 0.00040424865, 1, -1;
 850.80005, 327.60001, 37.200001, 73.080421, 0.00039772058, 1, -1;
 340.80002, 385.20001, 37.200001, 326.51968, 0.00039191474, 1, -1;
 44.400002, 51.600002, 37.200001, 255.71118, 0.00039037367, 1, -1;
 297.60001, 309.60001, 37.200001, 332.569, 0.00038765257, 1, -1;
 658.80005, 108.00001, 37.200001, 316.8956, 0.00038715295, 1, -1;
 865.20001, 320.40002, 37.200001, 348.82977, 0.00038651732, 1, -1;
 560.40002, 54.000004, 37.200001, 143.18314, 0.00038201115, 1, -1;
 322.80002, 355.20001, 37.200001, 345.48398, 0.00036773065, 1, -1;
 662.40002, 54.000004, 37.200001, 118.95, 0.00036747585, 1, -1;
 769.20001, 439.20001, 37.200001, 312.064, 0.00035824158, 1, -1;
 698.40002, 439.20001, 44.640003, 292.55194, 0.0021135879, 2, -1;
 624.96002, 430.56003, 44.640003, 274.78613, 0.0013640142, 2, -1;
 617.76001, 430.56003, 44.640003, 283.42477, 0.0012936988, 2, -1;
 695.52002, 439.20001, 44.640003, 262.98343, 0.0016048773, 2, -1;
 836.64001, 432.00003, 44.640003, 264.14639, 0.0017623643, 2, -1;
 895.68005, 429.12003, 44.640003, 304.7821, 0.0010049372, 2, -1;
 593.28003, 432.00003, 44.640003, 259.98956, 0.0011895805, 2, -1;
 817.92004, 430.56003, 44.640003, 293.28204, 0.0011536478, 2, -1;
 768.96002, 430.56003, 44.640003, 296.0206, 0.0010873678, 2, -1;
 54.720001, 51.840004, 44.640003, 285.08081, 0.0011338682, 2, -1;
 853.92004, 129.60001, 44.640003, 67.543999, 0.0010064245, 2, -1;
 695.52002, 453.60001, 44.640003, 79.374954, 0.00096484477, 2, -1;
 617.76001, 449.28003, 44.640003, 58.1959, 0.00066559762, 2, -1;
 560.16003, 440.64001, 44.640003, 189.35512, 0.00071395829, 2, -1;
 851.04004, 51.840004, 44.640003, 278.3046, 0.00086993806, 2, -1;
 648, 430.56003, 44.640003, 301.86407, 0.00080487272, 2, -1;
 439.20001, 241.92001, 44.640003, 355.51736, 0.00067751086, 2, -1;
 794.88, 429.12003, 44.640003, 265.05069, 0.00071210111, 2, -1;
 558.72003, 51.840004, 44.640003, 145.50932, 0.00080293167, 2, -1;
 828.00006, 429.12003, 44.640003, 275.98383, 0.0008710738, 2, -1;
 571.67999, 72, 44.640003, 177.18262, 0.00064959115, 2, -1;
 853.92004, 48.960003, 44.640003, 276.05087, 0.00089174812, 2, -1;
 277.92001, 256.32001, 44.640003, 310.80399, 0.00094027125, 2, -1;
 754.56006, 432.00003, 44.640003, 280.9722, 0.00065286132, 2, -1;
 807.84003, 429.12003, 44.640003, 264.54126, 0.00078419864, 2, -1;
 280.80002, 257.76001, 44.640003, 317.36118, 0.00073256908, 2, -1;
 853.92004, 437.76001, 44.640003, 273.17789, 0.00086391246, 2, -1;
 51.840004, 51.840004, 44.640003, 276.55505, 0.00073579594, 2, -1;
 609.12, 439.20001, 44.640003, 305.17441, 0.00076257472, 2, -1;
 586.08002, 430.56003, 44.640003, 272.82941, 0.0007415436, 2, -1;
 822.24005, 129.60001, 44.640003, 107.92173, 0.00062395877, 2, -1;
 558.72003, 430.56003, 44.640003, 206.95596, 0.00074750988, 2, -1;
 679.68005, 432.00003, 44.640003, 212.16156, 0.00087718532, 2, -1;
 659.52002, 430.56003, 44.640003, 315.77194, 0.00077210553, 2, -1;
 593.28003, 72, 44.640003, 280.47882, 0.00062157476, 2, -1;
 626.40002, 439.20001, 44.640003, 261.72864, 0.0004922293, 2, -1;
 619.20001, 440.64001, 44.640003, 302.01578, 0.00047727427, 2, -1;
 876.96002, 453.60001, 44.640003, 102.4305, 0.00044379933, 2, -1;
 522.72003, 70.560005, 44.640003, 188.97557, 0.00059649441, 2, -1;
 522.72003, 95.040001, 44.640003, 172.77419, 0.00044857702, 2, -1;
 774.72003, 453.60001, 44.640003, 37.819912, 0.00046270076, 2, -1;
 777.60004, 439.20001, 44.640003, 325.18518, 0.00048459964, 2, -1;
 522.72003, 133.92, 44.640003, 145.4046, 0.00047416252, 2, -1;
 864.00006, 319.68002, 44.640003, 339.28162, 0.00049029296, 2, -1;
 660.96002, 57.600002, 44.640003, 89.569595, 0.0005064811, 2, -1;
 586.08002, 440.64001, 44.640003, 268.19006, 0.00049675093, 2, -1;
 574.56, 129.60001, 44.640003, 79.601997, 0.00051312119, 2, -1;
 637.92004, 429.12003, 44.640003, 268.30463, 0.00058267236, 2, -1;
 633.60004, 59.040001, 44.640003, 101.59772, 0.00045285342, 2, -1;
 293.76001, 306.72, 44.640003, 334.93857, 0.00052263035, 2, -1;
 524.16003, 108.00001, 44.640003, 179.70119, 0.00050034741, 2, -1;
 44.640003, 97.920006, 44.640003, 134.29488, 0.00045564046, 2, -1;
 732.96002, 437.76001, 44.640003, 260.22656, 0.00046541961, 2, -1;
 54.720001, 96.480003, 44.640003, 118.50121, 0.00061715662, 2, -1;
 897.12006, 437.76001, 44.640003, 320.50705, 0.00054666743, 2, -1;
 629.28003, 132.48001, 44.640003, 83.667206, 0.00050153042, 2, -1;
 655.20001, 109.44, 44.640003, 358.67154, 0.00049684453, 2, -1;
 61.920002, 93.600006, 44.640003, 93.877831, 0.00049938454, 2, -1;
 786.24005, 439.20001, 44.640003, 225.58229, 0.00044256652, 2, -1;
 819.36005, 439.20001, 44.640003, 302.6084, 0.00054514746, 2, -1;
 103.68001, 63.360001, 44.640003, 225.31148, 0.00059575832, 2, -1;
 594.72003, 429.12003, 44.640003, 263.07446, 0.00060558558, 2, -1;
 636.48004, 53.280003, 44.640003, 63.543083, 0.00044977997, 2, -1;
 853.92004, 329.76001, 44.640003, 58.236317, 0.00044074462, 2, -1;
 541.44, 54.720001, 44.640003, 57.3092, 0.00043403942, 2, -1;
 665.28003, 132.48001, 44.640003, 100.5641, 0.00043313386, 2, -1;
 649.44, 439.20001, 44.640003, 321.461, 0.00042652609, 2, -1;
 298.08002, 309.60001, 44.640003, 333.64853, 0.0004187983, 2, -1;
 852.48004, 453.60001, 44.640003, 97.022034, 0.00041459469, 2, -1;
 616.32001, 72, 44.640003, 286.90552, 0.0004046851, 2, -1;
 564.48004, 437.76001, 44.640003, 194.84332, 0.00040030558, 2, -1;
 626.40002, 452.16, 44.640003, 106.978, 0.00039511212, 2, -1;
 810.72003, 70.560005, 44.640003, 185.9137, 0.00039379316, 2, -1;
 601.92004, 132.48001, 44.640003, 89.419556, 0.0003899055, 2, -1;
 662.40002, 53.280003, 44.640003, 102.71439, 0.00038722667, 2, -1;
 658.36804, 432.00003, 53.568005, 315.78375, 0.0012132182, 3, -1;
 898.56006, 442.36804, 53.568005, 323.52759, 0.00065399986, 3, -1;
 575.42407, 127.87201, 53.568005, 68.960251, 0.00049584114, 3, -1;
 853.63208, 129.60001, 53.568005, 79.889519, 0.00059087045, 3, -1;
 786.24005, 438.91205, 53.568005, 266.49963, 0.00043239328, 3, -1;
 774.14404, 437.18405, 53.568005, 306.28952, 0.0016635307, 3, -1;
 523.58405, 133.05602, 53.568005, 141.82718, 0.00041830787, 3, -1;
 527.04004, 133.05602, 53.568005, 136.64311, 0.00055749266, 3, -1;
 540.86407, 53.568005, 53.568005, 198.03059, 0.00042890946, 3, -1;
 293.76004, 305.85602, 53.568005, 334.0289, 0.0004980854, 3, -1;
 786.24005, 432.00003, 53.568005, 268.92117, 0.00088744122, 3, -1;
 616.89606, 428.54404, 53.568005, 280.01724, 0.00067882898, 3, -1;
 637.63208, 428.54404, 53.568005, 274.42886, 0.00054763665, 3, -1;
 806.97607, 428.54404, 53.568005, 268.29004, 0.00075394963, 3, -1;
 827.7121, 428.54404, 53.568005, 279.8999, 0.00081397296, 3, -1;
 824.2561, 129.60001, 53.568005, 108.45155, 0.00047464613, 3, -1;
 585.79205, 430.27203, 53.568005, 270.66901, 0.00078552996, 3, -1;
 649.72809, 430.27203, 53.568005, 304.81973, 0.00069913286, 3, -1;
 680.83209, 430.27203, 53.568005, 224.54514, 0.00066995667, 3, -1;
 768.96008, 430.27203, 53.568005, 295.22101, 0.0011108853, 3, -1;
 896.83209, 430.27203, 53.568005, 300.95059, 0.0010931565, 3, -1;
 594.43207, 432.00003, 53.568005, 271.62244, 0.0011403349, 3, -1;
 558.14404, 430.27203, 53.568005, 212.61195, 0.00061159441, 3, -1;
 777.6001, 438.91205, 53.568005, 302.4642, 0.00064186816, 3, -1;
 819.07208, 432.00003, 53.568005, 284.77832, 0.0017850082, 3, -1;
 827.7121, 432.00003, 53.568005, 280.72937, 0.0015093263, 3, -1;
 838.08008, 432.00003, 53.568005, 268.64435, 0.0016676295, 3, -1;
 796.60809, 428.54404, 53.568005, 259.38354, 0.0005498153, 3, -1;
 478.65604, 359.42404, 53.568005, 355.02533, 0.00051188731, 3, -1;
 853.63208, 330.04803, 53.568005, 54.826096, 0.0004551858, 3, -1;
 594.43207, 72.576004, 53.568005, 297.59186, 0.00070946547, 3, -1;
 578.88007, 122.68801, 53.568005, 70.524223, 0.0004206567, 3, -1;
 571.96808, 72.576004, 53.568005, 154.46971, 0.00069602131, 3, -1;
 559.87207, 438.91205, 53.568005, 203.25153, 0.00056007539, 3, -1;
 853.63208, 438.91205, 53.568005, 267.82599, 0.00075070711, 3, -1;
 654.91205, 108.86401, 53.568005, 352.04224, 0.00041740312, 3, -1;
 585.79205, 438.91205, 53.568005, 262.98511, 0.00055208424, 3, -1;
 634.17609, 58.752007, 53.568005, 29.442665, 0.00047797538, 3, -1;
 609.98407, 438.91205, 53.568005, 277.76154, 0.00059447071, 3, -1;
 525.31207, 108.86401, 53.568005, 179.79286, 0.00065158476, 3, -1;
 523.58405, 70.848007, 53.568005, 190.78409, 0.00071533071, 3, -1;
 627.26404, 428.54404, 53.568005, 275.56671, 0.00050326617, 3, -1;
 628.99207, 133.05602, 53.568005, 78.0755, 0.00049190235, 3, -1;
 696.38409, 438.91205, 53.568005, 250.63399, 0.0013893216, 3, -1;
 732.67206, 438.91205, 53.568005, 253.71106, 0.0004489937, 3, -1;
 665.28009, 57.024006, 53.568005, 86.836205, 0.00049992546, 3, -1;
 853.63208, 324.86404, 53.568005, 26.385283, 0.00041425799, 3, -1;
 819.07208, 442.36804, 53.568005, 287.65137, 0.00039812224, 3, -1;
 580.60803, 438.91205, 53.568005, 247.64021, 0.00039704255, 3, -1;
 627.26404, 438.91205, 53.568005, 275.00616, 0.00039176535, 3, -1;
 796.60809, 438.91205, 53.568005, 236.00165, 0.00039070193, 3, -1;
 844.99207, 324.86404, 53.568005, 99.91256, 0.00038597471, 3, -1;
 440.64005, 241.92003, 53.568005, 2.3724816, 0.00038474737, 3, -1;
 603.07208, 126.14401, 53.568005, 75.399239, 0.00037887556, 3, -1;
 665.28009, 133.05602, 53.568005, 85.474518, 0.00037841659, 3, -1;
 565.05603, 438.91205, 53.568005, 210.44026, 0.00037609236, 3, -1;
 819.07208, 438.91205, 53.568005, 285.07898, 0.00037470734, 3, -1;
 727.4881, 72.576004, 53.568005, 213.53197, 0.00036711938, 3, -1;
 55.296005, 98.49601, 53.568005, 131.31525, 0.00034595601, 3, -1;
 865.72809, 317.95203, 53.568005, 337.18707, 0.00034494742, 3, -1;
 649.72809, 438.91205, 53.568005, 322.36234, 0.00033284255, 3, -1;
 521.85608, 95.040009, 53.568005, 173.22864, 0.00033238871, 3, -1;
 705.02405, 91.584007, 53.568005, 103.58094, 0.00033199228, 3, -1;
 584.75531, 431.30887, 64.281609, 264.45734, 0.00098723092, 4, -1;
 756.86414, 429.23526, 64.281609, 273.02374, 0.00043621962, 4, -1;
 649.03687, 429.23526, 64.281609, 299.82458, 0.0005895787, 4, -1;
 526.69446, 132.71042, 64.281609, 139.32555, 0.00069981167, 4, -1;
 806.63049, 429.23526, 64.281609, 272.75287, 0.00070176634, 4, -1;
 881.28015, 429.23526, 64.281609, 282.60696, 0.00060501421, 4, -1;
 669.77289, 132.71042, 64.281609, 75.18869, 0.00064627547, 4, -1;
 659.40491, 95.385612, 64.281609, 333.81003, 0.00042916904, 4, -1;
 632.44806, 132.71042, 64.281609, 75.785126, 0.00073488505, 4, -1;
 557.79846, 433.38245, 64.281609, 227.10376, 0.00092606584, 4, -1;
 605.49127, 132.71042, 64.281609, 84.157021, 0.00051588228, 4, -1;
 595.12329, 431.30887, 64.281609, 279.15448, 0.000856283, 4, -1;
 657.3313, 431.30887, 64.281609, 304.10577, 0.0011463638, 4, -1;
 827.36652, 431.30887, 64.281609, 280.36179, 0.0014448662, 4, -1;
 580.60809, 124.41602, 64.281609, 96.959824, 0.00047252173, 4, -1;
 682.21448, 431.30887, 64.281609, 237.59891, 0.00076030538, 4, -1;
 715.39209, 433.38245, 64.281609, 269.54941, 0.00062830385, 4, -1;
 819.07214, 431.30887, 64.281609, 271.91422, 0.0016034367, 4, -1;
 526.69446, 109.90082, 64.281609, 172.08449, 0.00087561872, 4, -1;
 767.23212, 431.30887, 64.281609, 293.23752, 0.0011298786, 4, -1;
 796.26251, 431.30887, 64.281609, 256.26178, 0.00096659065, 4, -1;
 783.82092, 431.30887, 64.281609, 283.39206, 0.0009313121, 4, -1;
 526.69446, 72.576012, 64.281609, 192.42451, 0.0012748537, 4, -1;
 570.24005, 72.576012, 64.281609, 132.78581, 0.00067718117, 4, -1;
 595.12329, 72.576012, 64.281609, 92.764755, 0.00075016962, 4, -1;
 292.37766, 304.81924, 64.281609, 336.59045, 0.00037409001, 4, -1;
 636.59528, 429.23526, 64.281609, 283.87714, 0.00044861494, 4, -1;
 524.62085, 97.459213, 64.281609, 176.60205, 0.00043764233, 4, -1;
 779.67371, 431.30887, 64.281609, 282.87936, 0.00081950991, 4, -1;
 574.38727, 126.48962, 64.281609, 82.461952, 0.00056194031, 4, -1;
 837.7345, 431.30887, 64.281609, 274.63184, 0.0014656644, 4, -1;
 877.13293, 431.30887, 64.281609, 279.18915, 0.00065878883, 4, -1;
 895.79535, 431.30887, 64.281609, 298.48447, 0.0013001147, 4, -1;
 476.92807, 358.73285, 64.281609, 355.00082, 0.0005511968, 4, -1;
 277.86243, 257.12643, 64.281609, 312.69504, 0.0005277181, 4, -1;
 628.3009, 429.23526, 64.281609, 274.54196, 0.00044247753, 4, -1;
 557.79846, 429.23526, 64.281609, 230.97162, 0.00059183408, 4, -1;
 603.41766, 126.48962, 64.281609, 84.322487, 0.00036464239, 4, -1;
 298.59845, 311.04004, 64.281609, 333.77679, 0.00036064893, 4, -1;
 727.83368, 72.576012, 64.281609, 115.67831, 0.00035279681, 4, -1;
 634.52167, 109.90082, 64.281609, 85.216812, 0.00033100386, 4, -1;
 858.47052, 331.77606, 64.281609, 40.535583, 0.00032903661, 4, -1;
 854.3233, 128.56322, 64.281609, 81.681053, 0.0003281738, 4, -1;
 617.93286, 72.576012, 64.281609, 222.52046, 0.00032597617, 4, -1;
 841.88171, 315.18726, 64.281609, 261.91965, 0.00031745358, 4, -1;
 702.9505, 91.238411, 64.281609, 136.66768, 0.00030692373, 4, -1;
 846.02893, 325.55524, 64.281609, 68.315071, 0.00029441059, 4, -1;
 655.25769, 107.82722, 64.281609, 351.15109, 0.00029335916, 4, -1;
 590.97607, 89.16481, 64.281609, 193.92868, 0.00028916818, 4, -1;
 613.78571, 76.723213, 64.281609, 180.78711, 0.0002795175, 4, -1;
 831.51373, 313.11365, 64.281609, 236.92432, 0.00027751041, 4, -1;
 837.7345, 313.11365, 64.281609, 249.68587, 0.00027282594, 4, -1;
 632.03345, 131.881, 77.137939, 82.764679, 0.00077659742, 5, -1;
 659.40497, 94.556183, 77.137939, 332.52359, 0.00047227638, 5, -1;
 604.66193, 131.881, 77.137939, 89.21769, 0.00053605204, 5, -1;
 293.62183, 306.06345, 77.137939, 345.02823, 0.0003079992, 5, -1;
 278.69189, 256.29703, 77.137939, 307.77869, 0.00033804425, 5, -1;
 646.96338, 136.85764, 77.137939, 87.01741, 0.00025274043, 5, -1;
 525.03564, 97.044502, 77.137939, 182.61171, 0.00043897447, 5, -1;
 649.45166, 129.39267, 77.137939, 85.913589, 0.00034255377, 5, -1;
 686.77649, 79.626259, 77.137939, 74.489449, 0.00026367826, 5, -1;
 527.52399, 111.97443, 77.137939, 160.88884, 0.00086850172, 5, -1;
 664.38159, 97.044502, 77.137939, 336.08508, 0.00040437013, 5, -1;
 572.31372, 99.532822, 77.137939, 290.64658, 0.00032011137, 5, -1;
 298.59848, 311.04007, 77.137939, 341.38007, 0.00028812626, 5, -1;
 612.12689, 131.881, 77.137939, 87.236603, 0.00056103122, 5, -1;
 836.07574, 311.04007, 77.137939, 258.66785, 0.00027601665, 5, -1;
 525.03564, 134.36931, 77.137939, 140.17838, 0.00060234062, 5, -1;
 557.38379, 84.602898, 77.137939, 294.41516, 0.00026044875, 5, -1;
 477.75757, 360.80649, 77.137939, 356.2045, 0.00057867094, 5, -1;
 669.35822, 131.881, 77.137939, 60.100761, 0.0006607697, 5, -1;
 589.73199, 87.091217, 77.137939, 194.5856, 0.00024956936, 5, -1;
 557.38379, 109.48611, 77.137939, 82.568542, 0.00034882248, 5, -1;
 472.78091, 209.01894, 77.137939, 352.35257, 0.00027793847, 5, -1;
 584.75531, 94.556183, 77.137939, 223.30524, 0.00026126715, 5, -1;
 602.17358, 124.41603, 77.137939, 89.947502, 0.00048145317, 5, -1;
 634.52173, 94.556183, 77.137939, 328.28769, 0.00025867153, 5, -1;
 582.26703, 124.41603, 77.137939, 92.882042, 0.0004236988, 5, -1;
 577.29041, 116.95107, 77.137939, 88.695656, 0.00032342775, 5, -1;
 475.26923, 350.85321, 77.137939, 349.96048, 0.00026004313, 5, -1;
 858.47058, 330.94662, 77.137939, 34.169926, 0.00025987442, 5, -1;
 654.42834, 106.99779, 77.137939, 18.87599, 0.00026122041, 5, -1;
 704.1947, 89.579544, 77.137939, 122.66753, 0.00029813446, 5, -1;
 597.19696, 119.43939, 77.137939, 81.334183, 0.00041755755, 5, -1;
 684.28815, 134.36931, 77.137939, 58.87011, 0.00030378788, 5, -1;
 582.26703, 129.39267, 77.137939, 93.781006, 0.00043203996, 5, -1;
 639.49841, 131.881, 77.137939, 84.172417, 0.00085965305, 5, -1;
 686.77649, 109.48611, 77.137939, 24.944153, 0.00041261379, 5, -1;
 599.68524, 111.97443, 77.137939, 92.252907, 0.00055059977, 5, -1;
 691.75311, 116.95107, 77.137939, 42.937138, 0.00026485944, 5, -1;
 634.52173, 114.46275, 77.137939, 80.993805, 0.00049432216, 5, -1;
 686.77649, 121.92771, 77.137939, 49.221806, 0.00025149624, 5, -1;
 607.15021, 92.067863, 77.137939, 210.52852, 0.00024697813, 5, -1;
 704.1947, 79.626259, 77.137939, 127.16702, 0.00024131387, 5, -1;
 450.38602, 213.99557, 77.137939, 355.94516, 0.00023166019, 5, -1;
 666.86993, 119.43939, 77.137939, 40.142159, 0.00021982405, 5, -1;
 612.12689, 131.38333, 92.565529, 86.320602, 0.00082735642, 6, -1;
 561.36511, 113.46742, 92.565529, 89.038803, 0.00058082223, 6, -1;
 671.84656, 110.48144, 92.565529, 35.110405, 0.00076532218, 6, -1;
 576.29504, 116.45341, 92.565529, 83.617493, 0.00054841925, 6, -1;
 474.77158, 358.31818, 92.565529, 356.11392, 0.00052817055, 6, -1;
 573.30908, 125.41136, 92.565529, 86.395668, 0.00060037035, 6, -1;
 525.53333, 95.551514, 92.565529, 182.29115, 0.00051852316, 6, -1;
 636.01477, 131.38333, 92.565529, 89.655716, 0.001184145, 6, -1;
 528.51929, 110.48144, 92.565529, 157.82251, 0.00072368112, 6, -1;
 606.15491, 131.38333, 92.565529, 86.364471, 0.00066763128, 6, -1;
 525.53333, 131.38333, 92.565529, 140.42081, 0.00087678432, 6, -1;
 680.80457, 131.38333, 92.565529, 54.445145, 0.00053374143, 6, -1;
 668.8606, 131.38333, 92.565529, 60.007393, 0.00080017862, 6, -1;
 659.90265, 95.551514, 92.565529, 1.2292851, 0.00049151538, 6, -1;
 689.76251, 113.46742, 92.565529, 54.739933, 0.00046901713, 6, -1;
 582.26703, 128.39734, 92.565529, 84.839409, 0.0004608141, 6, -1;
 647.95868, 128.39734, 92.565529, 72.565628, 0.00045320764, 6, -1;
 600.18292, 122.42538, 92.565529, 90.073059, 0.00044555895, 6, -1;
 564.35114, 128.39734, 92.565529, 92.714699, 0.00043941618, 6, -1;
 686.77649, 107.49545, 92.565529, 45.405308, 0.00043011617, 6, -1;
 600.18292, 110.48144, 92.565529, 95.836159, 0.00041563954, 6, -1;
 558.37915, 107.49545, 92.565529, 101.20206, 0.00037052558, 6, -1;
 665.87463, 119.43939, 92.565529, 54.489502, 0.00034400262, 6, -1;
 636.01477, 110.48144, 92.565529, 71.541382, 0.00033031951, 6, -1;
 582.26703, 92.565529, 92.565529, 238.12828, 0.00031678219, 6, -1;
 833.08978, 313.52841, 92.565529, 263.47144, 0.00031477882, 6, -1;
 570.32312, 98.537498, 92.565529, 37.045441, 0.00029917702, 6, -1;
 471.78558, 209.01894, 92.565529, 356.19055, 0.0002934509, 6, -1;
 683.79053, 122.42538, 92.565529, 51.245262, 0.00027927908, 6, -1;
 597.19696, 95.551514, 92.565529, 152.11856, 0.00027569031, 6, -1;
 277.69659, 256.79468, 92.565529, 305.7601, 0.00025469877, 6, -1;
 627.05682, 122.42538, 92.565529, 86.995499, 0.0002461815, 6, -1;
 292.62653, 191.10303, 92.565529, 206.11641, 0.00023741518, 6, -1;
 474.77158, 349.36023, 92.565529, 350.75592, 0.00023640851, 6, -1;
 382.20605, 394.14999, 92.565529, 109.99878, 0.00023069212, 6, -1;
 441.92575, 241.86478, 92.565529, 359.71204, 0.00022568529, 6, -1;
 558.97638, 118.245, 111.07864, 114.10871, 0.0006052801, 7, -1;
 648.55591, 128.99455, 111.07864, 66.4254, 0.00041816785, 7, -1;
 601.97455, 111.07864, 111.07864, 95.888168, 0.00035037362, 7, -1;
 637.8064, 111.07864, 111.07864, 61.876839, 0.00040629509, 7, -1;
 687.97095, 111.07864, 111.07864, 51.735538, 0.0005429028, 7, -1;
 584.05865, 128.99455, 111.07864, 87.431747, 0.00041917231, 7, -1;
 526.72772, 114.66182, 111.07864, 154.73376, 0.00039609786, 7, -1;
 634.22321, 132.57773, 111.07864, 80.469818, 0.00096538675, 7, -1;
 684.38776, 121.82819, 111.07864, 53.409416, 0.00030114493, 7, -1;
 677.22137, 132.57773, 111.07864, 58.612625, 0.00097980467, 7, -1;
 476.5632, 361.90137, 111.07864, 356.41388, 0.0004980801, 7, -1;
 455.06409, 222.15727, 111.07864, 2.643173, 0.00014161685, 7, -1;
 558.97638, 136.1609, 111.07864, 106.48651, 0.00022345608, 7, -1;
 530.31091, 132.57773, 111.07864, 133.81306, 0.001096516, 7, -1;
 670.05499, 132.57773, 111.07864, 60.010429, 0.00087106792, 7, -1;
 293.82092, 193.49182, 111.07864, 199.29755, 0.00029092998, 7, -1;
 164.82637, 132.57773, 111.07864, 116.98697, 0.00011075287, 7, -1;
 429.98181, 261.57227, 111.07864, 338.94751, 0.00012486834, 7, -1;
 447.89774, 214.99091, 111.07864, 355.34851, 0.0001031315, 7, -1;
 562.55957, 128.99455, 111.07864, 103.45484, 0.00046409838, 7, -1;
 859.96362, 132.57773, 111.07864, 89.432365, 0.00016046496, 7, -1;
 573.30908, 121.82819, 111.07864, 87.902908, 0.00041683184, 7, -1;
 598.39136, 121.82819, 111.07864, 90.001785, 0.0003910368, 7, -1;
 627.05682, 121.82819, 111.07864, 83.874252, 0.00027585795, 7, -1;
 662.88867, 121.82819, 111.07864, 55.981831, 0.00057670951, 7, -1;
 279.48819, 261.57227, 111.07864, 304.04944, 0.00018931889, 7, -1;
 469.39682, 211.40773, 111.07864, 355.69846, 0.00033428619, 7, -1;
 322.48636, 207.82455, 111.07864, 207.76009, 0.00017176672, 7, -1;
 834.88135, 315.32001, 111.07864, 290.18243, 0.00022235041, 7, -1;
 652.1391, 114.66182, 111.07864, 53.4347, 0.00027151423, 7, -1;
 856.38049, 333.2359, 111.07864, 315.2261, 9.5649608e-05, 7, -1]