[856, 390, 31, 283.4895, 0.0044686487, 0, -1;
 764, 300, 31, 37.584324, 0.0031732772, 0, -1;
 775, 299, 31, 328.43979, 0.0038034571, 0, -1;
 191, 352, 31, 224.86346, 0.0042805471, 0, -1;
 207, 347, 31, 290.60925, 0.0035193677, 0, -1;
 618, 151, 31, 229.41478, 0.0032680538, 0, -1;
 787, 356, 31, 227.52521, 0.0051606395, 0, -1;
 160, 321, 31, 92.841713, 0.0032608407, 0, -1;
 743, 388, 31, 235.03821, 0.003160483, 0, -1;
 173, 164, 31, 291.33795, 0.0051466958, 0, -1;
 635, 143, 31, 319.70358, 0.0037058061, 0, -1;
 962, 154, 31, 87.895119, 0.0033542176, 0, -1;
 168, 408, 31, 243.14249, 0.0043600532, 0, -1;
 786, 387, 31, 262.53436, 0.0036429861, 0, -1;
 901, 387, 31, 246.86456, 0.0035569635, 0, -1;
 608, 129, 31, 294.2005, 0.0059504942, 0, -1;
 243, 174, 31, 141.15054, 0.0033321173, 0, -1;
 816, 150, 31, 274.20761, 0.0044933115, 0, -1;
 992, 113, 31, 12.335402, 0.0033612985, 0, -1;
 206, 185, 31, 63.88966, 0.0031914078, 0, -1;
 650, 131, 31, 94.921753, 0.0052446458, 0, -1;
 627, 164, 31, 68.938126, 0.0041667754, 0, -1;
 709, 201, 31, 313.5578, 0.0039990172, 0, -1;
 740, 299, 31, 183.68953, 0.0039429045, 0, -1;
 585, 161, 31, 252.24954, 0.0032437237, 0, -1;
 817, 134, 31, 309.67487, 0.0034836021, 0, -1;
 185, 358, 31, 256.16061, 0.0041646967, 0, -1;
 549, 160, 31, 310.17804, 0.00407553, 0, -1;
 758, 394, 31, 3.0151782, 0.0036177388, 0, -1;
 590, 151, 31, 268.31198, 0.003337787, 0, -1;
 895, 111, 31, 31.543776, 0.0045980536, 0, -1;
 127, 170, 31, 192.56114, 0.0045437822, 0, -1;
 758, 226, 31, 188.79945, 0.0032221379, 0, -1;
 129, 165, 31, 235.80945, 0.004856219, 0, -1;
 868, 221, 31, 4.0586424, 0.0034963083, 0, -1;
 771, 296, 31, 295.25031, 0.0038332005, 0, -1;
 839, 128, 31, 204.11127, 0.0034793499, 0, -1;
 866, 296, 31, 347.58823, 0.0042769504, 0, -1;
 145, 174, 31, 354.56305, 0.0036824301, 0, -1;
 143, 171, 31, 333.11169, 0.0049499297, 0, -1;
 805, 361, 31, 100.1322, 0.0040257839, 0, -1;
 714, 159, 31, 191.80035, 0.0034207744, 0, -1;
 936, 387, 31, 208.15154, 0.0039791879, 0, -1;
 533, 157, 31, 259.31546, 0.0035009417, 0, -1;
 224, 225, 31, 272.07242, 0.0037235231, 0, -1;
 145, 165, 31, 283.35135, 0.0046153772, 0, -1;
 786, 234, 31, 233.38904, 0.0042061498, 0, -1;
 918, 403, 31, 250.93839, 0.0037329628, 0, -1;
 918, 390, 31, 314.68323, 0.0043187877, 0, -1;
 194, 232, 31, 134.90981, 0.0039244834, 0, -1;
 585, 156, 31, 244.89926, 0.0034021446, 0, -1;
 202, 232, 31, 163.91313, 0.0042860052, 0, -1;
 188, 225, 31, 225.54269, 0.0053869477, 0, -1;
 816, 205, 31, 255.54938, 0.0043153046, 0, -1;
 821, 295, 31, 323.26584, 0.0035999694, 0, -1;
 760, 388, 31, 314.03165, 0.0034059223, 0, -1;
 151, 388, 31, 65.73703, 0.0047276882, 0, -1;
 624, 164, 31, 95.38871, 0.0037419447, 0, -1;
 840, 363, 31, 66.278488, 0.0039143031, 0, -1;
 865, 293, 31, 333.78729, 0.0033729542, 0, -1;
 207, 358, 31, 307.12128, 0.0038740491, 0, -1;
 514, 146, 31, 248.12604, 0.0043343916, 0, -1;
 621, 151, 31, 276.0332, 0.0032109709, 0, -1;
 743, 391, 31, 216.91141, 0.0041352152, 0, -1;
 831, 363, 31, 85.302841, 0.0048107943, 0, -1;
 178, 167, 31, 313.24368, 0.0036367038, 0, -1;
 307, 167, 31, 244.26889, 0.0035386442, 0, -1;
 149, 180, 31, 111.90878, 0.0057209446, 0, -1;
 823, 175, 31, 94.398727, 0.0035482994, 0, -1;
 832, 359, 31, 188.67055, 0.0032371285, 0, -1;
 520, 162, 31, 82.991478, 0.0046376656, 0, -1;
 242, 167, 31, 221.69542, 0.0033230984, 0, -1;
 743, 308, 31, 117.49769, 0.003587221, 0, -1;
 650, 137, 31, 31.440002, 0.0035974339, 0, -1;
 823, 170, 31, 96.63121, 0.0031518664, 0, -1;
 527, 283, 31, 140.47034, 0.0030708194, 0, -1;
 195, 229, 31, 192.14491, 0.0030326732, 0, -1;
 569, 151, 31, 262.10754, 0.0028097192, 0, -1;
 828, 149, 31, 261.70929, 0.0029131614, 0, -1;
 327, 171, 31, 125.93407, 0.0026974487, 0, -1;
 607, 170, 31, 76.213547, 0.0030616282, 0, -1;
 540, 160, 31, 334.16867, 0.0028697625, 0, -1;
 133, 180, 31, 109.10045, 0.002817682, 0, -1;
 836, 158, 31, 164.49298, 0.0030760297, 0, -1;
 800, 155, 31, 264.90594, 0.0027775466, 0, -1;
 832, 144, 31, 203.22652, 0.0030594554, 0, -1;
 956, 75, 31, 343.76743, 0.002990653, 0, -1;
 898, 251, 31, 320.43939, 0.0027892936, 0, -1;
 920, 386, 31, 311.49969, 0.0027526726, 0, -1;
 946, 391, 31, 348.63766, 0.0027877896, 0, -1;
 582, 160, 31, 277.94305, 0.0029053495, 0, -1;
 209, 224, 31, 241.09006, 0.0030605681, 0, -1;
 847, 128, 31, 322.70267, 0.0030875988, 0, -1;
 268, 163, 31, 302.02036, 0.0029970049, 0, -1;
 243, 162, 31, 247.49634, 0.0029337499, 0, -1;
 793, 345, 31, 284.25137, 0.0030820558, 0, -1;
 753, 297, 31, 268.70435, 0.0026889255, 0, -1;
 216, 163, 31, 259.86743, 0.0027312993, 0, -1;
 736, 159, 31, 114.91857, 0.003144328, 0, -1;
 772, 217, 31, 54.705048, 0.0027338876, 0, -1;
 808, 364, 31, 86.981712, 0.0028080589, 0, -1;
 282, 165, 31, 273.64734, 0.0029988487, 0, -1;
 643, 170, 31, 101.93747, 0.0028698116, 0, -1;
 814, 149, 31, 273.89691, 0.0027656681, 0, -1;
 810, 258, 31, 66.019478, 0.0026696452, 0, -1;
 711, 150, 31, 258.19714, 0.0026666308, 0, -1;
 740, 129, 31, 221.44563, 0.0026626922, 0, -1;
 773, 296, 31, 299.43216, 0.0026563113, 0, -1;
 507, 165, 31, 53.872002, 0.0026537222, 0, -1;
 584.40002, 160.8, 37.200001, 263.2182, 0.0042682537, 1, -1;
 226.8, 224.40001, 37.200001, 277.83719, 0.0040234402, 1, -1;
 817.20001, 201.60001, 37.200001, 278.23383, 0.0043151448, 1, -1;
 627.60004, 163.20001, 37.200001, 95.29084, 0.0033133258, 1, -1;
 855.60004, 385.20001, 37.200001, 272.56351, 0.0033230491, 1, -1;
 224.40001, 225.60001, 37.200001, 301.02759, 0.0048658685, 1, -1;
 526.80005, 152.40001, 37.200001, 324.85898, 0.0034687629, 1, -1;
 148.8, 180, 37.200001, 119.61612, 0.0041052978, 1, -1;
 823.20001, 170.40001, 37.200001, 91.233932, 0.004653946, 1, -1;
 584.40002, 157.20001, 37.200001, 255.4173, 0.0046563628, 1, -1;
 774.00006, 298.80002, 37.200001, 1.540756, 0.003283842, 1, -1;
 814.80005, 134.40001, 37.200001, 285.05612, 0.0034193275, 1, -1;
 864.00006, 296.40002, 37.200001, 11.734112, 0.0035552289, 1, -1;
 243.60001, 163.20001, 37.200001, 235.49205, 0.0037579089, 1, -1;
 567.60004, 151.20001, 37.200001, 261.83191, 0.0037245988, 1, -1;
 900.00006, 387.60001, 37.200001, 248.38446, 0.0036255503, 1, -1;
 649.20001, 135.60001, 37.200001, 24.554754, 0.0047856933, 1, -1;
 771.60004, 296.40002, 37.200001, 311.84647, 0.0033769268, 1, -1;
 499.20001, 152.40001, 37.200001, 224.56163, 0.0043296078, 1, -1;
 855.60004, 391.20001, 37.200001, 261.32739, 0.00460133, 1, -1;
 600, 129.60001, 37.200001, 258.216, 0.0054551517, 1, -1;
 582, 159.60001, 37.200001, 279.54373, 0.0048827729, 1, -1;
 841.20001, 208.8, 37.200001, 248.17636, 0.0046309088, 1, -1;
 823.20001, 175.20001, 37.200001, 93.202003, 0.0041827094, 1, -1;
 194.40001, 229.20001, 37.200001, 189.04532, 0.0033555797, 1, -1;
 722.40002, 158.40001, 37.200001, 166.17651, 0.0032513209, 1, -1;
 607.20001, 129.60001, 37.200001, 316.84134, 0.004174279, 1, -1;
 129.60001, 165.60001, 37.200001, 212.02098, 0.0038591539, 1, -1;
 735.60004, 158.40001, 37.200001, 57.101921, 0.0033818211, 1, -1;
 145.20001, 165.60001, 37.200001, 284.7869, 0.0036303676, 1, -1;
 589.20001, 151.20001, 37.200001, 243.71558, 0.0037150658, 1, -1;
 649.20001, 151.20001, 37.200001, 270.86157, 0.0035306374, 1, -1;
 708, 201.60001, 37.200001, 316.00174, 0.0043839407, 1, -1;
 649.20001, 132, 37.200001, 44.249958, 0.0058200238, 1, -1;
 184.8, 224.40001, 37.200001, 209.82625, 0.0040590712, 1, -1;
 519.60004, 162, 37.200001, 115.31128, 0.0039170389, 1, -1;
 786.00006, 234.00002, 37.200001, 242.91539, 0.003894456, 1, -1;
 918.00006, 390.00003, 37.200001, 293.73331, 0.0038536829, 1, -1;
 504.00003, 165.60001, 37.200001, 65.916229, 0.0048278538, 1, -1;
 819.60004, 295.20001, 37.200001, 314.66809, 0.0032888791, 1, -1;
 187.20001, 224.40001, 37.200001, 213.89145, 0.005115699, 1, -1;
 241.20001, 168, 37.200001, 200.66324, 0.0043641441, 1, -1;
 619.20001, 151.20001, 37.200001, 268.27377, 0.0055925366, 1, -1;
 549.60004, 160.8, 37.200001, 189.65414, 0.003267315, 1, -1;
 757.20001, 226.8, 37.200001, 159.60049, 0.0032496131, 1, -1;
 739.20001, 298.80002, 37.200001, 183.17436, 0.0030672946, 1, -1;
 184.8, 357.60001, 37.200001, 201.93999, 0.0030453666, 1, -1;
 710.40002, 202.8, 37.200001, 334.3616, 0.0029727775, 1, -1;
 532.80005, 157.20001, 37.200001, 231.90372, 0.0027513516, 1, -1;
 206.40001, 357.60001, 37.200001, 259.80774, 0.0030951693, 1, -1;
 760.80005, 296.40002, 37.200001, 286.21198, 0.0028997697, 1, -1;
 796.80005, 300, 37.200001, 114.22971, 0.0027061449, 1, -1;
 807.60004, 363.60001, 37.200001, 107.81049, 0.0030944811, 1, -1;
 564, 159.60001, 37.200001, 287.18655, 0.0032294651, 1, -1;
 814.80005, 150, 37.200001, 283.27463, 0.00321774, 1, -1;
 710.40002, 150, 37.200001, 261.31842, 0.0032017203, 1, -1;
 742.80005, 308.40002, 37.200001, 120.29979, 0.0027859623, 1, -1;
 801.60004, 295.20001, 37.200001, 214.92111, 0.0032054107, 1, -1;
 826.80005, 150, 37.200001, 267.17639, 0.0029242178, 1, -1;
 714, 158.40001, 37.200001, 175.59567, 0.0027273616, 1, -1;
 799.20001, 158.40001, 37.200001, 109.83604, 0.0027051684, 1, -1;
 634.80005, 142.8, 37.200001, 265.05713, 0.0030858715, 1, -1;
 740.40002, 164.40001, 37.200001, 82.196724, 0.0027206088, 1, -1;
 830.40002, 158.40001, 37.200001, 3.799264, 0.0030165424, 1, -1;
 865.20001, 292.80002, 37.200001, 347.72128, 0.0028015336, 1, -1;
 600, 165.60001, 37.200001, 44.692387, 0.0028956768, 1, -1;
 836.40002, 360, 37.200001, 53.373398, 0.002890955, 1, -1;
 142.8, 170.40001, 37.200001, 314.2103, 0.0029839904, 1, -1;
 918.00006, 403.20001, 37.200001, 274.56464, 0.003075667, 1, -1;
 854.40002, 300, 37.200001, 111.50903, 0.0028350011, 1, -1;
 513.60004, 146.40001, 37.200001, 243.69231, 0.0031899752, 1, -1;
 835.20001, 158.40001, 37.200001, 38.587143, 0.0027821183, 1, -1;
 946.80005, 387.60001, 37.200001, 322.91803, 0.0032260013, 1, -1;
 748.80005, 128.40001, 37.200001, 338.06824, 0.0027462028, 1, -1;
 787.20001, 355.20001, 37.200001, 231.94133, 0.0030958308, 1, -1;
 810.00006, 258, 37.200001, 69.671997, 0.0030999687, 1, -1;
 940.80005, 393.60001, 37.200001, 283.37872, 0.0026876736, 1, -1;
 945.60004, 391.20001, 37.200001, 333.61664, 0.0026749279, 1, -1;
 171.60001, 163.20001, 37.200001, 275.56934, 0.0026563723, 1, -1;
 744, 388.80002, 37.200001, 218.38731, 0.0026094252, 1, -1;
 838.80005, 128.40001, 37.200001, 210.28136, 0.002601854, 1, -1;
 591.60004, 159.60001, 37.200001, 271.2254, 0.0025906416, 1, -1;
 756, 163.20001, 37.200001, 73.949318, 0.0025903836, 1, -1;
 607.20001, 169.20001, 37.200001, 91.294792, 0.0025663881, 1, -1;
 934.80005, 387.60001, 37.200001, 245.52231, 0.002537281, 1, -1;
 307.20001, 166.8, 37.200001, 220.22446, 0.0025203177, 1, -1;
 894.00006, 387.60001, 37.200001, 299.48706, 0.0025168736, 1, -1;
 799.20001, 154.8, 37.200001, 250.81491, 0.0025100736, 1, -1;
 206.40001, 348, 37.200001, 243.8615, 0.0024587675, 1, -1;
 540, 159.60001, 37.200001, 259.69589, 0.0024566338, 1, -1;
 825.12006, 171.36, 44.640003, 86.176422, 0.0055570593, 2, -1;
 619.20001, 151.20001, 44.640003, 259.18796, 0.0043219123, 2, -1;
 809.28003, 257.76001, 44.640003, 72.453003, 0.0031122542, 2, -1;
 550.08002, 159.84001, 44.640003, 222.08736, 0.0033835641, 2, -1;
 201.60001, 230.40001, 44.640003, 176.84547, 0.0029276335, 2, -1;
 573.12, 159.84001, 44.640003, 241.45091, 0.0040039304, 2, -1;
 584.64001, 159.84001, 44.640003, 317.34973, 0.0040970361, 2, -1;
 722.88, 156.96001, 44.640003, 211.33752, 0.0036028391, 2, -1;
 537.12, 152.64, 44.640003, 290.32422, 0.0044896863, 2, -1;
 817.92004, 201.60001, 44.640003, 296.93707, 0.0028325599, 2, -1;
 840.96002, 208.8, 44.640003, 240.63647, 0.0035717941, 2, -1;
 823.68005, 289.44, 44.640003, 301.20688, 0.0039822017, 2, -1;
 504.00003, 164.16, 44.640003, 110.28357, 0.0033373763, 2, -1;
 839.52002, 128.16, 44.640003, 168.78705, 0.0029007581, 2, -1;
 593.28003, 159.84001, 44.640003, 18.361996, 0.0042312508, 2, -1;
 518.40002, 161.28, 44.640003, 81.833542, 0.0029134867, 2, -1;
 786.24005, 233.28001, 44.640003, 244.86279, 0.0034526736, 2, -1;
 797.76001, 299.52002, 44.640003, 96.888161, 0.0029347294, 2, -1;
 757.44, 226.08, 44.640003, 126.94958, 0.0028323948, 2, -1;
 584.64001, 156.96001, 44.640003, 292.89642, 0.0043708859, 2, -1;
 936.00006, 387.36002, 44.640003, 297.68979, 0.0035303792, 2, -1;
 900.00006, 387.36002, 44.640003, 250.31714, 0.0031043561, 2, -1;
 822.24005, 171.36, 44.640003, 88.084671, 0.0055795647, 2, -1;
 802.08002, 293.76001, 44.640003, 210.36703, 0.0038647978, 2, -1;
 835.20001, 156.96001, 44.640003, 9.9039707, 0.0034333204, 2, -1;
 527.04004, 152.64, 44.640003, 307.1098, 0.005342307, 2, -1;
 826.56006, 149.76001, 44.640003, 252.25548, 0.003512976, 2, -1;
 169.92001, 184.32001, 44.640003, 84.98571, 0.0029787584, 2, -1;
 599.04004, 129.60001, 44.640003, 113.24503, 0.0045411666, 2, -1;
 607.68005, 129.60001, 44.640003, 42.894619, 0.0033313502, 2, -1;
 624.96002, 162.72, 44.640003, 91.106773, 0.0050686575, 2, -1;
 224.64001, 224.64001, 44.640003, 278.58759, 0.0038950907, 2, -1;
 187.20001, 224.64001, 44.640003, 196.97914, 0.0039512357, 2, -1;
 815.04004, 133.92, 44.640003, 288.51501, 0.0037689838, 2, -1;
 184.32001, 226.08, 44.640003, 193.81886, 0.0039655752, 2, -1;
 649.44, 131.04001, 44.640003, 57.077229, 0.0050354209, 2, -1;
 708.48004, 201.60001, 44.640003, 334.22351, 0.0030244626, 2, -1;
 635.04004, 142.56001, 44.640003, 285.35941, 0.0039520562, 2, -1;
 799.20001, 156.96001, 44.640003, 74.958443, 0.0031179232, 2, -1;
 735.84003, 158.40001, 44.640003, 76.194321, 0.0030060115, 2, -1;
 567.36005, 151.20001, 44.640003, 259.01056, 0.0050221882, 2, -1;
 823.68005, 174.24001, 44.640003, 86.745522, 0.0045545669, 2, -1;
 588.96002, 151.20001, 44.640003, 232.83684, 0.0051045767, 2, -1;
 498.24002, 152.64, 44.640003, 194.02573, 0.0035212748, 2, -1;
 820.80005, 156.96001, 44.640003, 10.658064, 0.0038126714, 2, -1;
 563.04004, 158.40001, 44.640003, 273.41724, 0.0037426483, 2, -1;
 764.64001, 298.08002, 44.640003, 253.12534, 0.0030301041, 2, -1;
 830.88, 156.96001, 44.640003, 317.7482, 0.0035093012, 2, -1;
 649.44, 135.36, 44.640003, 349.7952, 0.004343607, 2, -1;
 192.96001, 230.40001, 44.640003, 180.31726, 0.003053939, 2, -1;
 918.72003, 390.24002, 44.640003, 276.29254, 0.0027630774, 2, -1;
 770.40002, 296.64001, 44.640003, 321.07538, 0.0027559905, 2, -1;
 145.44, 165.60001, 44.640003, 263.23193, 0.0026653027, 2, -1;
 649.44, 151.20001, 44.640003, 310.28152, 0.0026652722, 2, -1;
 694.08002, 156.96001, 44.640003, 252.16425, 0.0026602142, 2, -1;
 855.36005, 384.48001, 44.640003, 254.69247, 0.0026429039, 2, -1;
 243.36002, 162.72, 44.640003, 223.79813, 0.0026370054, 2, -1;
 509.76001, 169.92001, 44.640003, 89.383949, 0.0026233101, 2, -1;
 522.72003, 169.92001, 44.640003, 104.08889, 0.002604543, 2, -1;
 760.32001, 296.64001, 44.640003, 305.59204, 0.0025713074, 2, -1;
 540, 158.40001, 44.640003, 279.89621, 0.0025592577, 2, -1;
 532.80005, 156.96001, 44.640003, 190.28098, 0.0025537114, 2, -1;
 787.68005, 354.24002, 44.640003, 223.34264, 0.0025485223, 2, -1;
 282.24002, 164.16, 44.640003, 264.74304, 0.0025422459, 2, -1;
 203.04001, 352.80002, 44.640003, 230.048, 0.0025272155, 2, -1;
 653.76001, 158.40001, 44.640003, 151.59891, 0.002513038, 2, -1;
 740.16003, 298.08002, 44.640003, 177.01727, 0.0024997208, 2, -1;
 941.76001, 391.68002, 44.640003, 298.60184, 0.0024946048, 2, -1;
 865.44006, 292.32001, 44.640003, 359.59204, 0.0024869232, 2, -1;
 129.60001, 165.60001, 44.640003, 203.36726, 0.0024834319, 2, -1;
 918.72003, 403.20001, 44.640003, 258.12463, 0.0024610444, 2, -1;
 871.20001, 387.36002, 44.640003, 317.3844, 0.0024315871, 2, -1;
 148.32001, 180, 44.640003, 122.56599, 0.0024077785, 2, -1;
 797.76001, 292.32001, 44.640003, 252.75369, 0.002404971, 2, -1;
 882.72003, 388.80002, 44.640003, 269.15527, 0.0023855863, 2, -1;
 649.72809, 134.78401, 53.568005, 357.46951, 0.0035691441, 3, -1;
 532.22406, 157.24802, 53.568005, 34.505951, 0.0031595512, 3, -1;
 540.86407, 157.24802, 53.568005, 215.26033, 0.0036827053, 3, -1;
 599.61603, 129.60001, 53.568005, 86.663269, 0.0033602887, 3, -1;
 563.32806, 157.24802, 53.568005, 249.11069, 0.0046108924, 3, -1;
 537.40808, 152.06401, 53.568005, 272.85779, 0.0052388259, 3, -1;
 831.16809, 157.24802, 53.568005, 54.782913, 0.0037015569, 3, -1;
 870.91211, 295.48804, 53.568005, 9.9465981, 0.002817794, 3, -1;
 841.53607, 209.08801, 53.568005, 253.53915, 0.0028065576, 3, -1;
 634.17609, 138.24002, 53.568005, 288.38345, 0.0056681931, 3, -1;
 573.69604, 158.97601, 53.568005, 261.63773, 0.0035612043, 3, -1;
 758.5921, 231.55202, 53.568005, 258.25134, 0.002879912, 3, -1;
 516.67206, 139.96802, 53.568005, 245.17354, 0.0048307977, 3, -1;
 803.52008, 292.03201, 53.568005, 236.95502, 0.0030903551, 3, -1;
 127.87201, 169.34401, 53.568005, 177.8479, 0.0027740132, 3, -1;
 259.20001, 164.16002, 53.568005, 281.46103, 0.0026544405, 3, -1;
 694.65607, 157.24802, 53.568005, 83.277252, 0.0034507876, 3, -1;
 825.98407, 290.30402, 53.568005, 293.28818, 0.0030182332, 3, -1;
 625.53607, 162.43202, 53.568005, 105.68504, 0.0033603059, 3, -1;
 936.57611, 387.07202, 53.568005, 300.2114, 0.0029047639, 3, -1;
 537.40808, 164.16002, 53.568005, 129.53706, 0.0035372695, 3, -1;
 509.76004, 169.34401, 53.568005, 104.38723, 0.0036320211, 3, -1;
 635.90405, 143.42401, 53.568005, 272.59436, 0.0037906403, 3, -1;
 518.40002, 160.70401, 53.568005, 134.28873, 0.0026948487, 3, -1;
 803.52008, 150.33601, 53.568005, 270.31631, 0.0031622315, 3, -1;
 787.96808, 233.28003, 53.568005, 249.77353, 0.0029550174, 3, -1;
 620.35205, 152.06401, 53.568005, 46.920971, 0.0029031353, 3, -1;
 594.43207, 158.97601, 53.568005, 61.599628, 0.0038592299, 3, -1;
 584.06403, 158.97601, 53.568005, 160.12993, 0.0032765765, 3, -1;
 824.2561, 172.80002, 53.568005, 88.82869, 0.0031478773, 3, -1;
 608.25604, 129.60001, 53.568005, 80.811775, 0.0028604884, 3, -1;
 568.51202, 152.06401, 53.568005, 266.52487, 0.0042743362, 3, -1;
 589.24805, 152.06401, 53.568005, 289.76981, 0.0050331303, 3, -1;
 758.5921, 228.09602, 53.568005, 250.71855, 0.0033522665, 3, -1;
 867.45605, 292.03201, 53.568005, 6.7187262, 0.00361755, 3, -1;
 551.23206, 158.97601, 53.568005, 313.00049, 0.0032323108, 3, -1;
 772.41608, 221.18402, 53.568005, 253.65408, 0.0028313999, 3, -1;
 872.64008, 387.07202, 53.568005, 314.23434, 0.0026238831, 3, -1;
 186.62402, 224.64001, 53.568005, 186.97731, 0.00220475, 3, -1;
 129.60001, 165.88802, 53.568005, 197.66692, 0.0022420611, 3, -1;
 283.39203, 164.16002, 53.568005, 243.52025, 0.0024504992, 3, -1;
 770.68805, 297.21603, 53.568005, 72.422791, 0.0025730326, 3, -1;
 739.58405, 295.48804, 53.568005, 180.54433, 0.0021630086, 3, -1;
 145.15201, 165.88802, 53.568005, 239.68753, 0.0023210545, 3, -1;
 743.0401, 292.03201, 53.568005, 203.34245, 0.0021495593, 3, -1;
 798.33606, 292.03201, 53.568005, 235.71771, 0.0021559601, 3, -1;
 820.80005, 157.24802, 53.568005, 73.477943, 0.0025553999, 3, -1;
 724.03204, 157.24802, 53.568005, 152.76541, 0.0020853491, 3, -1;
 193.53601, 229.82402, 53.568005, 185.72595, 0.0021249631, 3, -1;
 514.94403, 146.88002, 53.568005, 251.89212, 0.0023589791, 3, -1;
 812.1601, 288.57602, 53.568005, 263.37076, 0.0024059173, 3, -1;
 304.12802, 183.16801, 53.568005, 104.88709, 0.0020750472, 3, -1;
 822.52808, 288.57602, 53.568005, 309.19098, 0.0023601572, 3, -1;
 715.39209, 155.52002, 53.568005, 240.94884, 0.0021847107, 3, -1;
 879.55206, 392.25604, 53.568005, 333.6188, 0.0023896252, 3, -1;
 827.7121, 150.33601, 53.568005, 273.93463, 0.0024051964, 3, -1;
 765.50409, 297.21603, 53.568005, 358.61285, 0.0022584142, 3, -1;
 900.28809, 387.07202, 53.568005, 280.24127, 0.0023120793, 3, -1;
 855.36011, 385.34402, 53.568005, 268.83453, 0.0020595125, 3, -1;
 798.33606, 155.52002, 53.568005, 59.442291, 0.0021259873, 3, -1;
 148.60802, 177.98402, 53.568005, 130.7906, 0.0020675764, 3, -1;
 815.61609, 136.51201, 53.568005, 270.04294, 0.0025580029, 3, -1;
 202.17603, 229.82402, 53.568005, 183.90404, 0.0020516198, 3, -1;
 182.47682, 350.43845, 64.281609, 215.66647, 0.0024772054, 4, -1;
 551.5777, 157.59363, 64.281609, 248.03165, 0.0030490661, 4, -1;
 814.92493, 151.37282, 64.281609, 259.88913, 0.0019244998, 4, -1;
 541.20966, 155.52002, 64.281609, 251.79562, 0.0051614991, 4, -1;
 787.96814, 232.24323, 64.281609, 275.27795, 0.0021774336, 4, -1;
 837.7345, 161.74083, 64.281609, 51.968193, 0.0036719833, 4, -1;
 771.37933, 296.52484, 64.281609, 19.451887, 0.001658155, 4, -1;
 821.14569, 155.52002, 64.281609, 104.73884, 0.0022293394, 4, -1;
 868.8385, 292.37766, 64.281609, 9.769187, 0.002486215, 4, -1;
 259.20004, 165.88803, 64.281609, 201.47801, 0.0025026994, 4, -1;
 827.36652, 151.37282, 64.281609, 312.8927, 0.0026286652, 4, -1;
 145.15202, 165.88803, 64.281609, 218.40129, 0.0016699521, 4, -1;
 599.27051, 130.63683, 64.281609, 80.917053, 0.0018809444, 4, -1;
 798.33612, 292.37766, 64.281609, 260.9444, 0.0022503701, 4, -1;
 634.52167, 138.93121, 64.281609, 318.58221, 0.0046647498, 4, -1;
 823.2193, 290.30405, 64.281609, 71.897453, 0.0025338104, 4, -1;
 854.3233, 302.74564, 64.281609, 63.502953, 0.0025915394, 4, -1;
 765.15851, 296.52484, 64.281609, 158.64731, 0.0020615894, 4, -1;
 624.15369, 161.74083, 64.281609, 75.427429, 0.0031855297, 4, -1;
 503.88486, 161.74083, 64.281609, 144.67841, 0.0020319964, 4, -1;
 771.37933, 221.87523, 64.281609, 261.93134, 0.0016364584, 4, -1;
 823.2193, 172.10883, 64.281609, 90.322815, 0.0025745777, 4, -1;
 561.94568, 157.59363, 64.281609, 240.27792, 0.0036642822, 4, -1;
 808.7041, 259.20004, 64.281609, 80.664116, 0.002406039, 4, -1;
 810.77771, 288.23044, 64.281609, 310.01431, 0.0016147625, 4, -1;
 723.68652, 155.52002, 64.281609, 146.69781, 0.002919903, 4, -1;
 593.04968, 157.59363, 64.281609, 54.975285, 0.0033609294, 4, -1;
 582.6817, 157.59363, 64.281609, 73.493134, 0.0035201851, 4, -1;
 572.31366, 157.59363, 64.281609, 221.14886, 0.0036573256, 4, -1;
 649.03687, 132.71042, 64.281609, 78.947403, 0.0019821201, 4, -1;
 167.96162, 182.47682, 64.281609, 92.040558, 0.0026399407, 4, -1;
 833.58734, 155.52002, 64.281609, 34.156586, 0.0031473797, 4, -1;
 205.28642, 350.43845, 64.281609, 267.61261, 0.0028637622, 4, -1;
 862.61774, 248.83203, 64.281609, 70.89061, 0.0017370161, 4, -1;
 798.33612, 155.52002, 64.281609, 101.73743, 0.0028250674, 4, -1;
 734.0545, 155.52002, 64.281609, 105.59474, 0.0022002545, 4, -1;
 742.34888, 292.37766, 64.281609, 186.40456, 0.0019858137, 4, -1;
 634.52167, 145.15202, 64.281609, 297.31793, 0.0019323271, 4, -1;
 756.86414, 228.09604, 64.281609, 264.05524, 0.0025036787, 4, -1;
 649.03687, 153.44643, 64.281609, 67.915932, 0.002749881, 4, -1;
 528.76807, 153.44643, 64.281609, 273.96494, 0.0054062852, 4, -1;
 526.69446, 167.96162, 64.281609, 93.071182, 0.0027038178, 4, -1;
 740.27533, 296.52484, 64.281609, 170.7662, 0.0019222618, 4, -1;
 748.5697, 201.13922, 64.281609, 225.09985, 0.0022058135, 4, -1;
 153.44643, 329.70245, 64.281609, 65.712753, 0.0016874124, 4, -1;
 841.88171, 209.43362, 64.281609, 238.95755, 0.0018714466, 4, -1;
 870.91211, 387.76324, 64.281609, 305.63708, 0.0016980497, 4, -1;
 630.37451, 167.96162, 64.281609, 77.175194, 0.0033171661, 4, -1;
 512.17926, 141.00482, 64.281609, 229.71733, 0.0041805529, 4, -1;
 516.32648, 141.00482, 64.281609, 259.71625, 0.0041744062, 4, -1;
 620.00647, 153.44643, 64.281609, 47.432331, 0.0016014237, 4, -1;
 715.39209, 263.34723, 64.281609, 102.74882, 0.0015940395, 4, -1;
 515.08234, 141.83427, 77.137939, 164.09334, 0.0032180359, 5, -1;
 649.45166, 151.78755, 77.137939, 101.31091, 0.002127005, 5, -1;
 938.09686, 388.17801, 77.137939, 301.00146, 0.0018291456, 5, -1;
 748.9845, 201.55397, 77.137939, 177.03639, 0.0017974337, 5, -1;
 890.81879, 261.27365, 77.137939, 49.799526, 0.0017122657, 5, -1;
 816.16913, 151.78755, 77.137939, 109.98651, 0.002424998, 5, -1;
 691.75311, 156.76419, 77.137939, 103.06573, 0.0020996663, 5, -1;
 796.26257, 293.62183, 77.137939, 37.308796, 0.0016743296, 5, -1;
 821.14581, 154.27588, 77.137939, 77.396866, 0.0022179971, 5, -1;
 868.42389, 293.62183, 77.137939, 31.28261, 0.0016750757, 5, -1;
 619.5918, 166.71748, 77.137939, 63.994938, 0.0028941578, 5, -1;
 758.93781, 228.92549, 77.137939, 250.60468, 0.0016760463, 5, -1;
 696.72974, 258.78534, 77.137939, 219.23485, 0.0018593357, 5, -1;
 559.87213, 156.76419, 77.137939, 248.28114, 0.001625408, 5, -1;
 206.53061, 353.34152, 77.137939, 343.50266, 0.0015969985, 5, -1;
 629.5451, 166.71748, 77.137939, 56.993053, 0.0029805179, 5, -1;
 554.89551, 156.76419, 77.137939, 212.29604, 0.0019416907, 5, -1;
 823.63409, 291.13351, 77.137939, 106.4837, 0.0019054263, 5, -1;
 833.5874, 154.27588, 77.137939, 31.299833, 0.0022587765, 5, -1;
 788.79761, 233.90213, 77.137939, 283.38141, 0.0018496028, 5, -1;
 169.2058, 181.6474, 77.137939, 128.45619, 0.0015900537, 5, -1;
 811.1925, 261.27365, 77.137939, 36.861217, 0.0016806882, 5, -1;
 594.70862, 156.76419, 77.137939, 69.383698, 0.0036552285, 5, -1;
 624.56848, 159.25252, 77.137939, 50.945786, 0.0017613631, 5, -1;
 527.52399, 166.71748, 77.137939, 105.08414, 0.0017187555, 5, -1;
 258.78534, 166.71748, 77.137939, 173.59798, 0.0015488415, 5, -1;
 741.51953, 201.55397, 77.137939, 170.47734, 0.0015149183, 5, -1;
 778.84436, 243.85542, 77.137939, 153.76717, 0.0014808757, 5, -1;
 505.12909, 159.25252, 77.137939, 154.6358, 0.0014785466, 5, -1;
 838.56403, 261.27365, 77.137939, 175.9798, 0.001476727, 5, -1;
 823.63409, 171.69412, 77.137939, 81.524422, 0.0014718119, 5, -1;
 711.65967, 238.87878, 77.137939, 235.30692, 0.0013988793, 5, -1;
 184.13573, 350.85321, 77.137939, 225.10027, 0.001388525, 5, -1;
 853.49396, 241.3671, 77.137939, 167.08632, 0.0013770942, 5, -1;
 711.65967, 251.32037, 77.137939, 195.69489, 0.0013246844, 5, -1;
 880.86548, 388.17801, 77.137939, 286.92773, 0.0012742882, 5, -1;
 238.87878, 169.2058, 77.137939, 146.88249, 0.0012678772, 5, -1;
 841.05237, 211.50725, 77.137939, 238.15694, 0.001265274, 5, -1;
 243.85542, 164.22916, 77.137939, 179.11084, 0.0012606692, 5, -1;
 144.3226, 169.2058, 77.137939, 187.64713, 0.0012451265, 5, -1;
 788.79761, 243.85542, 77.137939, 33.932709, 0.0012368334, 5, -1;
 811.1925, 288.6452, 77.137939, 358.83984, 0.0012240246, 5, -1;
 741.51953, 293.62183, 77.137939, 146.8063, 0.0012041561, 5, -1;
 701.70642, 211.50725, 77.137939, 222.94347, 0.0011196276, 5, -1;
 734.55225, 241.86478, 92.565529, 201.76216, 0.0011331228, 6, -1;
 770.38409, 220.96288, 92.565529, 262.92273, 0.00079970038, 6, -1;
 776.35608, 289.64053, 92.565529, 100.48844, 0.0012016842, 6, -1;
 241.86478, 164.22916, 92.565529, 151.13193, 0.00080077467, 6, -1;
 851.00568, 241.86478, 92.565529, 168.8719, 0.0011914262, 6, -1;
 743.51019, 200.06097, 92.565529, 86.946472, 0.0014868572, 6, -1;
 871.90759, 388.17804, 92.565529, 290.49286, 0.0011788937, 6, -1;
 716.63635, 262.76666, 92.565529, 144.80305, 0.0010204144, 6, -1;
 889.82349, 259.78067, 92.565529, 34.356026, 0.0014777485, 6, -1;
 898.78143, 244.85075, 92.565529, 21.210562, 0.00086334004, 6, -1;
 824.13184, 289.64053, 92.565529, 99.558273, 0.0008045226, 6, -1;
 815.17383, 206.03296, 92.565529, 291.6004, 0.00090167194, 6, -1;
 701.70642, 209.01894, 92.565529, 201.55382, 0.0010396171, 6, -1;
 809.2019, 259.78067, 92.565529, 293.49384, 0.00084006047, 6, -1;
 758.44012, 229.92084, 92.565529, 245.74097, 0.0010733537, 6, -1;
 710.66437, 238.87878, 92.565529, 207.50117, 0.0012584077, 6, -1;
 695.73444, 256.79468, 92.565529, 244.34735, 0.0014768399, 6, -1;
 627.05682, 167.21515, 92.565529, 58.976524, 0.0011023015, 6, -1;
 868.92157, 292.62653, 92.565529, 57.495739, 0.00080761756, 6, -1;
 791.28595, 232.90681, 92.565529, 305.1264, 0.0018776017, 6, -1;
 621.08484, 167.21515, 92.565529, 57.495708, 0.0011535935, 6, -1;
 618.09888, 155.27121, 92.565529, 54.809959, 0.0011412426, 6, -1;
 722.60834, 238.87878, 92.565529, 205.57042, 0.00088050595, 6, -1;
 689.76251, 155.27121, 92.565529, 83.796173, 0.0013742015, 6, -1;
 710.66437, 250.82272, 92.565529, 195.15451, 0.0015028814, 6, -1;
 853.99164, 301.58447, 92.565529, 33.449337, 0.00083030999, 6, -1;
 809.2019, 289.64053, 92.565529, 93.875626, 0.0010552679, 6, -1;
 695.73444, 161.24318, 92.565529, 91.845024, 0.0016087991, 6, -1;
 836.07574, 259.78067, 92.565529, 124.07672, 0.0013872725, 6, -1;
 746.49622, 304.57043, 92.565529, 124.16643, 0.00079564971, 6, -1;
 259.78067, 164.22916, 92.565529, 154.17546, 0.0007744715, 6, -1;
 815.17383, 241.86478, 92.565529, 132.25504, 0.00077344122, 6, -1;
 725.5943, 262.76666, 92.565529, 137.06352, 0.00074876694, 6, -1;
 170.20114, 182.14508, 92.565529, 125.7797, 0.00074234774, 6, -1;
 865.93561, 229.92084, 92.565529, 253.92271, 0.00073083449, 6, -1;
 206.03296, 349.36023, 92.565529, 162.14478, 0.00070126244, 6, -1;
 791.88318, 232.90681, 111.07864, 278.54617, 0.0010151319, 7, -1;
 834.88135, 257.98911, 111.07864, 84.538872, 0.0010075694, 7, -1;
 713.05316, 240.07318, 111.07864, 198.97618, 0.0009104865, 7, -1;
 863.54681, 254.40591, 111.07864, 62.161278, 0.00088822877, 7, -1;
 852.7973, 243.65637, 111.07864, 176.94052, 0.00088703906, 7, -1;
 745.30182, 200.65819, 111.07864, 73.548294, 0.00088516937, 7, -1;
 695.13727, 257.98911, 111.07864, 278.56082, 0.00086432655, 7, -1;
 723.80273, 265.15546, 111.07864, 195.99026, 0.00085465505, 7, -1;
 734.55231, 243.65637, 111.07864, 185.04851, 0.00082845747, 7, -1;
 716.63635, 265.15546, 111.07864, 226.01822, 0.00080769695, 7, -1;
 813.38226, 243.65637, 111.07864, 248.02377, 0.00068994163, 7, -1;
 648.55591, 164.82637, 111.07864, 70.133209, 0.00068011676, 7, -1;
 573.30908, 150.49364, 111.07864, 73.638443, 0.00066790631, 7, -1;
 723.80273, 240.07318, 111.07864, 187.40707, 0.00066633959, 7, -1;
 773.96729, 290.23773, 111.07864, 105.6619, 0.00065595412, 7, -1;
 899.37866, 247.23955, 111.07864, 22.460472, 0.00063593651, 7, -1;
 695.13727, 150.49364, 111.07864, 94.283226, 0.00061250379, 7, -1;
 770.38409, 218.5741, 111.07864, 251.70358, 0.00058646058, 7, -1;
 859.96362, 290.23773, 111.07864, 63.796112, 0.00058315153, 7, -1;
 809.79907, 261.57227, 111.07864, 158.84619, 0.00054566271, 7, -1;
 867.13, 293.82092, 111.07864, 60.473469, 0.00053806324, 7, -1;
 756.05139, 229.32364, 111.07864, 255.60168, 0.0005296818, 7, -1;
 842.04773, 222.15727, 111.07864, 260.87164, 0.00050580053, 7, -1;
 713.05316, 164.82637, 111.07864, 99.374016, 0.00050468085, 7, -1;
 816.96545, 207.82455, 111.07864, 214.44313, 0.00050306838, 7, -1;
 867.13, 229.32364, 111.07864, 283.72992, 0.00050027983, 7, -1;
 261.57227, 164.82637, 111.07864, 140.01219, 0.00049414672, 7, -1;
 698.72046, 207.82455, 111.07864, 142.03499, 0.00046693362, 7, -1;
 763.21771, 161.24318, 111.07864, 83.594902, 0.0004610703, 7, -1;
 842.04773, 211.40773, 111.07864, 256.11499, 0.00046101215, 7, -1;
 240.07318, 164.82637, 111.07864, 127.45154, 0.00044268364, 7, -1]