[93, 215, 31, 166.59334, 0.0041225967, 0, -1;
 71, 324, 31, 168.78398, 0.0032156236, 0, -1;
 630, 455, 31, 265.77939, 0.0033506854, 0, -1;
 710, 402, 31, 226.28484, 0.0033520442, 0, -1;
 745, 275, 31, 338.37186, 0.0039726966, 0, -1;
 741, 341, 31, 1.2073215, 0.0033384615, 0, -1;
 94, 213, 31, 119.89364, 0.0029772392, 0, -1;
 740, 253, 31, 323.66516, 0.0046043941, 0, -1;
 75, 340, 31, 192.46024, 0.0047890628, 0, -1;
 722, 383, 31, 55.107986, 0.0035071201, 0, -1;
 746, 317, 31, 347.67749, 0.0035104104, 0, -1;
 681, 430, 31, 184.06671, 0.0032286402, 0, -1;
 746, 282, 31, 354.7251, 0.0034256913, 0, -1;
 728, 223, 31, 344.80402, 0.0034005432, 0, -1;
 740, 348, 31, 27.524727, 0.00433964, 0, -1;
 735, 238, 31, 299.15723, 0.0039749616, 0, -1;
 747, 298, 31, 23.291191, 0.0036701043, 0, -1;
 745, 277, 31, 332.99179, 0.0030323663, 0, -1;
 726, 378, 31, 4.2973676, 0.0044351756, 0, -1;
 724, 384, 31, 40.308922, 0.0031769301, 0, -1;
 71, 321, 31, 157.32722, 0.0031236117, 0, -1;
 926, 174, 31, 94.129532, 0.00366565, 0, -1;
 90, 221, 31, 200.29208, 0.0033378806, 0, -1;
 77, 250, 31, 200.57938, 0.0029890165, 0, -1;
 739, 251, 31, 332.78461, 0.0047788331, 0, -1;
 735, 236, 31, 326.56073, 0.0036679904, 0, -1;
 77, 252, 31, 217.88925, 0.0031140456, 0, -1;
 74, 337, 31, 184.18301, 0.0038551581, 0, -1;
 741, 338, 31, 4.5285597, 0.0033460339, 0, -1;
 70, 299, 31, 182.52554, 0.0044241711, 0, -1;
 728, 376, 31, 14.631589, 0.0036077001, 0, -1;
 534, 455, 31, 353.1947, 0.0030862787, 0, -1;
 456, 455, 31, 271.62503, 0.0030894221, 0, -1;
 454, 455, 31, 322.73239, 0.0031191083, 0, -1;
 742, 258, 31, 357.6601, 0.0037539264, 0, -1;
 209, 460, 31, 265.52734, 0.0033667614, 0, -1;
 746, 324, 31, 14.75316, 0.004234198, 0, -1;
 916, 91, 31, 345.21118, 0.0032560111, 0, -1;
 746, 285, 31, 348.99844, 0.0034031242, 0, -1;
 735, 361, 31, 52.195713, 0.0044411733, 0, -1;
 728, 221, 31, 349.26837, 0.0034013675, 0, -1;
 551, 57, 31, 306.96588, 0.0030413975, 0, -1;
 70, 315, 31, 182.80891, 0.0041795475, 0, -1;
 740, 345, 31, 33.556282, 0.0036258174, 0, -1;
 724, 214, 31, 0.92225856, 0.0039534466, 0, -1;
 724, 216, 31, 319.58646, 0.0039729099, 0, -1;
 667, 439, 31, 294.59927, 0.0029732184, 0, -1;
 567, 462, 31, 173.73656, 0.0026396289, 0, -1;
 686, 427, 31, 287.54745, 0.0022505552, 0, -1;
 470, 450, 31, 198.85327, 0.0025387285, 0, -1;
 536, 456, 31, 311.26727, 0.0022661958, 0, -1;
 257, 460, 31, 262.92578, 0.0024116496, 0, -1;
 192, 457, 31, 312.56897, 0.0027672502, 0, -1;
 623, 457, 31, 194.79398, 0.0027499774, 0, -1;
 523, 73, 31, 26.882967, 0.0027691643, 0, -1;
 557, 461, 31, 259.80356, 0.0028062679, 0, -1;
 218, 461, 31, 298.11002, 0.0023610697, 0, -1;
 157, 442, 31, 325.23331, 0.0026370201, 0, -1;
 390, 461, 31, 28.877224, 0.0023521634, 0, -1;
 628, 59, 31, 292.33438, 0.0028188531, 0, -1;
 186, 455, 31, 287.99228, 0.0028040274, 0, -1;
 70, 313, 31, 165.59863, 0.0022887213, 0, -1;
 714, 398, 31, 306.34253, 0.002719342, 0, -1;
 599, 462, 31, 272.05051, 0.0027966325, 0, -1;
 345, 449, 31, 230.98788, 0.0024238138, 0, -1;
 423, 462, 31, 68.988892, 0.0023692793, 0, -1;
 408, 462, 31, 183.54349, 0.0029205407, 0, -1;
 70, 284, 31, 192.92236, 0.0023386185, 0, -1;
 149, 439, 31, 8.4187622, 0.002549323, 0, -1;
 584, 463, 31, 228.71851, 0.0022215026, 0, -1;
 646, 450, 31, 244.37726, 0.0025354791, 0, -1;
 567, 67, 31, 278.35318, 0.0023618785, 0, -1;
 686, 425, 31, 266.73218, 0.0022758364, 0, -1;
 76, 345, 31, 163.56393, 0.0023954911, 0, -1;
 195, 458, 31, 292.89044, 0.0028963173, 0, -1;
 699, 415, 31, 216.3494, 0.0025450932, 0, -1;
 486, 443, 31, 328.52911, 0.0025251284, 0, -1;
 608, 67, 31, 278.5249, 0.0022100597, 0, -1;
 211, 461, 31, 257.73624, 0.0029579753, 0, -1;
 72, 276, 31, 217.11401, 0.0025778566, 0, -1;
 235, 462, 31, 235.12013, 0.0023309789, 0, -1;
 722, 213, 31, 42.101612, 0.0029158227, 0, -1;
 430, 462, 31, 45.770924, 0.0025919776, 0, -1;
 565, 462, 31, 88.368195, 0.0028879954, 0, -1;
 71, 281, 31, 189.36099, 0.0021878118, 0, -1;
 385, 461, 31, 155.31389, 0.0019078436, 0, -1;
 560, 461, 31, 163.81339, 0.002143, 0, -1;
 82, 234, 31, 168.61075, 0.0019323359, 0, -1;
 608, 461, 31, 277.81775, 0.0020622502, 0, -1;
 171, 449, 31, 279.7533, 0.0020612211, 0, -1;
 152, 180, 31, 217.53517, 0.0019330535, 0, -1;
 552, 91, 31, 106.59534, 0.0020434088, 0, -1;
 723, 334, 31, 25.141348, 0.0021629701, 0, -1;
 176, 331, 31, 52.550922, 0.0020528159, 0, -1;
 490, 440, 31, 316.15012, 0.0019411379, 0, -1;
 453, 53, 31, 248.84668, 0.0020092123, 0, -1;
 392, 462, 31, 159.23341, 0.0020293004, 0, -1;
 714, 202, 31, 65.275734, 0.0018987238, 0, -1;
 366, 457, 31, 343.58563, 0.0018607626, 0, -1;
 543, 62, 31, 295.49799, 0.0018103796, 0, -1;
 718, 316, 31, 358.99643, 0.0017935217, 0, -1;
 280, 456, 31, 300.17923, 0.0017735568, 0, -1;
 302, 67, 31, 266.75946, 0.001770996, 0, -1;
 324, 440, 31, 289.45325, 0.0017689551, 0, -1;
 310, 431, 31, 114.93317, 0.0017659717, 0, -1;
 634, 68, 31, 320.51932, 0.0017629482, 0, -1;
 521, 450, 31, 272.4483, 0.0017381898, 0, -1;
 361, 456, 31, 336.27682, 0.0017246916, 0, -1;
 466, 75, 31, 30.27692, 0.001710253, 0, -1;
 382.80002, 462.00003, 37.200001, 75.656639, 0.0013689045, 1, -1;
 667.20001, 439.20001, 37.200001, 235.08006, 0.001312649, 1, -1;
 741.60004, 337.20001, 37.200001, 0.31604621, 0.0017487528, 1, -1;
 522, 73.200005, 37.200001, 29.242502, 0.001691695, 1, -1;
 82.800003, 235.20001, 37.200001, 196.57851, 0.0015149456, 1, -1;
 93.600006, 213.60001, 37.200001, 140.45398, 0.0018705963, 1, -1;
 915.60004, 91.200005, 37.200001, 354.98865, 0.0021971881, 1, -1;
 630, 456.00003, 37.200001, 239.64346, 0.0015290589, 1, -1;
 733.20001, 362.40002, 37.200001, 13.991988, 0.0021905045, 1, -1;
 741.60004, 259.20001, 37.200001, 351.55051, 0.0020517742, 1, -1;
 726, 222.00002, 37.200001, 347.3848, 0.0018371774, 1, -1;
 745.20001, 314.40002, 37.200001, 350.30865, 0.0029553561, 1, -1;
 727.20001, 375.60001, 37.200001, 7.6842313, 0.0022931956, 1, -1;
 74.400002, 339.60001, 37.200001, 163.82939, 0.0027965249, 1, -1;
 712.80005, 398.40002, 37.200001, 335.77292, 0.0018086848, 1, -1;
 193.20001, 457.20001, 37.200001, 291.85654, 0.0018478869, 1, -1;
 273.60001, 458.40002, 37.200001, 222.42126, 0.0011589774, 1, -1;
 709.20001, 403.20001, 37.200001, 256.02441, 0.001780934, 1, -1;
 660, 444.00003, 37.200001, 291.75153, 0.0012842735, 1, -1;
 544.80005, 61.200001, 37.200001, 302.23746, 0.0020740724, 1, -1;
 726, 378, 37.200001, 25.941339, 0.0030694229, 1, -1;
 520.80005, 61.200001, 37.200001, 297.87766, 0.0011703875, 1, -1;
 744, 276, 37.200001, 351.33994, 0.0022068657, 1, -1;
 926.40002, 174, 37.200001, 89.87011, 0.0012162187, 1, -1;
 746.40002, 298.80002, 37.200001, 352.90857, 0.0024579444, 1, -1;
 733.20001, 236.40001, 37.200001, 322.8732, 0.001910924, 1, -1;
 344.40002, 451.20001, 37.200001, 238.20995, 0.0013492958, 1, -1;
 745.20001, 283.20001, 37.200001, 348.75244, 0.0022644429, 1, -1;
 680.40002, 430.80002, 37.200001, 186.19322, 0.0015793145, 1, -1;
 606, 462.00003, 37.200001, 246.47023, 0.0014934086, 1, -1;
 192, 139.20001, 37.200001, 230.52063, 0.0013351844, 1, -1;
 88.800003, 220.8, 37.200001, 205.51358, 0.0014628591, 1, -1;
 558, 462.00003, 37.200001, 165.55054, 0.0012982646, 1, -1;
 74.400002, 337.20001, 37.200001, 178.23172, 0.0021492925, 1, -1;
 543.60004, 63.600002, 37.200001, 289.08499, 0.0017393227, 1, -1;
 566.40002, 462.00003, 37.200001, 183.5188, 0.0016574176, 1, -1;
 156, 442.80002, 37.200001, 329.19839, 0.001252376, 1, -1;
 430.80002, 462.00003, 37.200001, 95.067055, 0.0013416639, 1, -1;
 391.20001, 462.00003, 37.200001, 146.56264, 0.0012522327, 1, -1;
 744, 322.80002, 37.200001, 2.8756096, 0.0022086224, 1, -1;
 69.600006, 298.80002, 37.200001, 176.01025, 0.0020403818, 1, -1;
 723.60004, 216.00002, 37.200001, 32.649967, 0.0025408671, 1, -1;
 566.40002, 67.200005, 37.200001, 269.66998, 0.0016537919, 1, -1;
 739.20001, 252.00002, 37.200001, 334.68661, 0.0025449432, 1, -1;
 75.600006, 346.80002, 37.200001, 163.97061, 0.0016183029, 1, -1;
 124.8, 214.8, 37.200001, 199.69292, 0.0012116319, 1, -1;
 72, 274.80002, 37.200001, 190.90829, 0.0014915188, 1, -1;
 234.00002, 462.00003, 37.200001, 271.44434, 0.0015016751, 1, -1;
 632.40002, 68.400002, 37.200001, 318.72168, 0.0015248788, 1, -1;
 722.40002, 384, 37.200001, 37.435593, 0.0019601749, 1, -1;
 217.20001, 462.00003, 37.200001, 285.59174, 0.0013353392, 1, -1;
 256.80002, 460.80002, 37.200001, 217.60368, 0.0013681621, 1, -1;
 693.60004, 380.40002, 37.200001, 33.957253, 0.0012535943, 1, -1;
 74.400002, 259.20001, 37.200001, 192.01686, 0.0017389029, 1, -1;
 210.00002, 460.80002, 37.200001, 281.6452, 0.0020418104, 1, -1;
 548.40002, 69.600006, 37.200001, 235.31844, 0.0019108524, 1, -1;
 184.8, 456.00003, 37.200001, 282.43372, 0.0016023847, 1, -1;
 337.20001, 76.800003, 37.200001, 204.92006, 0.0012812119, 1, -1;
 70.800003, 282, 37.200001, 193.38486, 0.0016814109, 1, -1;
 622.80005, 458.40002, 37.200001, 176.65083, 0.001347948, 1, -1;
 76.800003, 250.8, 37.200001, 197.36128, 0.0017258794, 1, -1;
 136.8, 345.60001, 37.200001, 51.980183, 0.0015456412, 1, -1;
 72, 322.80002, 37.200001, 162.61705, 0.0020517358, 1, -1;
 548.40002, 67.200005, 37.200001, 283.9469, 0.0026650436, 1, -1;
 70.800003, 315.60001, 37.200001, 160.17981, 0.0023419806, 1, -1;
 171.60001, 146.40001, 37.200001, 220.01945, 0.0014339002, 1, -1;
 739.20001, 346.80002, 37.200001, 19.763157, 0.0019674832, 1, -1;
 360, 456.00003, 37.200001, 346.03085, 0.0012388694, 1, -1;
 535.20001, 456.00003, 37.200001, 339.25601, 0.0015067541, 1, -1;
 553.20001, 91.200005, 37.200001, 171.00912, 0.0012050527, 1, -1;
 301.20001, 67.200005, 37.200001, 284.51477, 0.001158961, 1, -1;
 598.80005, 86.400002, 37.200001, 109.38087, 0.001157681, 1, -1;
 484.80002, 444.00003, 37.200001, 342.61337, 0.001155399, 1, -1;
 639.60004, 82.800003, 37.200001, 301.87445, 0.0011519738, 1, -1;
 664.80005, 409.20001, 37.200001, 9.45749, 0.0011397316, 1, -1;
 469.20001, 450.00003, 37.200001, 223.24265, 0.0011372243, 1, -1;
 645.60004, 451.20001, 37.200001, 269.44312, 0.001135506, 1, -1;
 175.20001, 332.40002, 37.200001, 59.680695, 0.0011329253, 1, -1;
 518.40002, 450.00003, 37.200001, 299.0322, 0.0011299266, 1, -1;
 310.80002, 444.00003, 37.200001, 243.15106, 0.001106723, 1, -1;
 366, 457.20001, 37.200001, 354.72958, 0.001106629, 1, -1;
 686.40002, 426.00003, 37.200001, 255.17676, 0.0010857817, 1, -1;
 280.80002, 456.00003, 37.200001, 227.08171, 0.0010786117, 1, -1;
 630, 63.600002, 37.200001, 305.99231, 0.0010778942, 1, -1;
 714, 201.60001, 37.200001, 61.609833, 0.0010696305, 1, -1;
 447.60001, 458.40002, 37.200001, 97.377625, 0.0010635076, 1, -1;
 579.60004, 78, 37.200001, 107.80665, 0.0010582064, 1, -1;
 715.20001, 264, 37.200001, 333.8064, 0.0010496536, 1, -1;
 97.200005, 316.80002, 37.200001, 181.75179, 0.001046656, 1, -1;
 148.8, 439.20001, 37.200001, 23.527878, 0.0010413746, 1, -1;
 73.440002, 338.40002, 44.640003, 163.15956, 0.0011155755, 2, -1;
 740.16003, 347.04001, 44.640003, 20.223089, 0.00087349158, 2, -1;
 914.40002, 90.720001, 44.640003, 8.8964243, 0.0016089875, 2, -1;
 744.48004, 315.36002, 44.640003, 3.5194135, 0.0013549199, 2, -1;
 740.16003, 338.40002, 44.640003, 16.190571, 0.001249867, 2, -1;
 69.120003, 313.92001, 44.640003, 173.39296, 0.00079268386, 2, -1;
 665.28003, 408.96002, 44.640003, 25.651421, 0.00084013573, 2, -1;
 588.96002, 90.720001, 44.640003, 96.191551, 0.0012278879, 2, -1;
 610.56, 84.960007, 44.640003, 26.355106, 0.00078410481, 2, -1;
 727.20001, 375.84003, 44.640003, 16.906874, 0.00093322957, 2, -1;
 732.96002, 236.16, 44.640003, 328.92453, 0.00089840358, 2, -1;
 593.28003, 69.120003, 44.640003, 249.17862, 0.00082039222, 2, -1;
 599.04004, 86.400002, 44.640003, 137.3049, 0.00085013418, 2, -1;
 70.560005, 298.08002, 44.640003, 179.01086, 0.00079764199, 2, -1;
 519.84003, 60.480003, 44.640003, 255.255, 0.00081983069, 2, -1;
 518.40002, 74.880005, 44.640003, 339.45514, 0.00082399498, 2, -1;
 738.72003, 252.00002, 44.640003, 342.13513, 0.0015359891, 2, -1;
 722.88, 384.48001, 44.640003, 10.839478, 0.00079800922, 2, -1;
 541.44, 74.880005, 44.640003, 147.20493, 0.0010369376, 2, -1;
 722.88, 214.56001, 44.640003, 55.836029, 0.00097781024, 2, -1;
 732.96002, 361.44, 44.640003, 14.026905, 0.00096702593, 2, -1;
 521.28003, 72, 44.640003, 313.43631, 0.0013834739, 2, -1;
 632.16003, 67.68, 44.640003, 316.11276, 0.00096148241, 2, -1;
 563.04004, 89.280006, 44.640003, 129.03052, 0.00086227804, 2, -1;
 745.92004, 298.08002, 44.640003, 356.63971, 0.00095839344, 2, -1;
 92.160004, 213.12001, 44.640003, 156.52968, 0.00085429294, 2, -1;
 743.04004, 322.56, 44.640003, 7.3973932, 0.0010213271, 2, -1;
 72, 275.04001, 44.640003, 191.7849, 0.00084759004, 2, -1;
 417.60001, 67.68, 44.640003, 278.15942, 0.00079602405, 2, -1;
 692.64001, 381.60001, 44.640003, 51.169075, 0.00091458188, 2, -1;
 725.76001, 221.76001, 44.640003, 346.73831, 0.00080638006, 2, -1;
 741.60004, 257.76001, 44.640003, 348.52094, 0.0014694647, 2, -1;
 70.560005, 321.12003, 44.640003, 165.33771, 0.0010521873, 2, -1;
 596.16003, 70.560005, 44.640003, 253.74951, 0.00077859854, 2, -1;
 590.40002, 87.840004, 44.640003, 118.22318, 0.00083679095, 2, -1;
 743.04004, 275.04001, 44.640003, 349.20401, 0.0010529095, 2, -1;
 336.96002, 76.32, 44.640003, 202.95026, 0.00084494933, 2, -1;
 548.64001, 70.560005, 44.640003, 271.79526, 0.00082319207, 2, -1;
 230.40001, 63.360001, 44.640003, 294.73639, 0.00097317039, 2, -1;
 501.12003, 80.639999, 44.640003, 234.76848, 0.0007862667, 2, -1;
 77.760002, 250.56001, 44.640003, 196.46121, 0.00078717561, 2, -1;
 744.48004, 283.68002, 44.640003, 352.17178, 0.00097446149, 2, -1;
 544.32001, 63.360001, 44.640003, 272.19238, 0.0014214324, 2, -1;
 89.280006, 220.32001, 44.640003, 173.12503, 0.00077082752, 2, -1;
 580.32001, 77.760002, 44.640003, 316.04886, 0.00069010444, 2, -1;
 447.84003, 76.32, 44.640003, 173.41913, 0.00076079456, 2, -1;
 518.40002, 64.800003, 44.640003, 268.03735, 0.00068569067, 2, -1;
 74.880005, 259.20001, 44.640003, 197.0441, 0.00075695763, 2, -1;
 299.52002, 66.240005, 44.640003, 291.01529, 0.00072420348, 2, -1;
 388.80002, 61.920002, 44.640003, 279.2869, 0.00069555215, 2, -1;
 679.68005, 429.12003, 44.640003, 194.58705, 0.00076498726, 2, -1;
 714.24005, 397.44, 44.640003, 318.7731, 0.00073360972, 2, -1;
 708.48004, 403.20001, 44.640003, 236.28722, 0.00074242172, 2, -1;
 459.36002, 79.200005, 44.640003, 107.59402, 0.0006816294, 2, -1;
 321.12003, 70.560005, 44.640003, 228.67937, 0.00071893405, 2, -1;
 400.32001, 76.32, 44.640003, 12.008879, 0.00069315452, 2, -1;
 573.12, 77.760002, 44.640003, 341.59644, 0.00076450908, 2, -1;
 630.72003, 63.360001, 44.640003, 300.5582, 0.00071106199, 2, -1;
 316.80002, 72, 44.640003, 253.88582, 0.00069704733, 2, -1;
 466.56003, 74.880005, 44.640003, 149.95415, 0.00075364741, 2, -1;
 653.76001, 416.16, 44.640003, 50.781258, 0.00073039683, 2, -1;
 552.96002, 77.760002, 44.640003, 184.62564, 0.00067763234, 2, -1;
 295.20001, 60.480003, 44.640003, 279.53702, 0.00067132997, 2, -1;
 171.36, 146.88, 44.640003, 253.19818, 0.00065678719, 2, -1;
 390.24002, 73.440002, 44.640003, 93.247955, 0.00064256781, 2, -1;
 544.32001, 77.760002, 44.640003, 94.972649, 0.00063578668, 2, -1;
 563.04004, 77.760002, 44.640003, 171.55954, 0.00062155194, 2, -1;
 82.080002, 236.16, 44.640003, 199.11417, 0.00062083296, 2, -1;
 612, 77.760002, 44.640003, 307.13135, 0.00060466316, 2, -1;
 586.08002, 69.120003, 44.640003, 268.28381, 0.00060199655, 2, -1;
 377.28003, 80.639999, 44.640003, 146.48782, 0.00059554767, 2, -1;
 666.72003, 439.20001, 44.640003, 196.43098, 0.00059507519, 2, -1;
 155.52, 443.52002, 44.640003, 2.9240801, 0.00059128861, 2, -1;
 216.00002, 159.84001, 44.640003, 157.36668, 0.00059056387, 2, -1;
 630.72003, 70.560005, 44.640003, 320.05035, 0.0005863827, 2, -1;
 426.81604, 76.032005, 53.568005, 295.02356, 0.00048941135, 3, -1;
 267.84003, 76.032005, 53.568005, 260.86337, 0.00057238131, 3, -1;
 226.36803, 65.664009, 53.568005, 251.36293, 0.00082614878, 3, -1;
 172.80002, 400.89603, 53.568005, 25.190111, 0.00045829089, 3, -1;
 288.57602, 76.032005, 53.568005, 273.7413, 0.0004983503, 3, -1;
 609.98407, 86.400009, 53.568005, 115.96345, 0.00057531672, 3, -1;
 551.23206, 77.76001, 53.568005, 14.463507, 0.00094230362, 3, -1;
 573.69604, 77.76001, 53.568005, 239.89513, 0.00076910038, 3, -1;
 298.94403, 76.032005, 53.568005, 338.0354, 0.00047521462, 3, -1;
 563.32806, 86.400009, 53.568005, 185.1066, 0.00053809531, 3, -1;
 630.72003, 70.848007, 53.568005, 306.12924, 0.00045816496, 3, -1;
 573.69604, 86.400009, 53.568005, 124.43355, 0.00057764607, 3, -1;
 599.61603, 86.400009, 53.568005, 157.45538, 0.00060507795, 3, -1;
 580.60803, 77.76001, 53.568005, 293.86615, 0.00096373161, 3, -1;
 307.58401, 76.032005, 53.568005, 308.57416, 0.00057508599, 3, -1;
 319.68002, 69.12001, 53.568005, 252.73701, 0.00068911834, 3, -1;
 117.50401, 362.88004, 53.568005, 115.7432, 0.00049769215, 3, -1;
 589.24805, 89.85601, 53.568005, 81.19767, 0.0011099032, 3, -1;
 336.96002, 76.032005, 53.568005, 223.24153, 0.00068739871, 3, -1;
 518.40002, 76.032005, 53.568005, 311.2244, 0.00055711245, 3, -1;
 321.40802, 79.488007, 53.568005, 211.51527, 0.00055481057, 3, -1;
 611.71204, 77.76001, 53.568005, 277.52124, 0.00054056407, 3, -1;
 630.72003, 76.032005, 53.568005, 313.88983, 0.00057234784, 3, -1;
 468.28806, 76.032005, 53.568005, 260.90073, 0.00072220986, 3, -1;
 606.52808, 69.12001, 53.568005, 265.05124, 0.00080044416, 3, -1;
 604.80005, 93.312012, 53.568005, 118.45008, 0.00048702431, 3, -1;
 316.22403, 72.576004, 53.568005, 275.60388, 0.00078308576, 3, -1;
 594.43207, 70.848007, 53.568005, 260.86496, 0.00045725232, 3, -1;
 542.59204, 74.304008, 53.568005, 219.87404, 0.00098724337, 3, -1;
 447.55203, 76.032005, 53.568005, 206.72452, 0.00066534115, 3, -1;
 459.64804, 79.488007, 53.568005, 155.78795, 0.00064854958, 3, -1;
 630.72003, 67.392006, 53.568005, 303.74197, 0.00052991166, 3, -1;
 328.32004, 76.032005, 53.568005, 220.08633, 0.00045619864, 3, -1;
 388.80005, 60.480007, 53.568005, 270.88773, 0.00059514836, 3, -1;
 423.36005, 76.032005, 53.568005, 294.005, 0.00047094029, 3, -1;
 499.39206, 81.216011, 53.568005, 234.07816, 0.00053316529, 3, -1;
 520.12805, 60.480007, 53.568005, 260.90506, 0.00073202827, 3, -1;
 727.4881, 376.70404, 53.568005, 6.1978116, 0.0004851711, 3, -1;
 400.89603, 76.032005, 53.568005, 337.51245, 0.00058098068, 3, -1;
 229.82402, 62.208008, 53.568005, 268.90637, 0.0010534938, 3, -1;
 915.84009, 91.584007, 53.568005, 20.406992, 0.00064403843, 3, -1;
 387.07202, 76.032005, 53.568005, 190.79259, 0.00057573081, 3, -1;
 546.04803, 62.208008, 53.568005, 275.50974, 0.0010899563, 3, -1;
 98.49601, 331.77603, 53.568005, 176.02432, 0.0005559487, 3, -1;
 148.60802, 335.23203, 53.568005, 11.662674, 0.0005288141, 3, -1;
 563.32806, 76.032005, 53.568005, 318.58832, 0.00045540492, 3, -1;
 216.00002, 158.97601, 53.568005, 177.78372, 0.0004514507, 3, -1;
 298.94403, 65.664009, 53.568005, 294.97449, 0.00044758708, 3, -1;
 744.76807, 274.75201, 53.568005, 356.01773, 0.00044615864, 3, -1;
 665.28009, 409.53604, 53.568005, 37.514164, 0.00043867141, 3, -1;
 271.29602, 76.032005, 53.568005, 241.9223, 0.0004383476, 3, -1;
 599.61603, 76.032005, 53.568005, 242.00606, 0.00043780802, 3, -1;
 257.47202, 76.032005, 53.568005, 249.67126, 0.00043415744, 3, -1;
 414.72003, 76.032005, 53.568005, 316.05469, 0.00043147127, 3, -1;
 701.56805, 369.79202, 53.568005, 27.180811, 0.00043097683, 3, -1;
 387.07202, 70.848007, 53.568005, 253.1725, 0.0004278663, 3, -1;
 547.77606, 432.00003, 53.568005, 105.30914, 0.00042648151, 3, -1;
 461.37604, 69.12001, 53.568005, 255.49103, 0.00042582274, 3, -1;
 744.76807, 314.49603, 53.568005, 354.36414, 0.00042202315, 3, -1;
 589.24805, 157.24802, 53.568005, 235.89438, 0.00041253338, 3, -1;
 349.05603, 76.032005, 53.568005, 256.71509, 0.00041110854, 3, -1;
 622.08008, 76.032005, 53.568005, 305.15497, 0.00041044972, 3, -1;
 739.58405, 250.56003, 53.568005, 331.1492, 0.00040574098, 3, -1;
 588.90247, 89.16481, 64.281609, 97.709122, 0.00091207179, 4, -1;
 288.23044, 74.649612, 64.281609, 291.5527, 0.00050318142, 4, -1;
 518.40009, 64.281609, 64.281609, 268.71338, 0.00031617054, 4, -1;
 599.27051, 74.649612, 64.281609, 254.74632, 0.00060873048, 4, -1;
 543.28326, 74.649612, 64.281609, 279.96991, 0.00086434628, 4, -1;
 306.89285, 74.649612, 64.281609, 284.30811, 0.00061334809, 4, -1;
 574.38727, 76.723213, 64.281609, 262.40546, 0.00054462563, 4, -1;
 564.01929, 76.723213, 64.281609, 277.34793, 0.00045791312, 4, -1;
 468.63367, 78.796814, 64.281609, 227.62897, 0.00038318287, 4, -1;
 605.49127, 70.502411, 64.281609, 271.60052, 0.00065306592, 4, -1;
 914.4577, 91.238411, 64.281609, 29.437778, 0.00032541726, 4, -1;
 605.49127, 91.238411, 64.281609, 176.75832, 0.0005167842, 4, -1;
 566.0929, 70.502411, 64.281609, 289.29733, 0.00040371655, 4, -1;
 425.08807, 74.649612, 64.281609, 274.69824, 0.00041183174, 4, -1;
 518.40009, 74.649612, 64.281609, 282.16611, 0.00041302, 4, -1;
 317.26083, 74.649612, 64.281609, 251.64828, 0.0007089054, 4, -1;
 327.62885, 74.649612, 64.281609, 224.03606, 0.00044531742, 4, -1;
 319.33444, 68.42881, 64.281609, 257.19348, 0.00034683186, 4, -1;
 337.99686, 74.649612, 64.281609, 241.37686, 0.00047595685, 4, -1;
 348.36484, 74.649612, 64.281609, 256.78113, 0.00030930393, 4, -1;
 622.08008, 76.723213, 64.281609, 296.23306, 0.0010747896, 4, -1;
 447.89767, 74.649612, 64.281609, 233.35623, 0.00045771195, 4, -1;
 257.12643, 76.723213, 64.281609, 249.21436, 0.00029170295, 4, -1;
 387.76324, 74.649612, 64.281609, 249.00784, 0.00044399229, 4, -1;
 172.10883, 402.27844, 64.281609, 66.791588, 0.00031879512, 4, -1;
 549.50409, 76.723213, 64.281609, 281.71631, 0.00085327722, 4, -1;
 435.45605, 74.649612, 64.281609, 238.63268, 0.00046753659, 4, -1;
 609.63849, 87.091209, 64.281609, 174.99313, 0.00053567445, 4, -1;
 599.27051, 87.091209, 64.281609, 147.3199, 0.00049617997, 4, -1;
 561.94568, 87.091209, 64.281609, 263.50586, 0.00044265584, 4, -1;
 400.20486, 74.649612, 64.281609, 304.92386, 0.00031026965, 4, -1;
 588.90247, 153.44643, 64.281609, 202.55551, 0.00037376885, 4, -1;
 279.93604, 74.649612, 64.281609, 286.05017, 0.0006416376, 4, -1;
 609.63849, 76.723213, 64.281609, 275.34467, 0.00049235713, 4, -1;
 460.33926, 80.870415, 64.281609, 201.73512, 0.00041118811, 4, -1;
 499.73767, 80.870415, 64.281609, 212.56216, 0.0004886376, 4, -1;
 630.37451, 74.649612, 64.281609, 294.31223, 0.00078844151, 4, -1;
 588.90247, 76.723213, 64.281609, 277.36102, 0.0003788734, 4, -1;
 578.53448, 76.723213, 64.281609, 248.3783, 0.00064870727, 4, -1;
 147.22562, 333.84964, 64.281609, 7.8142853, 0.00038202171, 4, -1;
 574.38727, 87.091209, 64.281609, 331.22812, 0.00066080806, 4, -1;
 228.09604, 66.355209, 64.281609, 245.57147, 0.00045114255, 4, -1;
 298.59845, 66.355209, 64.281609, 291.06454, 0.00035149182, 4, -1;
 311.04004, 78.796814, 64.281609, 259.784, 0.00074347696, 4, -1;
 508.03207, 74.649612, 64.281609, 263.18945, 0.00029132696, 4, -1;
 118.19521, 362.88007, 64.281609, 123.99456, 0.00027723069, 4, -1;
 412.64645, 74.649612, 64.281609, 308.49197, 0.00027224899, 4, -1;
 91.238411, 199.06563, 64.281609, 166.99001, 0.00027153545, 4, -1;
 491.44327, 252.97923, 64.281609, 308.29022, 0.00026970383, 4, -1;
 580.60809, 91.238411, 64.281609, 59.570602, 0.00026285986, 4, -1;
 180.40323, 323.48166, 64.281609, 174.52576, 0.00026095303, 4, -1;
 483.14886, 329.70245, 64.281609, 85.690765, 0.00025985847, 4, -1;
 92.067863, 191.60069, 77.137939, 173.306, 0.00017864148, 5, -1;
 490.19916, 253.8087, 77.137939, 247.54247, 0.00021831968, 5, -1;
 562.36047, 87.091217, 77.137939, 328.9787, 0.00031858977, 5, -1;
 577.29041, 87.091217, 77.137939, 279.90881, 0.00048813142, 5, -1;
 485.2225, 156.76419, 77.137939, 165.64511, 0.00024209465, 5, -1;
 241.3671, 373.24808, 77.137939, 263.05447, 0.00017442684, 5, -1;
 607.15021, 251.32037, 77.137939, 247.59875, 0.00029321673, 5, -1;
 587.24365, 154.27588, 77.137939, 193.7542, 0.00027044184, 5, -1;
 584.75531, 87.091217, 77.137939, 222.63515, 0.00037783524, 5, -1;
 599.68524, 89.579544, 77.137939, 230.03984, 0.00044127723, 5, -1;
 492.68747, 136.85764, 77.137939, 204.03113, 0.0002095456, 5, -1;
 609.63855, 77.137939, 77.137939, 272.23697, 0.00056234736, 5, -1;
 604.66193, 89.579544, 77.137939, 237.40715, 0.00049045612, 5, -1;
 338.41159, 246.34373, 77.137939, 199.51505, 0.00017218552, 5, -1;
 460.33929, 82.114578, 77.137939, 220.87839, 0.00019623726, 5, -1;
 89.579544, 199.06564, 77.137939, 170.56691, 0.00016845854, 5, -1;
 323.48169, 79.626259, 77.137939, 237.23286, 0.00033146131, 5, -1;
 587.24365, 161.74084, 77.137939, 194.46078, 0.00033105153, 5, -1;
 116.95107, 363.2948, 77.137939, 126.43441, 0.00022192128, 5, -1;
 500.15244, 79.626259, 77.137939, 242.27789, 0.00024339589, 5, -1;
 146.81091, 333.43497, 77.137939, 12.199101, 0.00030935346, 5, -1;
 552.40717, 241.3671, 77.137939, 329.14191, 0.00018685614, 5, -1;
 189.11237, 258.78534, 77.137939, 327.84943, 0.0001606068, 5, -1;
 179.15909, 325.97, 77.137939, 54.962814, 0.0001604619, 5, -1;
 480.24588, 161.74084, 77.137939, 150.04797, 0.00015539865, 5, -1;
 744.00787, 196.57733, 77.137939, 26.911579, 0.00015344143, 5, -1;
 641.98669, 199.06564, 77.137939, 150.33774, 0.00015281094, 5, -1;
 171.69412, 403.10794, 77.137939, 83.505341, 0.00015212345, 5, -1;
 701.70642, 370.75977, 77.137939, 38.780876, 0.00015157435, 5, -1;
 94.556183, 318.50504, 77.137939, 176.48401, 0.0001481342, 5, -1;
 482.73419, 328.45831, 77.137939, 164.73787, 0.00014795535, 5, -1;
 597.19696, 343.38824, 77.137939, 281.65875, 0.00014721412, 5, -1;
 492.68747, 131.881, 77.137939, 200.04842, 0.00014690835, 5, -1;
 532.50061, 345.87656, 77.137939, 129.19925, 0.00014663843, 5, -1;
 413.06122, 136.85764, 77.137939, 78.560715, 0.00014609606, 5, -1;
 191.60069, 186.62404, 77.137939, 297.69232, 0.00014404714, 5, -1;
 213.99557, 159.25252, 77.137939, 201.23343, 0.00013491887, 5, -1;
 261.27365, 176.67076, 77.137939, 93.731995, 0.00012349842, 5, -1;
 97.044502, 263.76199, 77.137939, 197.71619, 0.00012207445, 5, -1;
 97.044502, 333.43497, 77.137939, 165.95607, 0.00012157168, 5, -1;
 221.46053, 146.81091, 77.137939, 203.13747, 0.0001215107, 5, -1;
 564.84875, 343.38824, 77.137939, 345.36969, 0.00012059097, 5, -1;
 915.70197, 92.067863, 77.137939, 44.400311, 0.00011768745, 5, -1;
 97.044502, 385.6897, 77.137939, 27.569511, 0.00011568586, 5, -1;
 146.31326, 331.44431, 92.565529, 24.849926, 0.00022319348, 6, -1;
 585.25305, 161.24318, 92.565529, 164.65131, 0.00022349175, 6, -1;
 116.45341, 364.29016, 92.565529, 130.32228, 0.00016772895, 6, -1;
 95.551514, 373.24811, 92.565529, 151.45872, 0.00012708295, 6, -1;
 552.40717, 238.87878, 92.565529, 322.5191, 0.00015725761, 6, -1;
 585.25305, 152.28522, 92.565529, 184.56111, 0.0002070169, 6, -1;
 486.71552, 334.4303, 92.565529, 192.85933, 0.00016851253, 6, -1;
 606.15491, 250.82272, 92.565529, 218.66699, 0.00026877481, 6, -1;
 489.70151, 253.80872, 92.565529, 187.93048, 0.00017836395, 6, -1;
 627.05682, 229.92084, 92.565529, 199.02078, 0.00012677151, 6, -1;
 92.565529, 191.10303, 92.565529, 173.53717, 0.00012473956, 6, -1;
 471.78558, 179.15909, 92.565529, 160.32214, 0.00012456045, 6, -1;
 480.74356, 161.24318, 92.565529, 164.49629, 0.00012225857, 6, -1;
 191.10303, 259.78067, 92.565529, 327.013, 0.00012115815, 6, -1;
 492.6875, 137.3553, 92.565529, 203.17186, 0.00011890518, 6, -1;
 489.70151, 194.08902, 92.565529, 138.24396, 0.00011844922, 6, -1;
 641.98676, 200.06097, 92.565529, 143.08362, 0.00011583046, 6, -1;
 495.67346, 217.9769, 92.565529, 140.82001, 0.00010670253, 6, -1;
 913.71136, 134.36932, 92.565529, 118.31109, 0.00010543946, 6, -1;
 492.6875, 131.38333, 92.565529, 208.89839, 0.00010336517, 6, -1;
 716.63635, 331.44431, 92.565529, 11.952826, 9.6993128e-05, 6, -1;
 238.87878, 376.23407, 92.565529, 263.24316, 9.6624979e-05, 6, -1;
 337.41629, 244.85075, 92.565529, 201.30164, 9.5500618e-05, 6, -1;
 412.06592, 137.3553, 92.565529, 56.512833, 9.5040632e-05, 6, -1;
 740.52423, 197.075, 92.565529, 26.828697, 9.4095732e-05, 6, -1;
 170.20114, 403.10794, 92.565529, 100.06165, 9.3886447e-05, 6, -1;
 561.36511, 226.93484, 92.565529, 323.60962, 9.3518582e-05, 6, -1;
 98.537498, 331.44431, 92.565529, 159.1219, 8.9934452e-05, 6, -1;
 95.551514, 262.76666, 92.565529, 194.3969, 8.9672278e-05, 6, -1;
 561.36511, 206.03296, 92.565529, 54.905231, 8.7453533e-05, 6, -1;
 531.50531, 346.37424, 92.565529, 154.78604, 8.5818465e-05, 6, -1;
 191.10303, 185.13106, 92.565529, 257.19305, 8.1701488e-05, 6, -1;
 179.15909, 325.47235, 92.565529, 31.921057, 8.1188198e-05, 6, -1;
 176.1731, 337.41629, 92.565529, 30.363234, 8.0182697e-05, 6, -1;
 459.84167, 247.83673, 92.565529, 325.56158, 8.0076265e-05, 6, -1;
 188.11703, 397.13599, 92.565529, 147.94328, 8.0018443e-05, 6, -1;
 415.64911, 136.1609, 111.07864, 27.457188, 7.3892603e-05, 7, -1;
 114.66182, 365.48456, 111.07864, 138.35762, 0.00014005009, 7, -1;
 501.64545, 225.74046, 111.07864, 168.03006, 7.8799734e-05, 7, -1;
 641.38953, 236.49001, 111.07864, 206.13794, 8.3568535e-05, 7, -1;
 469.39682, 179.15909, 111.07864, 140.06122, 7.4849413e-05, 7, -1;
 189.90865, 265.15546, 111.07864, 350.69601, 6.2670959e-05, 7, -1;
 494.4791, 218.5741, 111.07864, 161.2733, 8.6976266e-05, 7, -1;
 587.64185, 161.24318, 111.07864, 125.90651, 0.00018683386, 7, -1;
 487.31274, 261.57227, 111.07864, 183.40845, 0.00011176767, 7, -1;
 483.72955, 164.82637, 111.07864, 166.30815, 9.0912697e-05, 7, -1;
 598.39136, 243.65637, 111.07864, 218.96742, 8.1621576e-05, 7, -1;
 519.56134, 229.32364, 111.07864, 206.45589, 9.7053351e-05, 7, -1;
 584.05865, 143.32727, 111.07864, 194.27403, 9.4395145e-05, 7, -1;
 605.55774, 254.40591, 111.07864, 212.24597, 0.00019255331, 7, -1;
 641.38953, 200.65819, 111.07864, 140.02763, 6.2753577e-05, 7, -1;
 584.05865, 154.07681, 111.07864, 139.86385, 0.00016144577, 7, -1;
 487.31274, 254.40591, 111.07864, 172.33546, 9.8052158e-05, 7, -1;
 551.81, 240.07318, 111.07864, 288.30139, 0.0001121094, 7, -1;
 240.07318, 372.65091, 111.07864, 254.33841, 7.3334115e-05, 7, -1;
 576.89227, 171.99274, 111.07864, 96.985321, 6.1593892e-05, 7, -1;
 483.72955, 326.06955, 111.07864, 182.77051, 6.1431318e-05, 7, -1;
 254.40591, 247.23955, 111.07864, 325.72351, 5.5623303e-05, 7, -1;
 225.74046, 236.49001, 111.07864, 221.91888, 5.5559361e-05, 7, -1;
 558.97638, 207.82455, 111.07864, 39.5471, 5.4844684e-05, 7, -1;
 530.31091, 347.56863, 111.07864, 194.27396, 5.3917782e-05, 7, -1;
 189.90865, 186.32545, 111.07864, 247.78702, 5.3579188e-05, 7, -1;
 490.8959, 136.1609, 111.07864, 186.39664, 5.3131018e-05, 7, -1;
 741.71863, 197.075, 111.07864, 20.975107, 5.2083386e-05, 7, -1;
 293.82092, 257.98911, 111.07864, 250.03885, 5.1057857e-05, 7, -1;
 257.98911, 222.15727, 111.07864, 38.185364, 5.0581955e-05, 7, -1;
 472.98001, 189.90865, 111.07864, 111.96527, 5.0367944e-05, 7, -1]