[721, 184, 31, 230.68558, 0.012958034, 0, -1;
 863, 394, 31, 162.0015, 0.0090284385, 0, -1;
 897, 417, 31, 254.37917, 0.010710955, 0, -1;
 259, 443, 31, 208.0377, 0.011529383, 0, -1;
 856, 177, 31, 258.8717, 0.013110203, 0, -1;
 739, 145, 31, 217.24326, 0.0092580654, 0, -1;
 833, 179, 31, 281.40466, 0.0089005474, 0, -1;
 886, 397, 31, 77.683067, 0.012680958, 0, -1;
 255, 440, 31, 209.39447, 0.012017407, 0, -1;
 894, 397, 31, 91.210808, 0.016073586, 0, -1;
 907, 394, 31, 294.24884, 0.0090383086, 0, -1;
 742, 143, 31, 236.12012, 0.00923697, 0, -1;
 770, 241, 31, 318.19785, 0.0088490592, 0, -1;
 882, 391, 31, 235.93378, 0.011947396, 0, -1;
 953, 142, 31, 186.29198, 0.011140459, 0, -1;
 885, 297, 31, 254.51735, 0.0085682152, 0, -1;
 814, 297, 31, 240.49973, 0.014212376, 0, -1;
 949, 184, 31, 353.88675, 0.011691778, 0, -1;
 945, 184, 31, 336.4288, 0.0091877133, 0, -1;
 662, 189, 31, 51.521603, 0.010425344, 0, -1;
 879, 395, 31, 89.974434, 0.019837691, 0, -1;
 252, 448, 31, 226.18413, 0.011574187, 0, -1;
 680, 177, 31, 248.41655, 0.013590815, 0, -1;
 948, 414, 31, 333.03067, 0.0094347205, 0, -1;
 251, 437, 31, 60.663155, 0.012231361, 0, -1;
 943, 178, 31, 266.98456, 0.010222413, 0, -1;
 794, 167, 31, 273.52878, 0.014393444, 0, -1;
 841, 176, 31, 271.28409, 0.012332252, 0, -1;
 943, 111, 31, 231.86769, 0.009209319, 0, -1;
 828, 207, 31, 151.20387, 0.01351073, 0, -1;
 950, 144, 31, 161.82797, 0.0099140238, 0, -1;
 755, 255, 31, 88.208565, 0.0085516172, 0, -1;
 924, 179, 31, 280.74432, 0.0098811099, 0, -1;
 814, 255, 31, 94.763039, 0.01262811, 0, -1;
 935, 167, 31, 246.589, 0.011849573, 0, -1;
 880, 144, 31, 4.9235978, 0.012392554, 0, -1;
 901, 110, 31, 39.453594, 0.017010292, 0, -1;
 902, 65, 31, 216.48178, 0.0089039318, 0, -1;
 717, 179, 31, 263.90924, 0.014341785, 0, -1;
 729, 186, 31, 131.90802, 0.011202527, 0, -1;
 771, 184, 31, 138.8486, 0.013475443, 0, -1;
 765, 206, 31, 132.34798, 0.0085128527, 0, -1;
 909, 256, 31, 91.931229, 0.010165663, 0, -1;
 937, 65, 31, 163.9547, 0.0089619085, 0, -1;
 270, 431, 31, 86.589813, 0.0093062185, 0, -1;
 894, 305, 31, 298.49707, 0.0094304169, 0, -1;
 937, 293, 31, 329.36487, 0.010033851, 0, -1;
 913, 393, 31, 285.12234, 0.0093577411, 0, -1;
 812, 177, 31, 253.54608, 0.010983109, 0, -1;
 810, 215, 31, 275.50433, 0.0085016694, 0, -1;
 730, 177, 31, 253.27577, 0.017668361, 0, -1;
 894, 378, 31, 273.94229, 0.0086833481, 0, -1;
 737, 184, 31, 348.25623, 0.012892948, 0, -1;
 788, 228, 31, 163.27814, 0.0092156501, 0, -1;
 794, 164, 31, 275.58804, 0.019712135, 0, -1;
 876, 391, 31, 285.56024, 0.012837595, 0, -1;
 934, 226, 31, 79.226273, 0.0086562885, 0, -1;
 934, 164, 31, 245.11908, 0.012969154, 0, -1;
 812, 257, 31, 93.041077, 0.0096820416, 0, -1;
 917, 125, 31, 263.06143, 0.0097726863, 0, -1;
 669, 189, 31, 77.235176, 0.010233843, 0, -1;
 824, 304, 31, 221.93896, 0.0097895209, 0, -1;
 908, 116, 31, 236.00293, 0.012970704, 0, -1;
 941, 203, 31, 88.510025, 0.010148406, 0, -1;
 858, 226, 31, 120.07156, 0.010172125, 0, -1;
 941, 176, 31, 242.33942, 0.011193914, 0, -1;
 747, 213, 31, 1.1235566, 0.0090146931, 0, -1;
 763, 258, 31, 62.271629, 0.012119892, 0, -1;
 771, 254, 31, 57.028305, 0.011867005, 0, -1;
 934, 176, 31, 278.95993, 0.012326659, 0, -1;
 894, 301, 31, 287.40198, 0.0094135376, 0, -1;
 811, 300, 31, 231.51219, 0.018272428, 0, -1;
 900, 176, 31, 257.4877, 0.013053115, 0, -1;
 803, 181, 31, 227.11349, 0.009430117, 0, -1;
 652, 157, 31, 255.41273, 0.014802183, 0, -1;
 808, 216, 31, 333.63583, 0.01384974, 0, -1;
 941, 419, 31, 297.45789, 0.0092001408, 0, -1;
 284, 443, 31, 182.43527, 0.010296328, 0, -1;
 845, 185, 31, 214.9828, 0.0098772366, 0, -1;
 934, 116, 31, 246.64937, 0.013308998, 0, -1;
 263, 451, 31, 236.72183, 0.010966299, 0, -1;
 888, 227, 31, 211.33173, 0.0088694897, 0, -1;
 941, 309, 31, 331.56812, 0.0094263628, 0, -1;
 774, 256, 31, 67.913696, 0.0084921531, 0, -1;
 877, 142, 31, 284.11591, 0.0083828494, 0, -1;
 946, 417, 31, 347.83759, 0.0083391843, 0, -1;
 252, 393, 31, 218.17953, 0.0083150538, 0, -1;
 965, 144, 31, 330.01202, 0.0082964506, 0, -1;
 839, 178, 31, 277.64554, 0.0082793906, 0, -1;
 873, 412, 31, 275.3114, 0.0081906561, 0, -1;
 821, 303, 31, 227.09352, 0.0081717409, 0, -1;
 119, 113, 31, 346.4325, 0.0080444831, 0, -1;
 938, 193, 31, 103.30573, 0.0080208406, 0, -1;
 898, 299, 31, 271.0762, 0.00798738, 0, -1;
 764, 255, 31, 59.270241, 0.0079285689, 0, -1;
 792, 227, 31, 211.12817, 0.007923088, 0, -1;
 943, 413, 31, 275.2908, 0.0079096304, 0, -1;
 771, 259, 31, 70.121048, 0.0078791687, 0, -1;
 897, 411, 31, 230.47838, 0.007815917, 0, -1;
 858, 230, 31, 153.75345, 0.0077858376, 0, -1;
 750, 143, 31, 297.62558, 0.0077452702, 0, -1;
 962, 141, 31, 318.76047, 0.0077137221, 0, -1;
 115, 116, 31, 349.06183, 0.0074969875, 0, -1;
 828, 416, 31, 242.32802, 0.0074642734, 0, -1;
 936, 413, 31, 236.37312, 0.0074182339, 0, -1;
 233, 111, 31, 322.71478, 0.0073619192, 0, -1;
 833, 294, 31, 269.64432, 0.0072474484, 0, -1;
 765, 260, 31, 58.596924, 0.0071783355, 0, -1;
 849, 320, 31, 73.574913, 0.0071767028, 0, -1;
 892.80005, 397.20001, 37.200001, 118.71609, 0.0094070313, 1, -1;
 802.80005, 181.20001, 37.200001, 214.37662, 0.008673558, 1, -1;
 949.20001, 183.60001, 37.200001, 7.5902472, 0.010756872, 1, -1;
 944.40002, 183.60001, 37.200001, 311.76563, 0.0080545545, 1, -1;
 764.40002, 259.20001, 37.200001, 69.481079, 0.0079777688, 1, -1;
 264, 364.80002, 37.200001, 269.13922, 0.010726546, 1, -1;
 235.20001, 111.60001, 37.200001, 288.97562, 0.0070346347, 1, -1;
 256.80002, 445.20001, 37.200001, 244.14932, 0.008526708, 1, -1;
 813.60004, 297.60001, 37.200001, 227.63699, 0.011341137, 1, -1;
 892.80005, 304.80002, 37.200001, 292.51257, 0.0081516216, 1, -1;
 901.20001, 66, 37.200001, 214.39636, 0.0079003731, 1, -1;
 930.00006, 183.60001, 37.200001, 268.88113, 0.0066093127, 1, -1;
 885.60004, 397.20001, 37.200001, 99.617188, 0.0090844668, 1, -1;
 769.20001, 241.20001, 37.200001, 317.7482, 0.0072523481, 1, -1;
 728.40002, 186, 37.200001, 90.242729, 0.0082606347, 1, -1;
 933.60004, 176.40001, 37.200001, 268.10907, 0.0069658072, 1, -1;
 770.40002, 254.40001, 37.200001, 43.99218, 0.01120106, 1, -1;
 927.60004, 312, 37.200001, 137.72673, 0.011963345, 1, -1;
 736.80005, 184.8, 37.200001, 48.730396, 0.0070264521, 1, -1;
 668.40002, 188.40001, 37.200001, 75.975006, 0.0078609129, 1, -1;
 837.60004, 192, 37.200001, 89.396889, 0.0069025736, 1, -1;
 661.20001, 188.40001, 37.200001, 71.814743, 0.0090935351, 1, -1;
 771.60004, 258, 37.200001, 57.637299, 0.0077847429, 1, -1;
 795.60004, 184.8, 37.200001, 143.83386, 0.0067668208, 1, -1;
 900.00006, 176.40001, 37.200001, 258.11395, 0.0068443129, 1, -1;
 940.80005, 420.00003, 37.200001, 247.96909, 0.0091951126, 1, -1;
 916.80005, 235.20001, 37.200001, 281.88965, 0.0089076683, 1, -1;
 812.40002, 176.40001, 37.200001, 254.32222, 0.0089446958, 1, -1;
 721.20001, 183.60001, 37.200001, 238.33266, 0.0099646235, 1, -1;
 770.40002, 183.60001, 37.200001, 111.77988, 0.01173271, 1, -1;
 813.60004, 255.60001, 37.200001, 94.113838, 0.0097278859, 1, -1;
 828.00006, 207.60001, 37.200001, 138.8671, 0.0070929844, 1, -1;
 788.40002, 225.60001, 37.200001, 155.85832, 0.0065692575, 1, -1;
 896.40002, 411.60001, 37.200001, 171.54446, 0.007890597, 1, -1;
 876.00006, 391.20001, 37.200001, 301.46234, 0.010656071, 1, -1;
 828.00006, 416.40002, 37.200001, 279.46454, 0.0083972486, 1, -1;
 882.00006, 391.20001, 37.200001, 263.85355, 0.0067468341, 1, -1;
 896.40002, 417.60001, 37.200001, 223.67404, 0.010194231, 1, -1;
 933.60004, 225.60001, 37.200001, 97.933441, 0.0072600115, 1, -1;
 856.80005, 226.8, 37.200001, 127.36096, 0.0088185128, 1, -1;
 652.80005, 183.60001, 37.200001, 143.88571, 0.0071862456, 1, -1;
 885.60004, 298.80002, 37.200001, 285.29031, 0.0083067184, 1, -1;
 252.00002, 393.60001, 37.200001, 205.8817, 0.0083198119, 1, -1;
 952.80005, 142.8, 37.200001, 147.44513, 0.007800519, 1, -1;
 810.00006, 301.20001, 37.200001, 208.74509, 0.016013676, 1, -1;
 793.20001, 164.40001, 37.200001, 278.37769, 0.0153082, 1, -1;
 772.80005, 255.60001, 37.200001, 50.583008, 0.010873929, 1, -1;
 787.20001, 228.00002, 37.200001, 186.65901, 0.0066989264, 1, -1;
 807.60004, 410.40002, 37.200001, 305.48914, 0.0066874987, 1, -1;
 764.40002, 255.60001, 37.200001, 57.043629, 0.0078659058, 1, -1;
 855.60004, 229.20001, 37.200001, 124.38177, 0.0066672731, 1, -1;
 806.40002, 301.20001, 37.200001, 204.95718, 0.0095508769, 1, -1;
 877.20001, 142.8, 37.200001, 328.90222, 0.0075479983, 1, -1;
 873.60004, 412.80002, 37.200001, 92.695808, 0.0068490738, 1, -1;
 894.00006, 301.20001, 37.200001, 279.34991, 0.0077476683, 1, -1;
 936.00006, 64.800003, 37.200001, 145.41327, 0.0076187947, 1, -1;
 807.60004, 216.00002, 37.200001, 281.01315, 0.0076125045, 1, -1;
 844.80005, 184.8, 37.200001, 263.22302, 0.0083478773, 1, -1;
 898.80005, 301.20001, 37.200001, 296.99066, 0.0083018616, 1, -1;
 934.80005, 165.60001, 37.200001, 228.06195, 0.0084385341, 1, -1;
 793.20001, 177.60001, 37.200001, 254.10562, 0.0065161693, 1, -1;
 946.80005, 416.40002, 37.200001, 255.62419, 0.0078889076, 1, -1;
 945.60004, 307.20001, 37.200001, 343.47992, 0.0074578361, 1, -1;
 963.60004, 144, 37.200001, 330.48407, 0.0083175544, 1, -1;
 747.60004, 216.00002, 37.200001, 2.9087434, 0.0075925784, 1, -1;
 250.8, 447.60001, 37.200001, 242.49493, 0.0064580468, 1, -1;
 912.00006, 393.60001, 37.200001, 205.68451, 0.0064493031, 1, -1;
 961.20001, 141.60001, 37.200001, 345.74481, 0.0064075678, 1, -1;
 926.40002, 183.60001, 37.200001, 239.57106, 0.0063439305, 1, -1;
 118.8, 112.8, 37.200001, 350.41077, 0.0063306536, 1, -1;
 820.80005, 303.60001, 37.200001, 211.09807, 0.0062863892, 1, -1;
 681.60004, 183.60001, 37.200001, 193.79654, 0.006182069, 1, -1;
 865.20001, 183.60001, 37.200001, 15.494511, 0.0061278008, 1, -1;
 906.00006, 117.60001, 37.200001, 257.02057, 0.006045742, 1, -1;
 769.20001, 205.20001, 37.200001, 112.67014, 0.006008476, 1, -1;
 764.40002, 411.60001, 37.200001, 185.82941, 0.0059157391, 1, -1;
 940.80005, 202.8, 37.200001, 84.576439, 0.0058287513, 1, -1;
 796.80005, 238.8, 37.200001, 213.16151, 0.0057372311, 1, -1;
 937.20001, 192, 37.200001, 99.675301, 0.0057067838, 1, -1;
 934.80005, 223.20001, 37.200001, 114.85274, 0.0056975684, 1, -1;
 94.800003, 109.2, 37.200001, 313.65091, 0.0056357025, 1, -1;
 780.00006, 426.00003, 37.200001, 106.41212, 0.0056112218, 1, -1;
 938.40002, 412.80002, 37.200001, 249.85263, 0.0054599913, 1, -1;
 867.60004, 301.20001, 37.200001, 242.79004, 0.0053978497, 1, -1;
 223.20001, 111.60001, 37.200001, 274.15735, 0.0053671193, 1, -1;
 183.60001, 114.00001, 37.200001, 285.15216, 0.0053374721, 1, -1;
 830.40002, 303.60001, 37.200001, 266.43222, 0.0053283037, 1, -1;
 766.80005, 247.20001, 37.200001, 357.43167, 0.0053185229, 1, -1;
 98.400002, 112.8, 37.200001, 313.40399, 0.0052802213, 1, -1;
 823.20001, 303.60001, 37.200001, 222.645, 0.0052794679, 1, -1;
 832.32001, 414.72003, 44.640003, 244.14554, 0.00508893, 2, -1;
 793.44, 164.16, 44.640003, 280.54794, 0.0052767307, 2, -1;
 936.00006, 413.28003, 44.640003, 301.5347, 0.006868667, 2, -1;
 233.28001, 115.2, 44.640003, 246.49985, 0.0079970863, 2, -1;
 885.60004, 298.08002, 44.640003, 279.79572, 0.0068326253, 2, -1;
 917.28003, 393.12003, 44.640003, 334.3884, 0.0063215224, 2, -1;
 930.24005, 182.88, 44.640003, 243.29886, 0.0097644133, 2, -1;
 813.60004, 298.08002, 44.640003, 212.90465, 0.0075851139, 2, -1;
 652.32001, 182.88, 44.640003, 131.776, 0.0052307206, 2, -1;
 721.44, 182.88, 44.640003, 221.78162, 0.0066576572, 2, -1;
 737.28003, 182.88, 44.640003, 78.576729, 0.005473882, 2, -1;
 845.28003, 182.88, 44.640003, 284.86404, 0.006102914, 2, -1;
 925.92004, 182.88, 44.640003, 240.74457, 0.0065256869, 2, -1;
 944.64001, 182.88, 44.640003, 349.45737, 0.012816629, 2, -1;
 948.96002, 182.88, 44.640003, 19.271921, 0.012730714, 2, -1;
 768.96002, 184.32001, 44.640003, 78.43409, 0.0083785448, 2, -1;
 728.64001, 185.76001, 44.640003, 131.03024, 0.007614525, 2, -1;
 937.44006, 191.52, 44.640003, 79.469688, 0.0080758203, 2, -1;
 807.84003, 214.56001, 44.640003, 256.00076, 0.0047541927, 2, -1;
 668.16003, 187.20001, 44.640003, 70.097038, 0.0051149279, 2, -1;
 806.40002, 410.40002, 44.640003, 284.98621, 0.0068391808, 2, -1;
 95.040001, 109.44, 44.640003, 284.95721, 0.0069698934, 2, -1;
 764.64001, 205.92001, 44.640003, 99.702896, 0.0048163473, 2, -1;
 796.32001, 182.88, 44.640003, 168.60335, 0.00849183, 2, -1;
 934.56006, 64.800003, 44.640003, 135.625, 0.0058398386, 2, -1;
 813.60004, 254.88, 44.640003, 87.238708, 0.0056789238, 2, -1;
 868.32001, 300.96002, 44.640003, 304.07266, 0.0059633721, 2, -1;
 901.44006, 66.240005, 44.640003, 222.54449, 0.0069296937, 2, -1;
 891.36005, 220.32001, 44.640003, 254.95761, 0.0061020288, 2, -1;
 96.480003, 112.32001, 44.640003, 293.55716, 0.0075576357, 2, -1;
 944.64001, 191.52, 44.640003, 66.44796, 0.0049299728, 2, -1;
 872.64001, 413.28003, 44.640003, 82.456764, 0.0058477283, 2, -1;
 797.76001, 237.60001, 44.640003, 216.68428, 0.0049167173, 2, -1;
 907.20001, 393.12003, 44.640003, 266.41714, 0.0050116414, 2, -1;
 895.68005, 417.60001, 44.640003, 67.755112, 0.0093028648, 2, -1;
 803.52002, 180, 44.640003, 233.16605, 0.0057455157, 2, -1;
 944.64001, 306.72, 44.640003, 0.70913875, 0.0089998143, 2, -1;
 118.08, 112.32001, 44.640003, 359.36011, 0.0058076466, 2, -1;
 885.60004, 396.00003, 44.640003, 150.02832, 0.0067611872, 2, -1;
 898.56006, 393.12003, 44.640003, 291.61731, 0.010233912, 2, -1;
 829.44006, 302.40002, 44.640003, 260.45404, 0.0050829691, 2, -1;
 897.12006, 426.24002, 44.640003, 7.2669878, 0.010272476, 2, -1;
 894.24005, 396.00003, 44.640003, 156.00485, 0.0092690671, 2, -1;
 250.56001, 447.84003, 44.640003, 255.62291, 0.0057672756, 2, -1;
 875.52002, 391.68002, 44.640003, 248.90277, 0.0099189561, 2, -1;
 915.84003, 233.28001, 44.640003, 295.185, 0.0053125881, 2, -1;
 223.20001, 112.32001, 44.640003, 289.62592, 0.0065242765, 2, -1;
 234.72002, 112.32001, 44.640003, 264.42767, 0.0084294863, 2, -1;
 895.68005, 421.92001, 44.640003, 358.0842, 0.010801644, 2, -1;
 928.80005, 214.56001, 44.640003, 39.610069, 0.0057317908, 2, -1;
 809.28003, 411.84003, 44.640003, 283.46695, 0.0058400189, 2, -1;
 858.24005, 227.52, 44.640003, 181.33014, 0.0058218441, 2, -1;
 787.68005, 227.52, 44.640003, 231.8793, 0.0056315036, 2, -1;
 895.68005, 411.84003, 44.640003, 116.10113, 0.0098976353, 2, -1;
 771.84003, 257.76001, 44.640003, 48.219128, 0.0052265287, 2, -1;
 779.04004, 424.80002, 44.640003, 117.88025, 0.0047991341, 2, -1;
 806.40002, 300.96002, 44.640003, 195.61673, 0.0049111177, 2, -1;
 941.76001, 419.04001, 44.640003, 231.09125, 0.0062558008, 2, -1;
 252.00002, 393.12003, 44.640003, 210.8358, 0.0070195128, 2, -1;
 812.16003, 175.68001, 44.640003, 261.73557, 0.0052381991, 2, -1;
 768.96002, 240.48001, 44.640003, 313.89911, 0.0055564037, 2, -1;
 263.52002, 365.76001, 44.640003, 260.35718, 0.0056504752, 2, -1;
 745.92004, 217.44, 44.640003, 283.93213, 0.0091673322, 2, -1;
 891.36005, 305.28, 44.640003, 297.73514, 0.0070239208, 2, -1;
 894.24005, 426.24002, 44.640003, 6.6557198, 0.010114092, 2, -1;
 895.68005, 299.52002, 44.640003, 290.37106, 0.011746407, 2, -1;
 182.88, 115.2, 44.640003, 335.00916, 0.005845699, 2, -1;
 853.92004, 185.76001, 44.640003, 22.532097, 0.0047496329, 2, -1;
 138.24001, 112.32001, 44.640003, 308.99149, 0.0047479044, 2, -1;
 768.96002, 204.48001, 44.640003, 110.55882, 0.004720333, 2, -1;
 917.28003, 413.28003, 44.640003, 72.947144, 0.0046922942, 2, -1;
 934.56006, 223.20001, 44.640003, 272.13635, 0.0046255006, 2, -1;
 864.00006, 182.88, 44.640003, 65.879852, 0.0045915954, 2, -1;
 228.96001, 118.08, 44.640003, 272.50388, 0.0044312044, 2, -1;
 845.28003, 191.52, 44.640003, 77.314102, 0.0042802054, 2, -1;
 136.51201, 112.32001, 53.568005, 335.44067, 0.0036771186, 3, -1;
 800.06409, 235.00803, 53.568005, 217.99878, 0.0044585722, 3, -1;
 886.46411, 387.07202, 53.568005, 276.14401, 0.0056838226, 3, -1;
 869.18408, 300.67203, 53.568005, 282.69312, 0.0048210472, 3, -1;
 902.01611, 65.664009, 53.568005, 323.16226, 0.0042184521, 3, -1;
 768.96008, 183.16801, 53.568005, 106.69377, 0.0063259024, 3, -1;
 96.768005, 112.32001, 53.568005, 315.92252, 0.0043415702, 3, -1;
 896.83209, 411.26404, 53.568005, 94.17144, 0.006328213, 3, -1;
 896.83209, 300.67203, 53.568005, 313.48163, 0.010137801, 3, -1;
 117.50401, 112.32001, 53.568005, 6.1902246, 0.0044448548, 3, -1;
 910.65607, 248.83203, 53.568005, 24.053329, 0.0050743883, 3, -1;
 938.30408, 245.37602, 53.568005, 103.72213, 0.004208806, 3, -1;
 252.28802, 392.25604, 53.568005, 156.39485, 0.0046095364, 3, -1;
 886.46411, 229.82402, 53.568005, 268.91077, 0.0044184229, 3, -1;
 820.80005, 302.40002, 53.568005, 196.4079, 0.004912138, 3, -1;
 720.57605, 183.16801, 53.568005, 233.17581, 0.0044266554, 3, -1;
 813.88806, 297.21603, 53.568005, 204.73724, 0.0035021421, 3, -1;
 746.49609, 252.28802, 53.568005, 145.01097, 0.0036648915, 3, -1;
 264.38403, 361.15204, 53.568005, 261.83536, 0.0035639333, 3, -1;
 729.21606, 179.71202, 53.568005, 211.96024, 0.0058326493, 3, -1;
 789.69604, 226.36803, 53.568005, 240.35056, 0.0038218822, 3, -1;
 772.41608, 257.47202, 53.568005, 51.185333, 0.0038694525, 3, -1;
 893.3761, 221.18402, 53.568005, 265.70096, 0.0053578075, 3, -1;
 888.19208, 257.47202, 53.568005, 90.552376, 0.0038120856, 3, -1;
 222.91202, 112.32001, 53.568005, 282.16245, 0.0049025249, 3, -1;
 895.10406, 395.71204, 53.568005, 255.79031, 0.0071118255, 3, -1;
 235.00803, 112.32001, 53.568005, 255.44246, 0.0046516969, 3, -1;
 832.89606, 412.99203, 53.568005, 286.11575, 0.0054315613, 3, -1;
 884.73608, 298.94403, 53.568005, 262.27985, 0.0085679209, 3, -1;
 929.66406, 214.27202, 53.568005, 65.515839, 0.0035028115, 3, -1;
 946.94409, 181.44002, 53.568005, 15.427764, 0.0081228213, 3, -1;
 746.49609, 216.00002, 53.568005, 214.00784, 0.0045501157, 3, -1;
 874.3681, 412.99203, 53.568005, 99.333664, 0.0039096889, 3, -1;
 886.46411, 395.71204, 53.568005, 255.17493, 0.0056836586, 3, -1;
 768.96008, 240.19202, 53.568005, 306.53113, 0.0046844608, 3, -1;
 895.10406, 425.08804, 53.568005, 254.63913, 0.0070976154, 3, -1;
 945.21606, 305.85602, 53.568005, 12.118514, 0.0066889748, 3, -1;
 229.82402, 117.50401, 53.568005, 270.10764, 0.0048751468, 3, -1;
 936.57611, 412.99203, 53.568005, 340.78644, 0.0056646843, 3, -1;
 934.84808, 63.936005, 53.568005, 117.10753, 0.0046207202, 3, -1;
 929.66406, 181.44002, 53.568005, 238.96265, 0.0065728021, 3, -1;
 729.21606, 186.62402, 53.568005, 128.38667, 0.0068067787, 3, -1;
 922.75208, 179.71202, 53.568005, 305.39816, 0.0056944313, 3, -1;
 765.50409, 205.63202, 53.568005, 100.24303, 0.0041539022, 3, -1;
 808.7041, 411.26404, 53.568005, 284.00659, 0.0042650821, 3, -1;
 855.36011, 179.71202, 53.568005, 259.27295, 0.0055109737, 3, -1;
 927.9361, 222.91202, 53.568005, 278.95248, 0.0041426322, 3, -1;
 768.96008, 205.63202, 53.568005, 101.61715, 0.004626987, 3, -1;
 791.42407, 243.64803, 53.568005, 148.33496, 0.0050450223, 3, -1;
 737.85608, 183.16801, 53.568005, 99.627312, 0.0065444871, 3, -1;
 941.76007, 305.85602, 53.568005, 23.704744, 0.0083221309, 3, -1;
 112.32001, 114.04801, 53.568005, 10.175064, 0.0052693039, 3, -1;
 767.23206, 247.10402, 53.568005, 0.81949431, 0.0063199466, 3, -1;
 846.72009, 183.16801, 53.568005, 299.78177, 0.004267103, 3, -1;
 784.51208, 186.62402, 53.568005, 89.896347, 0.0035266969, 3, -1;
 844.99207, 191.80801, 53.568005, 73.783409, 0.0036965886, 3, -1;
 884.73608, 264.38403, 53.568005, 98.002655, 0.0034551581, 3, -1;
 934.84808, 222.91202, 53.568005, 296.35745, 0.0034374923, 3, -1;
 912.38409, 393.98404, 53.568005, 323.03119, 0.003392614, 3, -1;
 946.94409, 414.72003, 53.568005, 247.73349, 0.0033593755, 3, -1;
 813.88806, 255.74402, 53.568005, 86.218155, 0.003275119, 3, -1;
 651.45605, 183.16801, 53.568005, 131.22166, 0.0032195232, 3, -1;
 858.8161, 228.09602, 53.568005, 278.74884, 0.0031308741, 3, -1;
 895.79535, 300.67203, 64.281609, 295.75803, 0.006543308, 4, -1;
 868.8385, 300.67203, 64.281609, 285.7952, 0.0039654984, 4, -1;
 895.79535, 425.08807, 64.281609, 220.50066, 0.0047914376, 4, -1;
 937.26733, 414.72006, 64.281609, 269.60364, 0.0055666873, 4, -1;
 945.56171, 306.89285, 64.281609, 14.355174, 0.0040647849, 4, -1;
 848.10254, 317.26083, 64.281609, 73.775024, 0.0037167594, 4, -1;
 941.41455, 178.32962, 64.281609, 262.6908, 0.0050982037, 4, -1;
 928.9729, 68.42881, 64.281609, 141.20056, 0.0036428813, 4, -1;
 895.79535, 412.64645, 64.281609, 104.14306, 0.0042175762, 4, -1;
 885.42731, 389.83685, 64.281609, 262.12604, 0.0037712166, 4, -1;
 926.89935, 180.40323, 64.281609, 289.33313, 0.0040976033, 4, -1;
 883.3537, 300.67203, 64.281609, 300.93988, 0.0080651836, 4, -1;
 947.63531, 180.40323, 64.281609, 13.564735, 0.0067645749, 4, -1;
 891.64813, 221.87523, 64.281609, 250.7977, 0.0043756673, 4, -1;
 736.12811, 182.47682, 64.281609, 138.61006, 0.0045081433, 4, -1;
 230.16963, 118.19521, 64.281609, 246.5901, 0.0050655501, 4, -1;
 223.94884, 114.04802, 64.281609, 238.09796, 0.0052003302, 4, -1;
 933.12012, 64.281609, 64.281609, 128.95267, 0.003852732, 4, -1;
 116.12161, 111.97442, 64.281609, 350.81198, 0.0039443262, 4, -1;
 875.05933, 300.67203, 64.281609, 293.4278, 0.0053140419, 4, -1;
 885.42731, 263.34723, 64.281609, 93.633476, 0.0040980945, 4, -1;
 829.44012, 412.64645, 64.281609, 302.21625, 0.0060442477, 4, -1;
 910.31055, 248.83203, 64.281609, 33.367161, 0.0055772448, 4, -1;
 744.42249, 250.90564, 64.281609, 155.45317, 0.0033805345, 4, -1;
 908.23694, 255.05284, 64.281609, 51.680359, 0.0033327385, 4, -1;
 835.66089, 302.74564, 64.281609, 207.63715, 0.003201734, 4, -1;
 234.31683, 111.97442, 64.281609, 283.20041, 0.0032129444, 4, -1;
 95.385612, 111.97442, 64.281609, 319.74774, 0.0028932497, 4, -1;
 769.30573, 240.53763, 64.281609, 314.5426, 0.0029905098, 4, -1;
 902.01611, 66.355209, 64.281609, 22.01272, 0.0032623494, 4, -1;
 920.67853, 178.32962, 64.281609, 279.23663, 0.0033157479, 4, -1;
 854.3233, 180.40323, 64.281609, 260.67474, 0.0032321138, 4, -1;
 752.71692, 259.20004, 64.281609, 112.60838, 0.003013615, 4, -1;
 916.53131, 250.90564, 64.281609, 67.167038, 0.0029613373, 4, -1;
 800.40973, 234.31683, 64.281609, 208.60762, 0.0032505679, 4, -1;
 783.82092, 186.62402, 64.281609, 92.205032, 0.0031987496, 4, -1;
 744.42249, 240.53763, 64.281609, 187.48743, 0.0029000442, 4, -1;
 945.56171, 414.72006, 64.281609, 291.13977, 0.0028217607, 4, -1;
 806.63049, 412.64645, 64.281609, 291.02301, 0.0027987673, 4, -1;
 885.42731, 228.09604, 64.281609, 257.22104, 0.0027789206, 4, -1;
 928.9729, 215.65443, 64.281609, 87.78006, 0.0027591088, 4, -1;
 912.38416, 393.98407, 64.281609, 313.44183, 0.0026787624, 4, -1;
 252.97923, 391.91046, 64.281609, 137.47336, 0.0026708981, 4, -1;
 951.78253, 240.53763, 64.281609, 333.54684, 0.00259585, 4, -1;
 746.49609, 215.65443, 64.281609, 166.67101, 0.0025630684, 4, -1;
 872.98572, 414.72006, 64.281609, 124.36443, 0.0025519354, 4, -1;
 771.37933, 257.12643, 64.281609, 57.148804, 0.002544893, 4, -1;
 769.30573, 159.66722, 64.281609, 299.17532, 0.0025031043, 4, -1;
 854.3233, 190.77122, 64.281609, 60.33651, 0.0024803695, 4, -1;
 136.85762, 114.04802, 64.281609, 311.54462, 0.0023836696, 4, -1;
 765.15851, 205.28642, 64.281609, 97.771431, 0.0023343784, 4, -1;
 918.60492, 414.72006, 64.281609, 71.06282, 0.0022333984, 4, -1;
 848.51733, 318.50504, 77.137939, 81.456642, 0.0026119342, 5, -1;
 918.19031, 233.90213, 77.137939, 288.61661, 0.0014103615, 5, -1;
 116.95107, 111.97443, 77.137939, 346.9964, 0.002374074, 5, -1;
 233.90213, 111.97443, 77.137939, 285.00769, 0.0024723413, 5, -1;
 768.89105, 159.25252, 77.137939, 296.53668, 0.0015025599, 5, -1;
 855.9823, 179.15909, 77.137939, 252.01303, 0.001436356, 5, -1;
 223.94885, 114.46275, 77.137939, 236.97122, 0.0039497595, 5, -1;
 875.88885, 298.59848, 77.137939, 303.85437, 0.0026891893, 5, -1;
 813.68085, 256.29703, 77.137939, 108.51054, 0.0013669739, 5, -1;
 908.237, 211.50725, 77.137939, 98.680702, 0.001413765, 5, -1;
 744.00787, 251.32037, 77.137939, 147.839, 0.0028110698, 5, -1;
 945.56183, 415.54953, 77.137939, 302.26178, 0.0021167221, 5, -1;
 746.49615, 241.3671, 77.137939, 177.87805, 0.0035879945, 5, -1;
 729.07794, 191.60069, 77.137939, 92.771446, 0.001711554, 5, -1;
 865.93555, 186.62404, 77.137939, 101.17463, 0.0027431839, 5, -1;
 890.81879, 221.46053, 77.137939, 227.75427, 0.0028409786, 5, -1;
 281.18024, 393.15466, 77.137939, 181.0096, 0.001829177, 5, -1;
 933.12024, 223.94885, 77.137939, 333.85846, 0.0013138665, 5, -1;
 898.28375, 301.08679, 77.137939, 61.044281, 0.0039570872, 5, -1;
 796.26257, 186.62404, 77.137939, 85.783531, 0.0026954664, 5, -1;
 808.70416, 413.06122, 77.137939, 292.67477, 0.0013049213, 5, -1;
 771.37939, 256.29703, 77.137939, 77.784592, 0.0016885748, 5, -1;
 94.556183, 111.97443, 77.137939, 325.19537, 0.0014318692, 5, -1;
 136.85764, 114.46275, 77.137939, 325.52155, 0.0015124797, 5, -1;
 945.56183, 308.55176, 77.137939, 27.834782, 0.0025320654, 5, -1;
 253.8087, 393.15466, 77.137939, 161.68619, 0.0019524687, 5, -1;
 908.237, 243.85542, 77.137939, 69.086243, 0.0030927856, 5, -1;
 753.96112, 258.78534, 77.137939, 111.02219, 0.0022600077, 5, -1;
 768.89105, 241.3671, 77.137939, 75.847481, 0.002700008, 5, -1;
 885.8421, 228.92549, 77.137939, 249.65685, 0.0015113928, 5, -1;
 736.54291, 241.3671, 77.137939, 172.39101, 0.002446807, 5, -1;
 885.8421, 388.17801, 77.137939, 247.48328, 0.001301142, 5, -1;
 885.8421, 263.76199, 77.137939, 103.35905, 0.0026074785, 5, -1;
 831.09906, 413.06122, 77.137939, 296.60745, 0.0031529772, 5, -1;
 868.42389, 301.08679, 77.137939, 328.95416, 0.0025904148, 5, -1;
 729.07794, 181.6474, 77.137939, 153.90352, 0.0013664014, 5, -1;
 808.70416, 301.08679, 77.137939, 178.44783, 0.0016689874, 5, -1;
 895.79541, 413.06122, 77.137939, 122.49708, 0.0022304999, 5, -1;
 801.23926, 236.39046, 77.137939, 166.78137, 0.0028493169, 5, -1;
 928.14355, 179.15909, 77.137939, 266.98441, 0.0028794692, 5, -1;
 873.40051, 415.54953, 77.137939, 171.33455, 0.0017695859, 5, -1;
 938.09686, 415.54953, 77.137939, 301.27521, 0.0036008037, 5, -1;
 883.35382, 301.08679, 77.137939, 23.070374, 0.0054799495, 5, -1;
 791.28595, 226.43718, 77.137939, 247.41559, 0.0012529757, 5, -1;
 764.41211, 247.83673, 92.565529, 110.68697, 0.0028245146, 6, -1;
 865.93561, 185.13106, 92.565529, 205.12775, 0.0021625163, 6, -1;
 880.86554, 298.59848, 92.565529, 77.239922, 0.002639103, 6, -1;
 758.44012, 232.90681, 92.565529, 164.68999, 0.0010289437, 6, -1;
 853.99164, 179.15909, 92.565529, 263.33423, 0.0010349284, 6, -1;
 767.39807, 158.2572, 92.565529, 282.44196, 0.0013470196, 6, -1;
 830.10376, 292.62653, 92.565529, 179.79124, 0.00098416291, 6, -1;
 907.73938, 241.86478, 92.565529, 58.826912, 0.0018572849, 6, -1;
 848.01965, 316.5144, 92.565529, 92.049263, 0.0018413954, 6, -1;
 232.90681, 113.46742, 92.565529, 339.68585, 0.0018619389, 6, -1;
 895.79541, 298.59848, 92.565529, 79.062958, 0.0019209916, 6, -1;
 746.49622, 238.87878, 92.565529, 158.57555, 0.0029530488, 6, -1;
 889.82349, 220.96288, 92.565529, 139.01805, 0.0021529773, 6, -1;
 812.18787, 295.61249, 92.565529, 179.37988, 0.00095498597, 6, -1;
 223.94885, 113.46742, 92.565529, 310.90152, 0.002419244, 6, -1;
 752.46814, 256.79468, 92.565529, 118.00221, 0.0020965401, 6, -1;
 886.83746, 262.76666, 92.565529, 94.976219, 0.0014904775, 6, -1;
 865.93561, 301.58447, 92.565529, 49.391262, 0.0020560659, 6, -1;
 740.52423, 244.85075, 92.565529, 142.39743, 0.0030068157, 6, -1;
 800.2439, 235.89279, 92.565529, 84.491531, 0.0014826806, 6, -1;
 886.83746, 226.93484, 92.565529, 192.16216, 0.0022347141, 6, -1;
 845.03369, 250.82272, 92.565529, 106.40067, 0.0012296393, 6, -1;
 253.80872, 391.164, 92.565529, 222.81953, 0.0011262101, 6, -1;
 916.69733, 232.90681, 92.565529, 352.28763, 0.0010967187, 6, -1;
 280.68256, 391.164, 92.565529, 226.79176, 0.0013139428, 6, -1;
 815.17383, 310.54242, 92.565529, 152.70673, 0.001311976, 6, -1;
 812.18787, 253.80872, 92.565529, 112.65048, 0.0010354468, 6, -1;
 116.45341, 110.48144, 92.565529, 11.719842, 0.00094012625, 6, -1;
 859.96362, 394.14999, 92.565529, 230.28427, 0.00093829277, 6, -1;
 728.58032, 191.10303, 92.565529, 98.144485, 0.00092651602, 6, -1;
 767.39807, 185.13106, 92.565529, 52.663174, 0.00083419005, 6, -1;
 770.38409, 256.79468, 92.565529, 102.26457, 0.0008176511, 6, -1;
 853.99164, 191.10303, 92.565529, 95.434883, 0.00079539482, 6, -1;
 806.21588, 298.59848, 92.565529, 173.38846, 0.00077622803, 6, -1;
 250.82272, 113.46742, 92.565529, 3.6576283, 0.00075720454, 6, -1;
 889.82349, 185.13106, 92.565529, 300.85483, 0.0007364832, 6, -1;
 870.7132, 304.57047, 111.07864, 77.261002, 0.00088855781, 7, -1;
 232.90681, 111.07864, 111.07864, 60.960197, 0.0012984114, 7, -1;
 849.21411, 318.9032, 111.07864, 102.49506, 0.00075015018, 7, -1;
 895.79547, 300.98727, 111.07864, 74.511078, 0.00093384518, 7, -1;
 881.46271, 297.40408, 111.07864, 67.997139, 0.00096050301, 7, -1;
 243.65637, 379.81729, 111.07864, 236.74077, 0.00073844939, 7, -1;
 756.05139, 236.49001, 111.07864, 124.08456, 0.00097097049, 7, -1;
 225.74046, 114.66182, 111.07864, 67.911026, 0.0016833134, 7, -1;
 745.30182, 232.90681, 111.07864, 106.82907, 0.0015070667, 7, -1;
 888.62909, 261.57227, 111.07864, 112.92336, 0.00083647447, 7, -1;
 892.21228, 222.15727, 111.07864, 105.85138, 0.0015706244, 7, -1;
 770.38409, 161.24318, 111.07864, 275.06729, 0.00096530718, 7, -1;
 752.4682, 257.98911, 111.07864, 113.01945, 0.001266366, 7, -1;
 802.63275, 236.49001, 111.07864, 90.905884, 0.00075983, 7, -1;
 813.38226, 311.73682, 111.07864, 158.69388, 0.00073365046, 7, -1;
 906.54498, 243.65637, 111.07864, 99.15387, 0.00077556667, 7, -1;
 752.4682, 250.82272, 111.07864, 122.39853, 0.0023488447, 7, -1;
 247.23955, 125.41136, 111.07864, 33.491631, 0.00066961546, 7, -1;
 254.40591, 383.40045, 111.07864, 243.45413, 0.00091834401, 7, -1;
 845.63092, 250.82272, 111.07864, 126.43835, 0.0006400572, 7, -1;
 859.96362, 186.32545, 111.07864, 226.7229, 0.0012140527, 7, -1;
 838.46454, 308.15363, 111.07864, 136.07043, 0.0013111407, 7, -1;
 892.21228, 186.32545, 111.07864, 235.05219, 0.00063987443, 7, -1;
 831.29822, 293.82092, 111.07864, 137.49489, 0.00063560368, 7, -1;
 870.7132, 386.98364, 111.07864, 241.30267, 0.00060004939, 7, -1;
 770.38409, 257.98911, 111.07864, 107.41389, 0.0005455573, 7, -1;
 254.40591, 125.41136, 111.07864, 25.949923, 0.00054331555, 7, -1;
 225.74046, 125.41136, 111.07864, 56.216835, 0.00053784304, 7, -1;
 250.82272, 114.66182, 111.07864, 47.541077, 0.00052631216, 7, -1;
 809.79907, 179.15909, 111.07864, 279.00909, 0.000498929, 7, -1;
 766.8009, 204.24136, 111.07864, 93.274498, 0.00047513322, 7, -1]