[34, 25, 226, 207, 117, 151, 187, 103, 76, 201, 92, 167, 56, 188, 54, 36, 220, 43, 147, 213, 208, 186, 52, 222, 109, 28, 174, 130, 21, 14, 241, 223;
 42, 249, 104, 170, 87, 193, 151, 236, 19, 77, 212, 171, 60, 157, 98, 32, 222, 251, 151, 209, 90, 42, 112, 253, 251, 85, 172, 251, 53, 30, 150, 219;
 88, 128, 23, 177, 162, 234, 57, 7, 54, 21, 2, 177, 255, 7, 0, 75, 35, 23, 45, 145, 26, 201, 3, 21, 201, 226, 126, 193, 160, 128, 165, 122;
 50, 102, 225, 207, 32, 99, 77, 221, 55, 98, 206, 200, 67, 39, 153, 221, 19, 220, 133, 8, 105, 214, 221, 138, 176, 182, 133, 148, 166, 242, 118, 56;
 35, 97, 119, 194, 245, 91, 233, 93, 77, 225, 61, 74, 106, 89, 220, 165, 122, 130, 86, 56, 131, 241, 53, 204, 62, 88, 132, 146, 143, 158, 216, 109;
 169, 89, 102, 46, 85, 147, 230, 117, 69, 64, 82, 70, 43, 24, 182, 225, 232, 163, 18, 193, 205, 186, 53, 189, 34, 105, 130, 3, 125, 14, 120, 140;
 35, 33, 76, 195, 180, 151, 206, 93, 205, 225, 159, 198, 113, 72, 158, 32, 94, 130, 31, 252, 207, 144, 125, 206, 38, 13, 172, 144, 45, 138, 216, 20;
 155, 13, 103, 193, 87, 155, 233, 114, 5, 228, 86, 194, 9, 29, 181, 165, 46, 164, 159, 252, 249, 249, 53, 204, 22, 89, 193, 192, 39, 172, 112, 124;
 131, 144, 52, 251, 47, 141, 184, 99, 157, 57, 17, 119, 172, 28, 62, 141, 167, 19, 223, 21, 182, 45, 19, 247, 142, 90, 90, 210, 92, 12, 137, 31;
 126, 216, 112, 234, 29, 197, 90, 184, 7, 32, 157, 3, 25, 159, 50, 224, 202, 145, 157, 242, 10, 7, 121, 247, 219, 253, 139, 253, 63, 143, 52, 82;
 139, 173, 34, 156, 205, 244, 184, 103, 185, 89, 92, 19, 172, 188, 118, 167, 160, 43, 177, 141, 86, 107, 146, 225, 27, 120, 218, 235, 2, 4, 251, 198;
 251, 66, 229, 222, 45, 84, 73, 24, 193, 218, 213, 194, 121, 108, 157, 239, 76, 192, 253, 239, 233, 71, 239, 201, 147, 122, 202, 152, 55, 183, 48, 124;
 64, 137, 154, 249, 9, 214, 81, 166, 163, 84, 228, 1, 158, 151, 34, 80, 64, 175, 139, 216, 94, 26, 240, 248, 199, 253, 214, 3, 50, 0, 110, 202;
 242, 200, 236, 158, 77, 209, 145, 238, 139, 85, 160, 139, 34, 204, 126, 11, 235, 211, 235, 193, 94, 111, 126, 241, 19, 16, 218, 63, 85, 29, 117, 94;
 3, 158, 234, 189, 23, 148, 186, 71, 30, 77, 90, 231, 172, 158, 118, 96, 254, 59, 147, 149, 134, 156, 22, 235, 14, 124, 154, 203, 29, 4, 57, 221;
 255, 131, 164, 63, 141, 6, 141, 169, 94, 95, 83, 87, 207, 232, 30, 203, 133, 71, 245, 7, 246, 248, 207, 161, 8, 107, 237, 212, 199, 108, 217, 65;
 2, 148, 107, 235, 86, 227, 186, 226, 28, 5, 91, 147, 188, 127, 56, 64, 255, 27, 19, 149, 178, 152, 16, 223, 15, 54, 154, 195, 149, 64, 37, 251;
 19, 175, 224, 171, 244, 163, 234, 75, 14, 69, 91, 247, 173, 44, 182, 64, 107, 139, 23, 157, 150, 152, 13, 215, 44, 4, 186, 196, 189, 206, 185, 213;
 35, 203, 96, 136, 111, 209, 158, 229, 140, 72, 80, 227, 40, 206, 190, 228, 204, 27, 151, 231, 198, 138, 68, 253, 36, 24, 170, 139, 21, 14, 189, 223;
 69, 88, 179, 220, 101, 36, 105, 150, 67, 138, 222, 2, 188, 179, 225, 110, 225, 253, 63, 136, 8, 130, 178, 224, 213, 190, 222, 10, 146, 113, 33, 42;
 55, 79, 106, 202, 86, 149, 238, 253, 87, 192, 253, 198, 113, 202, 183, 224, 126, 233, 22, 254, 207, 50, 14, 222, 122, 45, 167, 168, 253, 190, 120, 140;
 19, 107, 74, 197, 54, 147, 75, 82, 5, 228, 214, 230, 33, 10, 179, 32, 126, 172, 31, 236, 205, 145, 36, 204, 178, 204, 170, 128, 45, 186, 56, 221;
 242, 116, 251, 230, 66, 89, 21, 7, 63, 99, 163, 24, 54, 158, 4, 48, 174, 189, 224, 2, 99, 45, 243, 91, 147, 151, 16, 59, 97, 88, 135, 58;
 147, 162, 106, 168, 86, 144, 184, 99, 140, 65, 209, 195, 41, 142, 54, 0, 110, 169, 23, 133, 198, 159, 6, 205, 18, 73, 170, 201, 37, 132, 57, 204;
 34, 48, 226, 239, 85, 209, 155, 72, 90, 197, 89, 3, 104, 220, 60, 0, 216, 57, 147, 131, 134, 178, 124, 203, 5, 60, 139, 171, 93, 15, 119, 222;
 51, 143, 74, 136, 222, 131, 206, 233, 214, 0, 216, 162, 97, 201, 188, 68, 95, 170, 19, 237, 218, 42, 6, 159, 56, 12, 143, 237, 117, 138, 120, 140;
 239, 32, 232, 76, 70, 16, 104, 89, 105, 196, 117, 146, 25, 155, 222, 254, 110, 140, 151, 174, 212, 54, 180, 192, 86, 105, 162, 173, 47, 182, 250, 164;
 246, 94, 212, 17, 138, 107, 22, 130, 21, 250, 162, 247, 67, 103, 143, 91, 119, 245, 237, 118, 121, 215, 65, 34, 156, 226, 101, 214, 184, 253, 164, 81;
 23, 91, 107, 207, 180, 18, 207, 113, 69, 200, 223, 162, 81, 29, 177, 100, 126, 188, 23, 235, 201, 176, 37, 142, 226, 237, 174, 128, 63, 186, 52, 244;
 138, 130, 124, 249, 118, 203, 121, 62, 21, 53, 86, 155, 157, 15, 50, 105, 38, 145, 191, 185, 186, 28, 69, 213, 199, 219, 250, 197, 54, 140, 29, 106;
 48, 42, 79, 191, 94, 202, 160, 32, 158, 197, 115, 199, 180, 205, 33, 64, 236, 185, 35, 133, 34, 254, 66, 223, 69, 38, 178, 8, 117, 9, 117, 250;
 3, 132, 43, 157, 116, 171, 168, 99, 94, 229, 122, 145, 244, 234, 62, 96, 217, 45, 34, 5, 182, 216, 20, 95, 76, 54, 26, 64, 24, 8, 65, 196;
 61, 127, 122, 232, 114, 135, 31, 113, 65, 108, 93, 110, 29, 7, 182, 33, 62, 169, 23, 110, 210, 178, 100, 60, 118, 201, 32, 224, 125, 139, 134, 241;
 177, 86, 107, 199, 84, 143, 111, 116, 85, 174, 126, 102, 113, 85, 189, 96, 124, 248, 22, 234, 233, 180, 52, 174, 119, 140, 164, 128, 55, 187, 116, 232;
 202, 147, 108, 189, 42, 134, 61, 55, 141, 95, 87, 247, 253, 47, 186, 67, 70, 19, 191, 133, 208, 136, 103, 197, 198, 115, 250, 200, 54, 140, 181, 121;
 152, 208, 60, 255, 14, 69, 180, 253, 148, 18, 208, 67, 245, 93, 40, 11, 237, 17, 27, 33, 96, 109, 91, 157, 243, 195, 222, 17, 53, 24, 157, 138;
 134, 41, 197, 67, 146, 123, 96, 3, 103, 249, 127, 242, 130, 37, 197, 238, 37, 62, 174, 24, 49, 248, 111, 92, 14, 30, 117, 198, 227, 139, 68, 253;
 18, 14, 74, 188, 22, 178, 184, 39, 158, 132, 218, 167, 41, 174, 38, 64, 234, 175, 171, 133, 46, 139, 4, 207, 184, 103, 154, 139, 53, 12, 189, 88;
 119, 102, 174, 146, 170, 181, 152, 72, 139, 159, 145, 171, 40, 206, 126, 74, 239, 161, 223, 151, 158, 71, 142, 224, 154, 26, 219, 255, 133, 79, 191, 71;
 127, 108, 230, 82, 143, 95, 79, 216, 179, 250, 151, 10, 90, 220, 223, 127, 55, 212, 125, 126, 237, 69, 173, 232, 123, 90, 77, 181, 167, 247, 87, 117;
 37, 185, 57, 169, 172, 203, 177, 115, 76, 96, 253, 50, 151, 29, 2, 40, 200, 63, 50, 1, 85, 186, 115, 52, 197, 131, 115, 117, 88, 41, 141, 243;
 105, 208, 233, 109, 108, 6, 77, 57, 67, 103, 125, 198, 89, 111, 156, 118, 86, 196, 53, 174, 201, 18, 253, 145, 103, 239, 229, 140, 55, 182, 242, 48;
 46, 62, 243, 218, 111, 235, 225, 208, 19, 86, 241, 255, 206, 245, 160, 157, 95, 248, 131, 106, 49, 118, 250, 240, 21, 50, 81, 46, 247, 237, 102, 243;
 35, 107, 200, 143, 124, 144, 186, 84, 173, 68, 220, 166, 161, 139, 243, 86, 110, 235, 19, 221, 199, 10, 230, 224, 54, 61, 138, 139, 29, 155, 123, 204;
 135, 207, 71, 215, 214, 218, 239, 245, 212, 72, 94, 98, 113, 80, 188, 165, 122, 226, 18, 239, 241, 176, 36, 237, 36, 42, 170, 192, 111, 186, 241, 181;
 15, 203, 143, 155, 138, 208, 171, 212, 174, 85, 70, 199, 188, 166, 163, 194, 102, 99, 186, 220, 87, 152, 39, 112, 76, 33, 254, 192, 152, 18, 169, 249;
 10, 145, 130, 152, 221, 213, 152, 199, 142, 29, 200, 19, 40, 158, 52, 192, 233, 59, 147, 213, 22, 11, 18, 245, 59, 84, 158, 75, 145, 12, 189, 206;
 194, 63, 11, 172, 58, 161, 158, 99, 138, 132, 152, 239, 164, 206, 101, 0, 238, 59, 203, 131, 98, 15, 130, 223, 176, 16, 139, 186, 13, 72, 37, 31;
 146, 207, 110, 220, 12, 133, 92, 119, 133, 6, 210, 211, 41, 95, 52, 65, 78, 179, 27, 163, 232, 141, 19, 253, 115, 122, 218, 139, 55, 132, 180, 122;
 50, 149, 118, 152, 227, 242, 16, 99, 29, 87, 252, 179, 12, 62, 174, 217, 239, 179, 135, 128, 52, 139, 32, 221, 18, 242, 90, 195, 247, 68, 173, 215;
 76, 155, 189, 124, 168, 68, 29, 181, 206, 125, 118, 165, 223, 255, 226, 106, 199, 119, 175, 80, 212, 41, 107, 176, 219, 243, 126, 215, 208, 170, 165, 83;
 101, 20, 110, 64, 94, 55, 120, 82, 85, 177, 238, 159, 83, 27, 55, 121, 124, 148, 51, 60, 172, 179, 85, 204, 95, 89, 193, 71, 141, 233, 120, 6;
 130, 147, 254, 251, 234, 81, 185, 217, 31, 125, 85, 183, 29, 159, 238, 42, 110, 31, 183, 213, 151, 88, 175, 209, 94, 83, 122, 231, 191, 141, 173, 213;
 18, 139, 138, 140, 151, 146, 186, 67, 143, 197, 218, 231, 44, 238, 51, 196, 110, 43, 139, 149, 158, 137, 7, 223, 250, 37, 142, 195, 188, 12, 61, 94;
 154, 22, 110, 252, 38, 162, 217, 83, 148, 15, 211, 179, 16, 159, 54, 73, 238, 177, 31, 129, 56, 175, 34, 215, 210, 35, 250, 129, 53, 8, 116, 195;
 70, 178, 201, 131, 178, 233, 122, 152, 47, 97, 31, 255, 204, 231, 204, 200, 183, 155, 191, 148, 19, 16, 137, 208, 159, 21, 61, 253, 180, 207, 141, 113;
 168, 234, 48, 248, 109, 193, 212, 198, 223, 95, 112, 33, 166, 153, 167, 1, 200, 42, 6, 68, 98, 46, 98, 177, 102, 89, 114, 43, 82, 28, 116, 235;
 124, 169, 252, 179, 218, 193, 87, 196, 163, 116, 228, 171, 127, 55, 131, 82, 98, 247, 237, 208, 74, 26, 237, 125, 255, 235, 54, 51, 39, 18, 110, 218;
 66, 176, 58, 240, 238, 205, 185, 115, 143, 63, 29, 56, 140, 159, 110, 44, 135, 19, 127, 17, 214, 45, 50, 215, 159, 22, 26, 239, 132, 0, 133, 87;
 86, 161, 60, 73, 168, 241, 155, 202, 207, 126, 20, 173, 45, 142, 223, 37, 135, 13, 229, 78, 198, 124, 175, 241, 82, 89, 9, 247, 86, 133, 15, 124;
 3, 144, 59, 202, 117, 213, 185, 96, 13, 4, 93, 6, 28, 26, 50, 228, 216, 57, 147, 173, 70, 176, 48, 213, 5, 21, 154, 67, 20, 14, 57, 230;
 19, 78, 103, 141, 44, 179, 235, 254, 204, 200, 220, 231, 57, 204, 183, 228, 126, 105, 23, 239, 141, 167, 38, 238, 0, 14, 170, 128, 95, 189, 49, 253;
 120, 240, 153, 224, 137, 109, 81, 159, 39, 59, 44, 24, 158, 23, 72, 122, 1, 146, 77, 24, 27, 10, 113, 49, 219, 209, 84, 125, 178, 208, 134, 59;
 64, 173, 165, 19, 252, 227, 164, 231, 94, 251, 216, 121, 176, 188, 212, 0, 137, 127, 127, 149, 51, 250, 200, 55, 108, 6, 254, 240, 197, 72, 211, 171;
 183, 53, 106, 200, 246, 23, 222, 123, 19, 224, 252, 143, 19, 157, 246, 48, 127, 136, 23, 188, 255, 190, 116, 222, 122, 201, 165, 236, 255, 136, 242, 147;
 7, 110, 218, 73, 210, 51, 174, 222, 111, 194, 124, 198, 24, 195, 229, 60, 127, 8, 2, 184, 195, 180, 4, 82, 102, 142, 39, 196, 251, 243, 105, 165;
 34, 62, 170, 188, 125, 243, 144, 71, 31, 199, 92, 191, 142, 172, 35, 136, 207, 59, 131, 21, 150, 186, 112, 146, 3, 87, 24, 43, 212, 76, 30, 222;
 188, 132, 118, 115, 181, 219, 92, 177, 125, 22, 117, 145, 75, 79, 191, 157, 187, 144, 133, 62, 254, 180, 24, 223, 235, 219, 84, 71, 247, 132, 206, 150;
 105, 124, 81, 169, 59, 239, 153, 10, 142, 96, 56, 233, 221, 215, 65, 141, 23, 61, 248, 20, 67, 97, 219, 29, 69, 213, 25, 252, 90, 206, 11, 249;
 18, 105, 74, 233, 118, 211, 184, 71, 142, 232, 208, 163, 56, 158, 103, 32, 236, 185, 159, 208, 86, 155, 0, 253, 250, 1, 174, 227, 29, 12, 61, 219;
 2, 233, 104, 188, 111, 196, 191, 238, 26, 68, 80, 135, 172, 222, 54, 128, 254, 121, 147, 199, 194, 26, 150, 253, 117, 57, 138, 171, 21, 5, 63, 250;
 95, 195, 101, 172, 62, 82, 79, 249, 5, 84, 213, 134, 73, 75, 186, 228, 86, 192, 29, 239, 222, 1, 109, 245, 242, 105, 171, 220, 54, 167, 180, 116;
 90, 74, 187, 190, 42, 96, 121, 22, 184, 134, 198, 3, 188, 135, 33, 122, 226, 177, 63, 128, 0, 199, 131, 233, 209, 167, 250, 137, 4, 112, 37, 43;
 153, 207, 99, 92, 36, 151, 236, 119, 212, 72, 214, 194, 59, 136, 180, 228, 110, 168, 150, 79, 205, 189, 36, 255, 34, 111, 162, 128, 127, 156, 120, 237;
 55, 173, 82, 130, 155, 159, 90, 192, 15, 180, 139, 139, 78, 98, 90, 197, 114, 205, 207, 119, 26, 243, 77, 224, 185, 0, 13, 85, 160, 63, 129, 68;
 12, 56, 182, 150, 9, 235, 176, 208, 142, 179, 134, 9, 230, 241, 33, 14, 72, 112, 74, 74, 0, 225, 27, 169, 211, 18, 83, 51, 130, 127, 1, 11;
 71, 52, 231, 148, 71, 38, 185, 83, 187, 247, 91, 87, 12, 250, 127, 207, 167, 253, 179, 181, 132, 215, 180, 192, 20, 62, 203, 174, 135, 101, 35, 199;
 59, 179, 98, 35, 113, 182, 122, 93, 49, 73, 241, 211, 73, 31, 30, 177, 188, 141, 149, 181, 191, 146, 29, 141, 19, 249, 168, 196, 111, 135, 250, 215;
 142, 182, 22, 219, 189, 241, 185, 75, 158, 23, 1, 55, 140, 206, 106, 207, 197, 27, 139, 145, 50, 76, 122, 213, 13, 81, 154, 111, 144, 68, 181, 211;
 249, 135, 12, 169, 138, 143, 78, 186, 5, 106, 206, 223, 215, 67, 138, 80, 117, 192, 110, 108, 108, 18, 67, 23, 254, 197, 37, 244, 56, 152, 136, 64;
 146, 7, 83, 168, 22, 193, 169, 115, 157, 65, 88, 247, 37, 143, 50, 68, 110, 43, 19, 129, 18, 184, 32, 223, 164, 96, 154, 64, 55, 12, 181, 201;
 3, 145, 123, 193, 246, 217, 173, 119, 124, 65, 121, 18, 189, 158, 180, 32, 110, 59, 23, 157, 211, 184, 52, 213, 109, 28, 190, 192, 79, 0, 227, 245;
 20, 12, 85, 200, 180, 243, 66, 200, 135, 33, 216, 226, 67, 114, 173, 236, 219, 208, 14, 112, 27, 1, 9, 191, 154, 214, 1, 87, 182, 251, 8, 165;
 94, 1, 135, 134, 197, 98, 232, 20, 165, 203, 219, 114, 72, 251, 232, 238, 121, 237, 191, 144, 24, 147, 131, 192, 144, 118, 222, 198, 166, 247, 176, 5;
 12, 246, 107, 225, 244, 134, 235, 117, 48, 237, 31, 247, 217, 221, 218, 32, 63, 61, 23, 189, 243, 252, 172, 206, 110, 77, 175, 228, 239, 134, 247, 241;
 38, 141, 56, 218, 221, 229, 151, 239, 94, 25, 92, 18, 144, 253, 60, 64, 217, 27, 19, 209, 50, 42, 120, 247, 43, 158, 150, 111, 145, 74, 244, 170;
 175, 15, 106, 186, 240, 165, 238, 211, 213, 14, 120, 215, 172, 206, 49, 201, 238, 171, 23, 199, 254, 190, 6, 255, 100, 59, 186, 192, 21, 15, 161, 203;
 161, 205, 110, 255, 236, 243, 239, 254, 148, 70, 93, 247, 113, 202, 186, 97, 126, 162, 23, 239, 249, 178, 108, 255, 102, 43, 234, 128, 61, 219, 248, 240;
 3, 10, 22, 157, 101, 150, 168, 97, 92, 129, 83, 66, 168, 138, 180, 237, 232, 45, 34, 141, 129, 152, 1, 204, 4, 58, 218, 66, 28, 8, 113, 172;
 21, 82, 110, 40, 44, 23, 221, 88, 197, 94, 247, 135, 211, 72, 179, 105, 92, 128, 46, 103, 204, 165, 63, 28, 194, 75, 227, 21, 125, 251, 116, 87;
 29, 52, 149, 71, 170, 107, 55, 87, 51, 235, 255, 252, 94, 53, 203, 174, 63, 223, 228, 18, 217, 222, 233, 34, 184, 198, 125, 146, 234, 254, 139, 253;
 159, 36, 99, 145, 231, 183, 248, 83, 61, 111, 85, 215, 12, 174, 254, 141, 255, 139, 151, 157, 182, 222, 52, 210, 30, 95, 250, 230, 135, 5, 187, 247;
 151, 250, 103, 211, 246, 131, 235, 113, 53, 225, 87, 246, 93, 21, 208, 165, 63, 189, 23, 191, 177, 220, 45, 198, 188, 14, 175, 196, 175, 129, 179, 181;
 33, 203, 26, 186, 206, 197, 191, 253, 134, 81, 212, 98, 52, 217, 34, 96, 76, 226, 18, 195, 214, 43, 14, 181, 118, 38, 190, 217, 53, 154, 184, 139;
 10, 192, 166, 157, 39, 19, 188, 103, 20, 103, 87, 50, 92, 248, 180, 233, 251, 45, 179, 173, 100, 240, 13, 216, 68, 103, 219, 135, 183, 252, 185, 163;
 10, 92, 162, 183, 85, 231, 185, 70, 156, 135, 90, 3, 236, 108, 55, 72, 249, 119, 179, 145, 36, 248, 32, 238, 45, 55, 158, 3, 132, 94, 61, 206;
 135, 2, 230, 64, 230, 50, 239, 193, 252, 203, 115, 114, 88, 250, 247, 104, 255, 37, 55, 175, 181, 182, 44, 194, 74, 14, 235, 196, 157, 247, 241, 133;
 165, 41, 211, 36, 246, 2, 99, 67, 112, 128, 96, 66, 18, 128, 33, 112, 122, 236, 2, 120, 89, 250, 132, 44, 60, 168, 36, 72, 233, 41, 226, 160;
 187, 0, 99, 137, 93, 215, 201, 75, 86, 69, 85, 135, 0, 140, 182, 164, 92, 40, 147, 189, 159, 174, 117, 157, 6, 77, 139, 200, 119, 12, 84, 212;
 40, 178, 190, 160, 235, 166, 185, 83, 234, 253, 63, 108, 156, 158, 66, 18, 143, 21, 247, 17, 150, 122, 162, 209, 77, 209, 59, 247, 200, 3, 143, 211;
 178, 13, 17, 156, 109, 241, 194, 98, 93, 8, 232, 74, 38, 130, 37, 213, 216, 234, 6, 74, 108, 11, 66, 255, 145, 144, 138, 59, 80, 41, 102, 174;
 125, 155, 97, 201, 222, 51, 139, 250, 70, 112, 250, 198, 19, 0, 180, 244, 127, 132, 54, 238, 152, 27, 109, 183, 216, 238, 161, 244, 63, 173, 112, 37;
 222, 59, 199, 196, 202, 82, 238, 81, 160, 137, 219, 242, 89, 190, 213, 238, 108, 213, 125, 250, 153, 219, 135, 194, 25, 109, 239, 198, 175, 167, 168, 149;
 131, 125, 39, 160, 60, 195, 78, 127, 151, 234, 136, 193, 165, 220, 112, 37, 144, 109, 93, 225, 239, 77, 158, 253, 169, 80, 143, 188, 12, 180, 179, 92;
 179, 13, 195, 206, 212, 196, 203, 208, 86, 64, 88, 70, 177, 204, 179, 100, 88, 234, 18, 221, 203, 58, 244, 239, 60, 44, 170, 136, 61, 139, 112, 252;
 189, 192, 71, 45, 102, 91, 230, 117, 68, 106, 243, 119, 83, 25, 154, 161, 120, 132, 118, 111, 205, 183, 69, 21, 118, 43, 96, 84, 111, 190, 250, 211;
 3, 9, 43, 143, 22, 145, 170, 98, 84, 65, 80, 194, 49, 140, 180, 96, 124, 43, 18, 205, 147, 168, 4, 255, 0, 40, 138, 128, 29, 11, 49, 172;
 82, 212, 115, 237, 15, 6, 95, 189, 5, 2, 202, 70, 121, 123, 44, 112, 126, 221, 49, 227, 201, 150, 145, 191, 51, 238, 206, 6, 63, 50, 224, 59;
 35, 212, 59, 203, 116, 151, 186, 224, 77, 8, 89, 6, 128, 92, 60, 196, 216, 17, 147, 99, 199, 188, 113, 245, 7, 28, 138, 67, 21, 11, 121, 134;
 163, 223, 76, 159, 54, 147, 159, 246, 149, 76, 84, 167, 104, 12, 182, 5, 78, 106, 130, 238, 238, 152, 100, 191, 34, 19, 152, 147, 31, 156, 248, 221;
 191, 113, 106, 105, 53, 150, 218, 217, 197, 72, 253, 7, 11, 217, 63, 148, 220, 137, 149, 255, 157, 167, 84, 150, 98, 253, 162, 197, 175, 135, 250, 211;
 130, 221, 43, 168, 213, 196, 191, 237, 8, 9, 80, 131, 57, 30, 52, 33, 236, 155, 19, 225, 242, 26, 24, 223, 117, 105, 174, 232, 21, 20, 247, 218;
 179, 143, 103, 156, 94, 146, 175, 99, 215, 198, 216, 199, 40, 206, 182, 69, 111, 235, 19, 207, 230, 191, 62, 255, 48, 46, 143, 136, 53, 237, 112, 252;
 11, 88, 62, 89, 33, 221, 185, 66, 238, 93, 54, 4, 184, 143, 54, 108, 164, 49, 187, 220, 195, 169, 50, 209, 67, 217, 18, 0, 90, 132, 101, 254;
 130, 78, 115, 209, 68, 171, 232, 103, 221, 166, 114, 210, 9, 143, 244, 64, 42, 189, 7, 137, 224, 191, 36, 204, 22, 12, 178, 128, 5, 136, 117, 136;
 2, 142, 175, 152, 207, 245, 181, 103, 173, 95, 88, 7, 172, 172, 118, 143, 175, 43, 163, 5, 22, 43, 34, 241, 21, 22, 90, 171, 209, 92, 39, 223;
 7, 145, 174, 253, 228, 6, 189, 255, 30, 219, 94, 102, 252, 251, 189, 106, 247, 95, 55, 185, 211, 208, 59, 201, 109, 63, 255, 134, 156, 112, 161, 179;
 159, 146, 244, 189, 135, 26, 148, 191, 91, 55, 211, 119, 206, 56, 18, 143, 63, 197, 164, 13, 252, 252, 221, 131, 138, 122, 93, 86, 103, 44, 147, 71;
 107, 12, 199, 165, 195, 110, 41, 159, 174, 246, 170, 197, 147, 38, 7, 95, 69, 148, 123, 20, 9, 216, 247, 0, 141, 162, 215, 84, 160, 116, 6, 120;
 102, 171, 160, 158, 79, 208, 186, 200, 139, 148, 21, 171, 44, 206, 119, 70, 238, 249, 179, 215, 70, 75, 202, 241, 31, 16, 203, 235, 22, 47, 61, 223;
 155, 164, 78, 179, 23, 187, 250, 99, 117, 7, 215, 18, 45, 75, 178, 5, 58, 171, 151, 169, 52, 189, 4, 223, 234, 199, 154, 65, 103, 4, 41, 142;
 19, 200, 95, 187, 23, 199, 170, 228, 28, 64, 80, 135, 61, 142, 56, 193, 126, 169, 19, 205, 103, 140, 53, 253, 53, 41, 138, 64, 61, 154, 177, 216;
 64, 25, 27, 253, 224, 196, 173, 182, 60, 8, 98, 64, 181, 167, 33, 249, 246, 59, 42, 77, 17, 216, 16, 68, 133, 163, 122, 64, 144, 16, 37, 57;
 6, 176, 52, 152, 141, 229, 144, 75, 142, 95, 1, 183, 140, 206, 106, 73, 197, 27, 171, 21, 22, 73, 26, 209, 143, 82, 218, 239, 144, 76, 181, 215;
 9, 199, 103, 199, 84, 22, 238, 249, 84, 74, 82, 66, 113, 76, 189, 97, 126, 72, 18, 238, 229, 176, 37, 207, 101, 46, 230, 128, 45, 186, 112, 160;
 220, 129, 20, 232, 13, 133, 17, 105, 133, 48, 143, 18, 223, 215, 40, 69, 77, 145, 171, 98, 88, 35, 75, 149, 209, 242, 203, 93, 18, 43, 165, 34;
 103, 11, 195, 140, 237, 48, 174, 66, 141, 137, 91, 230, 72, 234, 245, 206, 124, 236, 187, 147, 21, 179, 138, 224, 52, 52, 207, 138, 151, 255, 184, 5;
 103, 4, 230, 65, 85, 38, 249, 80, 85, 165, 123, 22, 65, 136, 125, 93, 121, 172, 51, 189, 144, 242, 21, 196, 95, 24, 211, 68, 205, 75, 112, 134;
 34, 233, 33, 175, 85, 197, 186, 236, 94, 0, 80, 3, 172, 220, 116, 128, 216, 121, 147, 195, 70, 62, 26, 247, 37, 20, 138, 171, 21, 31, 117, 206;
 64, 192, 153, 222, 110, 0, 100, 45, 79, 15, 97, 98, 230, 243, 40, 76, 114, 8, 42, 10, 64, 39, 10, 209, 151, 190, 86, 11, 16, 186, 225, 42;
 159, 206, 111, 219, 150, 226, 239, 253, 148, 79, 223, 246, 249, 111, 187, 65, 127, 226, 31, 175, 249, 173, 45, 191, 108, 175, 254, 128, 189, 251, 240, 249;
 1, 129, 27, 139, 85, 149, 187, 109, 28, 77, 89, 2, 188, 218, 40, 225, 250, 43, 146, 192, 86, 184, 32, 221, 45, 25, 138, 67, 21, 10, 253, 235;
 50, 177, 98, 206, 119, 145, 187, 101, 93, 4, 85, 167, 40, 220, 60, 0, 254, 59, 151, 227, 214, 186, 20, 255, 62, 84, 142, 235, 117, 14, 244, 159;
 32, 50, 248, 171, 236, 105, 249, 26, 75, 61, 57, 191, 140, 173, 94, 8, 223, 27, 23, 17, 150, 32, 194, 144, 198, 149, 186, 191, 148, 203, 85, 203;
 138, 138, 104, 243, 231, 185, 120, 19, 29, 55, 87, 159, 141, 15, 114, 72, 167, 147, 183, 159, 150, 60, 7, 247, 206, 223, 248, 193, 54, 141, 29, 67;
 17, 16, 51, 77, 21, 255, 225, 66, 125, 73, 114, 80, 150, 60, 4, 180, 160, 24, 4, 8, 49, 188, 49, 71, 133, 252, 16, 66, 81, 1, 67, 165;
 227, 145, 126, 68, 102, 27, 253, 121, 221, 10, 119, 58, 122, 24, 188, 107, 190, 148, 55, 107, 228, 117, 39, 207, 54, 58, 116, 135, 111, 172, 208, 7;
 187, 79, 103, 221, 60, 183, 202, 126, 196, 72, 212, 198, 185, 140, 183, 225, 76, 160, 23, 239, 173, 161, 103, 253, 18, 43, 170, 128, 63, 157, 112, 252;
 63, 85, 101, 138, 127, 17, 142, 217, 86, 82, 213, 199, 105, 76, 191, 165, 126, 136, 147, 239, 239, 39, 63, 253, 48, 73, 203, 158, 127, 159, 248, 212;
 21, 89, 146, 139, 23, 129, 22, 209, 207, 132, 88, 102, 166, 216, 227, 64, 106, 232, 10, 82, 198, 176, 30, 176, 234, 4, 7, 59, 190, 58, 8, 142;
 193, 57, 28, 200, 250, 191, 92, 31, 143, 249, 61, 76, 157, 243, 195, 44, 6, 63, 106, 76, 7, 32, 251, 29, 39, 216, 33, 62, 216, 219, 129, 61;
 227, 131, 74, 206, 246, 0, 237, 109, 25, 65, 115, 214, 113, 206, 190, 97, 126, 138, 19, 172, 245, 171, 150, 207, 50, 105, 146, 136, 13, 138, 240, 188;
 130, 205, 54, 219, 213, 231, 191, 238, 92, 23, 92, 18, 172, 154, 62, 64, 249, 43, 147, 128, 54, 188, 56, 247, 37, 22, 154, 67, 147, 92, 181, 206;
 159, 7, 106, 105, 176, 19, 239, 208, 117, 76, 214, 134, 219, 77, 187, 165, 62, 152, 151, 255, 248, 181, 36, 206, 227, 77, 171, 196, 231, 247, 181, 241;
 146, 22, 46, 186, 199, 164, 185, 87, 133, 31, 211, 183, 169, 239, 58, 73, 236, 147, 63, 133, 190, 139, 50, 209, 210, 243, 250, 195, 181, 72, 244, 91;
 170, 169, 123, 217, 212, 196, 233, 115, 92, 73, 113, 82, 152, 143, 244, 32, 106, 155, 23, 153, 211, 170, 50, 213, 109, 29, 190, 232, 21, 8, 247, 161;
 90, 146, 54, 152, 83, 253, 176, 67, 173, 83, 103, 155, 14, 28, 46, 172, 175, 145, 194, 17, 54, 61, 17, 215, 23, 119, 80, 71, 211, 12, 143, 151;
 23, 99, 227, 196, 5, 22, 111, 80, 97, 196, 215, 198, 75, 205, 255, 175, 124, 204, 53, 238, 205, 211, 180, 192, 147, 120, 203, 134, 39, 183, 122, 228;
 122, 145, 83, 236, 74, 64, 77, 41, 161, 19, 225, 50, 89, 243, 44, 240, 114, 149, 63, 162, 89, 3, 186, 211, 19, 253, 202, 142, 51, 162, 228, 34;
 3, 203, 46, 141, 29, 150, 168, 103, 196, 200, 222, 7, 41, 138, 54, 65, 232, 160, 27, 141, 204, 171, 18, 205, 115, 57, 154, 1, 25, 140, 120, 140;
 211, 95, 54, 156, 43, 22, 188, 37, 173, 90, 210, 227, 172, 62, 39, 107, 230, 53, 255, 231, 228, 141, 51, 236, 147, 114, 74, 147, 4, 116, 33, 95;
 38, 148, 191, 240, 215, 103, 189, 251, 95, 218, 92, 3, 92, 253, 61, 169, 255, 59, 147, 161, 241, 243, 58, 222, 111, 95, 223, 174, 213, 104, 117, 243;
 82, 72, 10, 184, 4, 160, 168, 66, 172, 4, 210, 3, 172, 138, 51, 72, 224, 41, 27, 197, 22, 147, 130, 193, 144, 177, 138, 137, 20, 1, 41, 130;
 179, 115, 99, 138, 87, 4, 169, 84, 37, 20, 240, 199, 41, 14, 61, 15, 110, 139, 31, 247, 234, 167, 52, 233, 53, 24, 154, 138, 101, 158, 119, 238;
 147, 9, 110, 181, 6, 146, 168, 103, 164, 208, 194, 135, 189, 138, 55, 67, 110, 165, 59, 133, 196, 153, 23, 204, 211, 43, 218, 0, 45, 164, 41, 12;
 56, 128, 90, 237, 71, 66, 81, 115, 49, 39, 242, 19, 11, 27, 46, 80, 248, 157, 165, 160, 88, 158, 65, 151, 211, 239, 176, 69, 51, 136, 126, 162;
 18, 151, 22, 156, 179, 176, 180, 39, 189, 85, 202, 183, 172, 174, 46, 197, 230, 51, 139, 133, 54, 137, 23, 221, 176, 114, 90, 203, 158, 68, 173, 95;
 154, 57, 102, 182, 53, 213, 251, 113, 149, 204, 211, 151, 61, 159, 54, 1, 238, 187, 151, 199, 239, 223, 48, 253, 115, 73, 170, 129, 47, 132, 53, 219;
 143, 22, 227, 242, 182, 18, 170, 81, 84, 147, 87, 246, 73, 232, 252, 237, 127, 45, 23, 187, 177, 182, 44, 194, 104, 111, 239, 196, 255, 231, 241, 133;
 163, 248, 32, 144, 93, 197, 155, 196, 223, 121, 148, 11, 184, 156, 118, 36, 201, 40, 19, 221, 199, 111, 242, 241, 45, 24, 143, 122, 23, 12, 113, 206;
 42, 183, 144, 217, 239, 201, 180, 187, 27, 51, 13, 58, 140, 253, 72, 5, 159, 26, 179, 1, 82, 122, 218, 209, 79, 16, 93, 111, 158, 8, 149, 179;
 145, 95, 62, 201, 180, 150, 156, 101, 221, 204, 214, 70, 178, 78, 183, 97, 246, 163, 14, 253, 253, 169, 37, 236, 171, 185, 174, 130, 157, 26, 169, 125;
 7, 156, 62, 251, 228, 231, 189, 251, 223, 90, 92, 82, 252, 249, 61, 105, 255, 123, 23, 171, 241, 240, 26, 255, 103, 191, 255, 132, 157, 120, 185, 163;
 32, 192, 120, 253, 108, 201, 213, 239, 206, 85, 116, 3, 180, 137, 62, 32, 202, 2, 3, 8, 66, 42, 114, 145, 103, 217, 214, 57, 20, 152, 213, 235;
 179, 53, 107, 200, 222, 151, 201, 123, 85, 224, 244, 214, 17, 13, 180, 33, 126, 168, 23, 188, 185, 191, 116, 222, 123, 79, 183, 228, 255, 168, 240, 240;
 60, 139, 108, 233, 157, 191, 194, 190, 71, 224, 188, 195, 3, 45, 21, 164, 72, 128, 142, 245, 156, 168, 93, 156, 187, 217, 133, 85, 247, 175, 88, 126;
 167, 15, 104, 250, 236, 165, 254, 254, 31, 25, 88, 87, 56, 249, 63, 73, 220, 107, 19, 213, 182, 42, 74, 255, 111, 29, 206, 168, 149, 93, 120, 139;
 43, 234, 131, 183, 101, 188, 120, 246, 59, 97, 73, 223, 174, 172, 82, 166, 132, 110, 241, 13, 150, 220, 150, 227, 135, 117, 216, 171, 6, 140, 91, 222;
 146, 141, 104, 171, 182, 195, 186, 231, 28, 76, 89, 163, 213, 62, 182, 64, 254, 27, 23, 165, 240, 152, 4, 255, 108, 45, 170, 193, 21, 10, 181, 211;
 78, 34, 229, 142, 111, 52, 248, 72, 169, 206, 153, 71, 232, 238, 223, 206, 238, 197, 125, 143, 133, 71, 202, 192, 19, 126, 250, 171, 135, 119, 127, 237;
 95, 1, 163, 166, 151, 116, 75, 132, 67, 201, 219, 131, 89, 254, 123, 234, 248, 207, 61, 215, 29, 19, 188, 192, 217, 109, 143, 205, 165, 127, 184, 86;
 203, 179, 49, 169, 251, 153, 57, 47, 143, 117, 20, 191, 172, 151, 234, 213, 166, 11, 219, 21, 210, 10, 179, 213, 46, 89, 58, 238, 30, 12, 133, 251;
 3, 49, 253, 217, 46, 254, 184, 3, 169, 121, 31, 225, 172, 62, 150, 106, 198, 55, 223, 21, 151, 152, 97, 192, 134, 62, 186, 146, 140, 196, 17, 93;
 19, 92, 106, 222, 6, 148, 138, 96, 29, 66, 217, 199, 120, 220, 183, 224, 254, 161, 159, 231, 205, 167, 54, 255, 50, 42, 138, 138, 53, 143, 121, 84;
 2, 201, 18, 233, 21, 132, 62, 229, 30, 1, 80, 2, 172, 139, 42, 64, 248, 11, 147, 192, 66, 184, 80, 247, 167, 245, 158, 75, 28, 8, 185, 138;
 54, 219, 201, 41, 146, 70, 139, 185, 2, 117, 232, 199, 17, 175, 48, 80, 118, 205, 3, 252, 145, 154, 208, 48, 109, 37, 207, 244, 181, 49, 198, 240;
 3, 141, 99, 207, 117, 211, 171, 103, 12, 77, 89, 130, 168, 222, 180, 100, 222, 59, 19, 213, 215, 184, 52, 255, 45, 60, 138, 194, 21, 14, 241, 253;
 199, 131, 42, 218, 244, 128, 173, 253, 124, 72, 69, 96, 84, 226, 188, 116, 119, 43, 51, 237, 209, 27, 174, 87, 60, 62, 239, 204, 28, 130, 161, 165;
 13, 226, 83, 227, 116, 138, 106, 116, 112, 136, 115, 226, 211, 67, 128, 213, 126, 60, 6, 250, 233, 148, 68, 12, 236, 237, 167, 64, 42, 146, 227, 161;
 2, 142, 11, 187, 54, 134, 184, 119, 60, 5, 90, 163, 44, 143, 48, 64, 118, 59, 147, 145, 2, 152, 1, 237, 47, 39, 186, 193, 36, 132, 53, 186;
 125, 9, 105, 69, 196, 22, 235, 57, 64, 96, 94, 66, 17, 33, 149, 112, 124, 140, 51, 236, 209, 50, 245, 30, 119, 45, 163, 228, 61, 162, 112, 224;
 182, 128, 84, 115, 165, 203, 124, 49, 61, 26, 115, 51, 75, 91, 31, 25, 187, 153, 149, 34, 124, 244, 75, 220, 134, 218, 80, 71, 251, 204, 74, 150;
 0, 132, 10, 139, 86, 227, 186, 98, 28, 3, 91, 179, 244, 124, 50, 64, 219, 59, 19, 145, 54, 188, 1, 255, 71, 39, 186, 193, 149, 9, 61, 194;
 15, 218, 79, 209, 246, 147, 175, 113, 62, 241, 87, 246, 89, 6, 212, 172, 63, 189, 54, 223, 213, 220, 61, 214, 46, 14, 175, 192, 47, 128, 185, 181;
 243, 20, 105, 77, 78, 52, 232, 24, 120, 74, 81, 86, 81, 94, 149, 249, 118, 172, 52, 172, 177, 22, 244, 202, 22, 44, 170, 172, 61, 161, 114, 53;
 3, 15, 106, 8, 211, 179, 186, 199, 236, 69, 124, 135, 40, 174, 54, 0, 239, 171, 131, 149, 182, 184, 52, 255, 62, 12, 142, 195, 213, 68, 173, 220;
 61, 169, 247, 64, 87, 91, 226, 121, 77, 104, 189, 10, 91, 24, 182, 162, 58, 196, 86, 106, 159, 163, 45, 140, 51, 237, 161, 213, 103, 175, 114, 228;
 10, 31, 182, 253, 141, 127, 52, 51, 141, 206, 223, 135, 206, 44, 35, 207, 196, 51, 170, 32, 180, 169, 115, 156, 167, 115, 86, 19, 146, 108, 141, 95;
 34, 139, 166, 148, 239, 89, 180, 230, 205, 95, 80, 167, 170, 168, 55, 138, 238, 99, 163, 69, 148, 187, 6, 224, 30, 22, 94, 139, 205, 124, 61, 223;
 40, 92, 62, 240, 61, 255, 81, 23, 133, 173, 190, 9, 187, 221, 99, 40, 201, 176, 159, 16, 12, 163, 114, 172, 235, 221, 181, 25, 146, 220, 84, 122;
 72, 88, 191, 236, 44, 76, 93, 184, 170, 218, 20, 33, 159, 255, 99, 123, 231, 85, 61, 99, 193, 69, 186, 88, 211, 241, 111, 173, 16, 114, 37, 123;
 166, 137, 41, 139, 212, 129, 187, 193, 14, 1, 89, 211, 148, 8, 48, 64, 200, 11, 19, 199, 54, 188, 72, 119, 100, 4, 170, 64, 21, 11, 177, 194;
 121, 77, 3, 140, 205, 31, 71, 111, 199, 166, 200, 10, 98, 224, 49, 196, 88, 236, 202, 106, 72, 51, 72, 184, 181, 16, 133, 58, 51, 126, 80, 172;
 116, 200, 109, 235, 44, 7, 95, 185, 7, 50, 183, 179, 83, 87, 248, 114, 79, 144, 127, 174, 200, 38, 111, 19, 243, 207, 229, 28, 119, 186, 228, 98;
 38, 177, 161, 153, 237, 221, 201, 199, 79, 121, 28, 2, 156, 153, 118, 172, 201, 10, 19, 25, 147, 42, 114, 208, 13, 28, 158, 254, 154, 12, 209, 239;
 3, 40, 54, 154, 87, 247, 184, 67, 237, 95, 95, 3, 172, 158, 54, 44, 162, 51, 251, 149, 134, 137, 50, 245, 19, 94, 90, 131, 134, 68, 169, 206;
 56, 116, 219, 225, 86, 7, 118, 85, 22, 173, 126, 103, 83, 213, 105, 8, 124, 56, 3, 56, 32, 182, 17, 14, 107, 143, 53, 36, 167, 218, 244, 187;
 10, 192, 174, 191, 5, 83, 184, 133, 23, 39, 83, 50, 205, 184, 58, 200, 248, 45, 183, 129, 12, 180, 1, 211, 199, 119, 218, 133, 151, 28, 189, 10;
 7, 52, 239, 131, 118, 162, 187, 82, 172, 193, 95, 231, 124, 206, 191, 38, 46, 59, 83, 189, 135, 209, 38, 238, 76, 8, 170, 128, 173, 199, 49, 245;
 56, 138, 41, 185, 52, 193, 72, 54, 21, 69, 208, 147, 163, 13, 48, 64, 72, 168, 29, 133, 138, 174, 103, 189, 195, 241, 186, 217, 54, 140, 52, 74;
 47, 207, 98, 158, 84, 135, 239, 115, 212, 202, 217, 199, 113, 232, 182, 100, 120, 234, 19, 175, 221, 179, 12, 255, 116, 46, 175, 136, 63, 238, 240, 196;
 11, 16, 22, 177, 231, 174, 185, 87, 60, 11, 86, 22, 188, 155, 34, 205, 166, 43, 55, 157, 18, 152, 16, 197, 69, 255, 122, 130, 158, 68, 161, 139;
 189, 70, 101, 193, 36, 62, 105, 26, 97, 178, 182, 82, 27, 1, 213, 175, 106, 132, 20, 172, 169, 164, 101, 128, 134, 217, 161, 196, 239, 249, 112, 164;
 46, 131, 148, 155, 241, 219, 178, 105, 27, 53, 117, 186, 76, 118, 46, 141, 223, 11, 130, 20, 54, 250, 104, 252, 15, 83, 90, 103, 147, 13, 175, 229;
 19, 194, 113, 193, 7, 91, 252, 105, 77, 32, 179, 74, 11, 8, 156, 165, 186, 149, 62, 171, 204, 180, 101, 213, 23, 216, 75, 150, 103, 12, 245, 165;
 114, 15, 106, 172, 108, 32, 235, 122, 192, 142, 216, 231, 49, 175, 180, 66, 238, 229, 55, 231, 152, 11, 134, 239, 112, 45, 234, 140, 53, 227, 118, 233;
 62, 11, 252, 115, 165, 107, 116, 97, 45, 18, 115, 3, 107, 57, 31, 155, 170, 145, 183, 194, 28, 240, 11, 240, 150, 219, 208, 7, 247, 175, 206, 130;
 35, 157, 236, 220, 255, 85, 156, 255, 207, 81, 28, 163, 40, 124, 182, 167, 207, 83, 147, 5, 215, 42, 126, 241, 43, 90, 222, 219, 215, 92, 249, 255;
 19, 134, 239, 252, 60, 22, 201, 184, 22, 195, 214, 198, 209, 239, 184, 224, 127, 196, 59, 173, 169, 213, 61, 223, 216, 47, 223, 4, 189, 168, 113, 120;
 103, 32, 184, 194, 254, 191, 185, 200, 202, 185, 61, 58, 220, 200, 221, 42, 183, 21, 98, 17, 23, 115, 188, 208, 31, 28, 11, 119, 205, 203, 11, 133;
 166, 58, 177, 209, 109, 52, 185, 202, 139, 250, 16, 125, 60, 159, 213, 191, 135, 25, 149, 49, 163, 71, 162, 208, 15, 24, 219, 190, 158, 85, 19, 247;
 49, 52, 111, 193, 220, 71, 201, 123, 85, 226, 244, 86, 17, 25, 52, 41, 121, 136, 23, 189, 249, 255, 117, 142, 95, 143, 179, 80, 253, 136, 240, 176;
 27, 114, 91, 169, 42, 1, 56, 88, 44, 72, 81, 231, 157, 143, 136, 96, 54, 25, 95, 231, 131, 20, 133, 209, 212, 233, 170, 236, 60, 131, 33, 145;
 10, 143, 10, 169, 84, 162, 170, 119, 4, 5, 90, 135, 172, 7, 48, 192, 126, 59, 147, 149, 18, 152, 1, 253, 172, 37, 186, 193, 20, 2, 177, 217;
 131, 141, 94, 222, 66, 181, 188, 103, 172, 2, 222, 146, 61, 170, 182, 33, 174, 163, 91, 135, 228, 141, 54, 111, 114, 43, 122, 137, 29, 64, 169, 140;
 61, 91, 111, 234, 52, 226, 235, 208, 132, 76, 222, 230, 17, 199, 179, 100, 78, 248, 31, 255, 139, 131, 116, 174, 240, 229, 170, 192, 190, 187, 52, 113;
 158, 18, 210, 249, 67, 114, 184, 82, 23, 199, 214, 247, 12, 159, 98, 72, 247, 157, 179, 145, 6, 215, 146, 194, 91, 119, 154, 199, 175, 196, 45, 215;
 187, 84, 70, 220, 13, 134, 73, 244, 149, 74, 214, 214, 88, 215, 184, 101, 108, 180, 31, 238, 237, 135, 116, 205, 242, 42, 226, 152, 63, 189, 120, 17;
 16, 26, 55, 89, 51, 239, 177, 82, 108, 25, 118, 96, 158, 23, 164, 60, 162, 24, 70, 24, 19, 189, 33, 85, 145, 190, 50, 66, 209, 1, 103, 171;
 130, 133, 62, 202, 124, 194, 169, 105, 140, 88, 211, 18, 244, 94, 62, 65, 250, 1, 27, 163, 99, 129, 34, 221, 101, 56, 170, 196, 21, 10, 177, 211;
 10, 145, 191, 236, 221, 71, 189, 127, 30, 233, 94, 2, 220, 189, 52, 98, 252, 93, 179, 161, 145, 249, 51, 204, 75, 159, 223, 142, 149, 40, 181, 187;
 3, 145, 191, 237, 188, 6, 189, 127, 14, 201, 94, 2, 252, 251, 116, 98, 254, 125, 55, 249, 145, 216, 51, 201, 109, 191, 239, 132, 156, 40, 177, 163;
 162, 233, 34, 187, 85, 197, 190, 228, 94, 0, 80, 3, 172, 220, 112, 128, 216, 57, 147, 195, 70, 62, 26, 255, 33, 84, 138, 107, 21, 27, 117, 138;
 130, 153, 178, 155, 195, 225, 189, 199, 159, 85, 64, 183, 172, 190, 102, 12, 239, 59, 131, 133, 22, 152, 54, 241, 5, 80, 222, 43, 215, 68, 165, 222;
 17, 16, 252, 105, 182, 190, 217, 23, 109, 205, 118, 118, 159, 24, 150, 40, 166, 33, 92, 61, 177, 173, 37, 78, 244, 223, 50, 194, 237, 128, 225, 117;
 31, 39, 102, 129, 239, 51, 185, 123, 132, 213, 223, 231, 89, 111, 191, 174, 110, 147, 183, 191, 149, 129, 47, 196, 94, 11, 235, 192, 175, 199, 57, 241;
 38, 107, 227, 76, 77, 20, 206, 80, 201, 142, 241, 74, 98, 204, 53, 254, 232, 232, 135, 206, 200, 163, 166, 232, 19, 56, 195, 25, 67, 63, 116, 228;
 55, 184, 123, 219, 52, 225, 251, 200, 95, 73, 217, 38, 96, 220, 191, 32, 250, 41, 23, 211, 151, 163, 56, 247, 10, 28, 139, 234, 29, 11, 112, 150;
 2, 176, 46, 158, 203, 225, 188, 111, 141, 23, 217, 175, 44, 254, 46, 136, 171, 35, 211, 133, 22, 3, 10, 213, 21, 22, 219, 171, 149, 70, 189, 198;
 254, 137, 178, 156, 203, 213, 154, 65, 159, 93, 149, 27, 46, 253, 38, 12, 174, 179, 247, 81, 30, 15, 34, 243, 91, 119, 88, 219, 211, 13, 165, 87;
 130, 218, 117, 155, 43, 205, 25, 55, 159, 87, 68, 247, 172, 158, 38, 77, 199, 59, 179, 5, 230, 92, 102, 209, 135, 115, 90, 235, 22, 140, 5, 223;
 23, 91, 111, 75, 180, 23, 207, 212, 85, 196, 212, 134, 241, 77, 179, 109, 126, 248, 23, 255, 137, 160, 117, 236, 163, 74, 174, 128, 183, 179, 52, 244;
 75, 214, 181, 147, 44, 36, 189, 191, 206, 251, 31, 115, 252, 230, 250, 239, 215, 19, 191, 61, 227, 69, 11, 213, 172, 18, 255, 174, 22, 220, 157, 245;
 35, 141, 97, 143, 84, 70, 238, 249, 68, 64, 88, 199, 113, 110, 53, 160, 124, 139, 19, 239, 205, 178, 92, 95, 37, 46, 170, 140, 29, 118, 123, 220;
 51, 65, 106, 238, 22, 1, 206, 220, 1, 192, 208, 203, 115, 78, 185, 96, 126, 233, 21, 239, 205, 131, 12, 254, 240, 205, 170, 184, 61, 155, 122, 72;
 38, 24, 180, 205, 111, 47, 177, 74, 207, 183, 121, 7, 140, 248, 103, 74, 203, 109, 51, 2, 0, 112, 216, 128, 68, 254, 91, 38, 220, 111, 81, 131;
 163, 105, 40, 207, 76, 21, 237, 196, 199, 234, 84, 6, 32, 137, 247, 46, 72, 232, 50, 207, 201, 54, 254, 224, 39, 24, 205, 58, 29, 187, 88, 252;
 103, 200, 106, 136, 116, 250, 122, 178, 169, 77, 94, 143, 72, 46, 183, 116, 102, 228, 63, 253, 149, 9, 36, 236, 54, 127, 170, 197, 175, 167, 88, 85;
 120, 73, 80, 229, 5, 10, 77, 53, 65, 164, 254, 10, 27, 25, 84, 84, 106, 188, 53, 200, 88, 186, 225, 200, 243, 253, 160, 80, 103, 170, 212, 42;
 11, 248, 99, 209, 198, 213, 237, 51, 61, 194, 86, 198, 185, 12, 212, 164, 111, 184, 54, 143, 213, 156, 119, 230, 12, 30, 190, 192, 47, 132, 113, 252;
 59, 197, 104, 239, 20, 20, 141, 109, 0, 65, 205, 146, 121, 14, 62, 224, 124, 139, 17, 173, 79, 143, 117, 207, 224, 237, 158, 8, 61, 146, 248, 184;
 19, 147, 58, 172, 52, 150, 91, 121, 85, 77, 215, 38, 179, 94, 190, 97, 220, 139, 30, 245, 223, 169, 119, 237, 235, 184, 170, 210, 60, 10, 57, 125;
 147, 200, 47, 187, 31, 199, 233, 236, 148, 80, 84, 2, 49, 76, 51, 97, 104, 161, 19, 239, 111, 165, 54, 253, 49, 75, 154, 1, 53, 24, 53, 236;
 46, 159, 106, 201, 246, 211, 186, 249, 77, 76, 92, 230, 40, 221, 180, 4, 126, 59, 147, 243, 210, 186, 44, 255, 110, 13, 170, 198, 119, 143, 252, 243;
 143, 80, 167, 159, 69, 38, 169, 130, 29, 83, 67, 22, 200, 111, 61, 205, 253, 73, 179, 143, 33, 212, 27, 226, 5, 58, 218, 2, 154, 117, 49, 182;
 146, 16, 110, 188, 15, 197, 217, 99, 157, 86, 213, 147, 189, 220, 54, 41, 232, 177, 147, 161, 238, 230, 118, 221, 195, 123, 218, 203, 53, 12, 252, 214;
 199, 177, 101, 179, 174, 8, 184, 169, 139, 122, 145, 231, 205, 204, 218, 139, 183, 71, 253, 119, 183, 69, 143, 213, 138, 82, 235, 246, 12, 175, 145, 85;
 134, 140, 38, 159, 151, 246, 191, 235, 28, 23, 74, 18, 236, 254, 55, 205, 249, 123, 179, 177, 48, 220, 57, 255, 45, 50, 222, 3, 150, 125, 181, 174;
 26, 150, 60, 186, 178, 165, 185, 127, 158, 83, 91, 247, 172, 174, 162, 73, 231, 19, 159, 149, 183, 9, 63, 247, 248, 6, 58, 198, 188, 12, 165, 91;
 150, 223, 165, 186, 142, 149, 142, 222, 150, 90, 152, 231, 105, 237, 253, 203, 109, 211, 183, 215, 251, 107, 46, 241, 59, 75, 239, 216, 189, 127, 245, 249;
 115, 90, 238, 156, 126, 82, 219, 34, 249, 228, 150, 175, 64, 46, 183, 243, 230, 229, 189, 197, 188, 139, 53, 238, 59, 63, 154, 211, 149, 165, 124, 87;
 80, 129, 28, 185, 46, 11, 100, 39, 30, 51, 67, 19, 132, 131, 32, 73, 226, 29, 43, 2, 80, 48, 9, 209, 148, 160, 218, 119, 52, 8, 133, 2;
 169, 181, 85, 9, 219, 223, 48, 236, 71, 96, 96, 199, 170, 4, 47, 165, 92, 10, 130, 124, 167, 184, 116, 157, 46, 88, 0, 54, 122, 140, 200, 220;
 254, 203, 104, 236, 78, 16, 94, 184, 1, 20, 244, 171, 91, 31, 50, 83, 124, 212, 181, 231, 204, 34, 239, 157, 243, 233, 227, 141, 55, 183, 118, 66;
 74, 57, 179, 196, 229, 244, 177, 71, 233, 205, 220, 46, 60, 186, 231, 238, 232, 59, 183, 145, 17, 59, 178, 192, 81, 244, 58, 171, 138, 108, 39, 255;
 22, 150, 172, 221, 147, 118, 157, 43, 19, 255, 223, 183, 72, 127, 46, 75, 221, 223, 183, 181, 188, 218, 123, 196, 239, 51, 223, 199, 181, 108, 172, 115;
 114, 145, 177, 206, 158, 69, 139, 204, 79, 97, 152, 10, 252, 253, 125, 36, 30, 219, 87, 233, 139, 35, 248, 217, 249, 24, 139, 188, 85, 27, 149, 58;
 142, 150, 109, 249, 176, 131, 120, 63, 54, 209, 67, 245, 217, 15, 176, 105, 247, 185, 31, 181, 190, 220, 93, 94, 110, 203, 191, 196, 188, 128, 177, 18;
 74, 131, 21, 191, 113, 168, 184, 7, 168, 21, 80, 241, 172, 10, 56, 95, 230, 35, 31, 5, 50, 9, 0, 205, 164, 240, 26, 146, 22, 4, 131, 141;
 2, 232, 138, 139, 81, 179, 120, 199, 47, 13, 206, 165, 8, 138, 110, 84, 233, 139, 155, 149, 30, 155, 1, 241, 58, 22, 158, 195, 154, 86, 248, 31;
 10, 222, 51, 90, 195, 245, 48, 199, 191, 85, 108, 149, 172, 150, 103, 189, 229, 59, 147, 144, 135, 13, 58, 245, 27, 81, 218, 107, 146, 4, 47, 255;
 13, 20, 17, 107, 90, 207, 11, 56, 94, 104, 121, 76, 221, 214, 15, 112, 150, 45, 126, 24, 209, 172, 217, 62, 77, 237, 33, 248, 216, 10, 1, 155;
 129, 43, 1, 187, 244, 140, 174, 233, 232, 128, 64, 66, 181, 66, 177, 241, 230, 107, 18, 223, 247, 152, 6, 237, 172, 168, 174, 64, 29, 3, 243, 136;
 157, 87, 252, 236, 172, 7, 157, 127, 206, 254, 156, 247, 219, 252, 246, 10, 255, 145, 127, 165, 248, 101, 39, 146, 240, 203, 239, 158, 221, 248, 209, 113;
 156, 218, 22, 129, 63, 139, 144, 80, 12, 60, 218, 102, 238, 25, 173, 196, 206, 16, 174, 80, 10, 167, 67, 221, 136, 146, 32, 215, 90, 14, 61, 27;
 98, 77, 227, 222, 237, 20, 79, 151, 19, 78, 92, 71, 40, 183, 245, 222, 212, 238, 55, 140, 73, 90, 242, 227, 55, 62, 158, 170, 158, 252, 240, 255;
 162, 204, 164, 217, 205, 229, 189, 239, 94, 23, 84, 18, 40, 252, 116, 45, 201, 59, 147, 145, 34, 110, 114, 243, 13, 30, 223, 107, 215, 92, 245, 206;
 66, 9, 182, 156, 15, 244, 184, 2, 143, 140, 150, 3, 172, 154, 119, 206, 162, 101, 251, 193, 6, 9, 131, 243, 23, 52, 218, 139, 14, 37, 61, 14;
 223, 125, 169, 166, 174, 38, 95, 158, 18, 255, 146, 255, 21, 60, 219, 75, 223, 215, 189, 215, 235, 79, 253, 162, 249, 225, 254, 252, 164, 93, 180, 123;
 26, 228, 161, 67, 151, 211, 239, 239, 94, 23, 25, 18, 137, 232, 92, 160, 187, 11, 83, 137, 210, 169, 63, 247, 169, 77, 159, 109, 37, 6, 181, 236;
 29, 3, 103, 161, 180, 43, 105, 27, 117, 193, 214, 255, 147, 13, 145, 232, 126, 128, 31, 61, 157, 180, 101, 142, 214, 207, 160, 208, 238, 172, 80, 113;
 51, 77, 228, 197, 143, 22, 94, 166, 69, 226, 142, 130, 104, 60, 215, 231, 76, 231, 184, 239, 205, 216, 117, 232, 50, 90, 221, 19, 63, 253, 88, 28;
 122, 237, 98, 136, 91, 241, 30, 238, 139, 36, 136, 171, 44, 158, 103, 212, 238, 251, 147, 209, 70, 11, 138, 247, 59, 84, 143, 191, 23, 30, 62, 222;
 164, 109, 217, 203, 140, 233, 71, 221, 71, 228, 121, 10, 83, 209, 237, 108, 89, 74, 10, 122, 94, 50, 122, 178, 111, 152, 5, 62, 242, 251, 212, 166;
 195, 212, 62, 114, 163, 236, 184, 181, 172, 81, 58, 20, 189, 191, 106, 97, 231, 51, 187, 17, 149, 13, 50, 228, 127, 217, 94, 74, 200, 128, 165, 27;
 112, 20, 126, 64, 86, 106, 224, 64, 80, 192, 111, 34, 83, 153, 101, 121, 120, 172, 34, 48, 41, 183, 20, 12, 95, 169, 67, 5, 233, 73, 120, 178;
 26, 20, 119, 245, 2, 102, 57, 59, 53, 130, 195, 242, 81, 87, 32, 109, 125, 149, 29, 170, 57, 148, 49, 222, 197, 238, 251, 128, 34, 193, 36, 33;
 86, 32, 23, 230, 10, 38, 44, 120, 164, 154, 203, 66, 125, 243, 41, 204, 118, 149, 63, 162, 9, 209, 11, 201, 145, 167, 235, 134, 160, 99, 33, 33;
 61, 195, 97, 169, 60, 131, 74, 248, 71, 76, 81, 231, 87, 77, 186, 224, 94, 136, 23, 255, 142, 34, 109, 157, 234, 233, 163, 204, 54, 143, 116, 225;
 163, 123, 243, 92, 44, 199, 199, 96, 221, 206, 240, 226, 50, 220, 181, 115, 204, 248, 14, 66, 201, 167, 102, 232, 17, 56, 224, 154, 69, 187, 116, 125;
 174, 163, 20, 193, 253, 151, 184, 205, 143, 189, 180, 19, 8, 216, 126, 143, 205, 17, 243, 49, 86, 239, 66, 213, 15, 89, 143, 247, 87, 14, 221, 197;
 202, 209, 186, 150, 13, 212, 177, 133, 171, 77, 142, 3, 236, 222, 110, 198, 224, 23, 235, 129, 71, 9, 186, 195, 23, 117, 158, 11, 2, 30, 61, 94;
 71, 122, 251, 244, 182, 169, 254, 146, 249, 201, 28, 254, 191, 125, 212, 42, 22, 243, 213, 81, 149, 232, 164, 166, 46, 223, 37, 248, 237, 249, 211, 149;
 118, 62, 168, 227, 190, 36, 95, 155, 19, 250, 159, 239, 245, 63, 91, 75, 207, 215, 61, 147, 235, 86, 217, 170, 255, 230, 191, 246, 172, 251, 148, 123;
 248, 201, 72, 168, 30, 3, 206, 236, 70, 32, 184, 138, 147, 8, 48, 0, 88, 200, 6, 227, 74, 42, 77, 63, 240, 141, 175, 61, 117, 58, 208, 0;
 54, 161, 104, 224, 212, 97, 250, 203, 70, 57, 25, 43, 17, 249, 92, 0, 249, 155, 23, 177, 150, 58, 73, 149, 127, 141, 173, 237, 245, 202, 244, 131;
 22, 80, 111, 77, 38, 66, 207, 88, 69, 68, 214, 230, 83, 93, 189, 45, 126, 212, 31, 234, 201, 180, 53, 72, 210, 169, 226, 132, 119, 187, 116, 113;
 10, 170, 162, 152, 79, 209, 184, 103, 142, 21, 88, 175, 12, 238, 118, 132, 239, 57, 179, 129, 22, 27, 6, 209, 28, 21, 138, 239, 151, 44, 191, 214;
 50, 75, 107, 172, 116, 134, 235, 118, 0, 132, 220, 199, 49, 175, 176, 64, 110, 237, 23, 237, 152, 154, 132, 236, 116, 45, 170, 200, 45, 163, 114, 241;
 8, 145, 30, 184, 33, 204, 56, 103, 173, 21, 103, 129, 172, 167, 34, 80, 230, 27, 163, 0, 86, 153, 18, 85, 195, 183, 90, 73, 16, 0, 175, 154;
 152, 195, 31, 255, 34, 67, 157, 233, 4, 62, 147, 35, 215, 127, 40, 65, 126, 57, 45, 35, 72, 244, 10, 29, 193, 227, 107, 53, 48, 42, 5, 163;
 26, 173, 41, 169, 31, 215, 203, 238, 86, 117, 152, 3, 137, 44, 24, 160, 57, 155, 147, 129, 215, 8, 61, 215, 237, 71, 155, 229, 55, 4, 181, 246;
 22, 142, 68, 168, 157, 226, 235, 234, 135, 29, 152, 227, 12, 106, 50, 64, 233, 131, 31, 181, 30, 11, 7, 223, 152, 20, 139, 207, 181, 77, 52, 71;
 182, 148, 237, 169, 172, 37, 217, 158, 70, 127, 144, 23, 147, 61, 91, 75, 205, 131, 95, 145, 186, 45, 89, 144, 203, 203, 254, 244, 245, 201, 212, 83;
 198, 248, 232, 211, 143, 80, 173, 140, 222, 214, 148, 162, 200, 204, 255, 111, 95, 88, 187, 219, 195, 69, 255, 224, 13, 24, 207, 255, 151, 189, 181, 116;
 18, 82, 243, 228, 111, 45, 176, 72, 143, 172, 56, 111, 44, 217, 109, 142, 186, 109, 235, 69, 0, 37, 146, 192, 17, 252, 67, 62, 213, 127, 69, 235;
 6, 141, 172, 159, 151, 114, 189, 175, 156, 23, 78, 19, 236, 126, 54, 79, 233, 123, 187, 145, 52, 216, 27, 253, 13, 50, 223, 67, 148, 108, 189, 134;
 165, 207, 97, 69, 244, 147, 239, 240, 69, 192, 124, 198, 113, 72, 180, 37, 94, 232, 22, 238, 245, 186, 101, 189, 38, 8, 161, 128, 125, 171, 208, 229;
 31, 47, 226, 201, 223, 50, 171, 82, 197, 193, 222, 163, 9, 44, 151, 174, 110, 133, 219, 189, 144, 35, 101, 204, 94, 76, 139, 196, 167, 239, 121, 228;
 75, 241, 179, 236, 124, 132, 235, 125, 206, 200, 221, 70, 221, 219, 248, 100, 254, 45, 63, 253, 211, 11, 178, 215, 125, 60, 175, 236, 22, 138, 241, 97;
 160, 205, 111, 241, 196, 239, 237, 103, 84, 123, 242, 82, 147, 61, 52, 41, 201, 146, 23, 137, 121, 248, 113, 180, 109, 139, 254, 192, 197, 72, 244, 232;
 67, 241, 187, 232, 124, 197, 187, 92, 206, 233, 222, 2, 220, 221, 124, 32, 222, 125, 63, 217, 211, 43, 242, 210, 125, 61, 175, 254, 157, 10, 177, 179;
 255, 64, 110, 224, 100, 6, 248, 48, 21, 144, 243, 19, 89, 27, 55, 73, 218, 161, 55, 231, 236, 179, 17, 140, 83, 203, 239, 133, 127, 189, 120, 2;
 146, 211, 234, 152, 158, 33, 153, 207, 158, 21, 208, 179, 12, 222, 126, 73, 255, 155, 155, 145, 190, 67, 22, 209, 123, 0, 158, 239, 181, 88, 181, 206;
 189, 92, 111, 232, 62, 210, 75, 208, 133, 196, 214, 162, 81, 215, 179, 109, 110, 240, 31, 254, 169, 135, 38, 188, 242, 233, 162, 192, 183, 187, 116, 113;
 26, 208, 186, 208, 211, 214, 185, 199, 179, 133, 198, 19, 12, 191, 102, 78, 111, 191, 179, 145, 26, 219, 176, 192, 91, 103, 158, 71, 163, 4, 165, 254;
 28, 120, 173, 175, 14, 66, 159, 22, 0, 134, 222, 163, 183, 63, 17, 74, 66, 117, 61, 195, 72, 201, 243, 32, 193, 161, 238, 145, 164, 115, 53, 107;
 181, 90, 105, 235, 52, 135, 218, 216, 86, 8, 145, 103, 243, 92, 57, 40, 254, 201, 23, 115, 239, 167, 76, 191, 162, 205, 171, 180, 53, 27, 112, 193;
 34, 201, 90, 201, 54, 195, 187, 228, 140, 0, 92, 162, 180, 205, 182, 64, 126, 59, 19, 241, 114, 184, 36, 255, 108, 13, 170, 193, 117, 138, 189, 137;
 110, 12, 176, 126, 233, 241, 152, 74, 139, 85, 109, 185, 44, 191, 103, 191, 203, 59, 163, 144, 22, 26, 234, 241, 87, 241, 202, 59, 146, 69, 47, 214;
 27, 48, 99, 129, 71, 21, 232, 126, 85, 74, 210, 198, 41, 8, 158, 172, 126, 137, 23, 173, 207, 30, 117, 199, 30, 94, 218, 194, 47, 140, 120, 220;
 48, 108, 227, 101, 23, 106, 226, 194, 113, 98, 250, 195, 3, 24, 21, 181, 120, 236, 4, 103, 237, 181, 220, 170, 51, 236, 129, 50, 101, 253, 90, 238;
 17, 24, 205, 237, 132, 38, 109, 158, 22, 67, 218, 86, 49, 35, 177, 104, 125, 206, 63, 141, 153, 158, 85, 235, 208, 175, 254, 132, 189, 248, 240, 56;
 57, 135, 96, 75, 215, 215, 214, 127, 85, 109, 253, 11, 107, 125, 190, 228, 93, 138, 151, 45, 254, 186, 109, 159, 119, 127, 128, 243, 119, 142, 220, 207;
 47, 142, 98, 158, 252, 147, 238, 113, 212, 72, 221, 230, 96, 232, 190, 228, 88, 106, 23, 237, 241, 186, 78, 255, 36, 62, 170, 200, 159, 175, 248, 229;
 95, 4, 183, 222, 139, 116, 121, 143, 237, 17, 79, 18, 124, 126, 61, 238, 113, 87, 59, 173, 16, 129, 63, 192, 27, 111, 218, 65, 183, 118, 165, 110;
 33, 14, 137, 145, 52, 175, 104, 23, 86, 171, 90, 118, 179, 33, 176, 104, 73, 46, 62, 156, 155, 184, 65, 142, 12, 30, 186, 128, 136, 200, 80, 9;
 255, 73, 114, 230, 109, 217, 214, 33, 205, 128, 179, 11, 111, 216, 55, 225, 186, 161, 189, 103, 204, 35, 30, 173, 179, 217, 65, 25, 109, 47, 88, 6;
 77, 31, 103, 110, 117, 182, 235, 48, 236, 232, 31, 100, 121, 29, 180, 244, 102, 165, 159, 239, 193, 145, 61, 252, 53, 125, 171, 128, 31, 231, 121, 113;
 3, 159, 101, 190, 27, 213, 159, 191, 159, 76, 90, 135, 249, 236, 182, 97, 206, 51, 187, 197, 214, 8, 127, 255, 97, 126, 222, 136, 21, 12, 181, 127;
 143, 92, 105, 237, 138, 100, 159, 27, 30, 66, 88, 150, 189, 94, 17, 224, 87, 27, 51, 191, 227, 4, 119, 218, 229, 125, 138, 136, 125, 245, 33, 240;
 67, 149, 169, 153, 150, 244, 184, 135, 15, 117, 27, 151, 204, 174, 126, 98, 183, 3, 59, 149, 150, 24, 189, 215, 111, 62, 159, 199, 149, 68, 149, 86;
 217, 104, 142, 183, 12, 68, 206, 148, 132, 10, 146, 3, 242, 217, 25, 10, 200, 196, 125, 203, 76, 196, 211, 33, 225, 163, 254, 145, 12, 51, 216, 10;
 187, 67, 15, 129, 12, 15, 137, 79, 140, 116, 158, 134, 150, 12, 51, 2, 76, 9, 91, 109, 201, 165, 49, 76, 193, 1, 10, 20, 85, 8, 57, 248;
 19, 0, 239, 204, 28, 134, 201, 24, 70, 192, 198, 2, 81, 201, 48, 96, 120, 172, 59, 173, 137, 163, 23, 221, 217, 47, 139, 12, 61, 168, 112, 32;
 2, 133, 43, 145, 211, 240, 168, 167, 158, 85, 74, 151, 172, 46, 118, 64, 103, 43, 147, 149, 54, 24, 52, 247, 45, 4, 158, 193, 149, 68, 181, 214;
 2, 235, 163, 140, 207, 65, 175, 230, 79, 196, 88, 227, 180, 140, 117, 0, 202, 123, 19, 199, 194, 58, 198, 243, 53, 20, 142, 170, 21, 126, 181, 238;
 10, 130, 52, 185, 73, 245, 184, 107, 143, 123, 21, 155, 172, 31, 126, 111, 167, 19, 251, 133, 66, 28, 82, 213, 87, 80, 218, 239, 18, 140, 13, 239;
 156, 215, 231, 204, 172, 102, 111, 248, 148, 90, 212, 230, 81, 247, 185, 101, 93, 208, 63, 234, 187, 7, 58, 243, 112, 174, 235, 204, 63, 251, 52, 113;
 88, 149, 23, 191, 150, 226, 21, 167, 20, 82, 203, 146, 244, 119, 40, 65, 243, 55, 185, 32, 113, 217, 25, 239, 233, 166, 222, 66, 12, 74, 181, 59;
 6, 38, 255, 211, 118, 120, 121, 19, 61, 147, 95, 250, 29, 31, 221, 43, 39, 145, 23, 152, 178, 208, 37, 192, 95, 9, 182, 128, 166, 192, 85, 33;
 131, 82, 85, 137, 42, 107, 161, 30, 5, 124, 211, 247, 198, 5, 160, 77, 110, 144, 46, 212, 135, 180, 119, 213, 148, 146, 114, 194, 125, 137, 33, 85;
 255, 78, 103, 198, 69, 118, 238, 112, 225, 202, 215, 66, 73, 205, 179, 231, 104, 228, 149, 235, 237, 183, 164, 206, 147, 251, 202, 129, 47, 183, 122, 229;
 11, 144, 146, 217, 147, 142, 184, 71, 61, 1, 90, 18, 172, 191, 36, 204, 183, 59, 147, 144, 23, 152, 16, 199, 142, 254, 30, 194, 158, 4, 169, 143;
 10, 159, 10, 169, 180, 162, 122, 119, 4, 9, 94, 231, 173, 135, 50, 64, 106, 43, 159, 133, 18, 152, 1, 253, 108, 101, 170, 193, 60, 140, 185, 153;
 12, 88, 10, 137, 86, 227, 107, 152, 6, 5, 94, 162, 221, 87, 179, 68, 94, 88, 19, 218, 2, 144, 105, 189, 109, 37, 170, 196, 182, 155, 53, 232;
 234, 189, 114, 216, 219, 209, 156, 231, 27, 39, 136, 187, 44, 190, 102, 145, 255, 187, 147, 129, 118, 11, 144, 223, 59, 85, 159, 127, 19, 76, 175, 222;
 3, 143, 8, 185, 52, 162, 138, 186, 30, 73, 88, 199, 145, 202, 178, 192, 221, 43, 23, 149, 175, 152, 77, 191, 172, 38, 171, 196, 29, 76, 57, 209;
 15, 17, 176, 168, 173, 116, 217, 3, 139, 93, 153, 21, 140, 190, 98, 203, 199, 27, 183, 149, 23, 10, 242, 208, 143, 249, 218, 255, 154, 77, 161, 215;
 27, 9, 250, 174, 22, 130, 207, 64, 213, 128, 211, 2, 191, 152, 50, 96, 122, 249, 31, 227, 88, 185, 36, 170, 240, 229, 138, 16, 53, 171, 48, 96;
 2, 201, 33, 156, 252, 213, 188, 191, 7, 73, 88, 195, 248, 254, 60, 228, 222, 59, 179, 133, 211, 24, 63, 245, 47, 54, 154, 200, 21, 142, 177, 124;
 146, 248, 189, 145, 75, 193, 177, 202, 130, 247, 132, 59, 20, 159, 98, 10, 169, 185, 211, 209, 66, 127, 178, 241, 87, 0, 95, 47, 113, 24, 37, 242;
 185, 79, 83, 236, 118, 11, 206, 124, 88, 32, 120, 202, 55, 8, 177, 0, 122, 168, 23, 111, 232, 188, 4, 159, 244, 237, 40, 176, 117, 186, 81, 137;
 3, 198, 67, 143, 86, 155, 170, 100, 93, 65, 91, 198, 233, 72, 190, 228, 126, 42, 18, 255, 231, 184, 37, 255, 44, 124, 142, 192, 127, 142, 217, 204;
 247, 89, 111, 206, 7, 22, 110, 240, 225, 192, 214, 6, 82, 216, 55, 231, 104, 228, 20, 234, 205, 167, 182, 232, 179, 105, 202, 10, 47, 51, 122, 166;
 135, 113, 55, 208, 172, 141, 105, 145, 143, 121, 18, 80, 156, 215, 253, 110, 133, 49, 63, 92, 211, 101, 2, 240, 141, 152, 127, 236, 144, 25, 129, 161;
 255, 94, 103, 222, 101, 118, 254, 112, 241, 202, 214, 230, 105, 124, 183, 239, 104, 228, 181, 239, 173, 135, 164, 234, 82, 122, 234, 129, 47, 245, 122, 213;
 130, 155, 70, 153, 218, 167, 184, 243, 31, 28, 216, 247, 76, 238, 52, 197, 126, 59, 179, 213, 246, 155, 6, 245, 28, 18, 218, 194, 29, 132, 165, 149;
 51, 71, 74, 172, 46, 147, 220, 111, 204, 14, 218, 239, 96, 8, 182, 129, 142, 33, 255, 103, 196, 173, 69, 141, 114, 123, 232, 153, 93, 152, 216, 11;
 228, 90, 191, 86, 108, 166, 139, 80, 220, 142, 243, 96, 240, 212, 181, 106, 204, 52, 22, 43, 225, 231, 96, 74, 85, 42, 170, 136, 69, 107, 116, 177;
 11, 206, 230, 149, 244, 146, 174, 182, 29, 135, 86, 247, 105, 104, 182, 197, 127, 103, 183, 205, 164, 220, 7, 239, 46, 127, 254, 129, 143, 253, 249, 28;
 211, 131, 141, 183, 141, 12, 45, 143, 174, 125, 18, 18, 180, 182, 75, 107, 165, 71, 63, 29, 2, 73, 171, 193, 141, 2, 255, 132, 144, 120, 149, 105;
 50, 11, 70, 141, 207, 55, 232, 74, 69, 148, 218, 71, 0, 40, 53, 206, 104, 170, 163, 149, 156, 187, 71, 220, 22, 48, 202, 3, 189, 111, 120, 134;
 181, 80, 254, 94, 78, 206, 179, 64, 196, 202, 247, 22, 82, 216, 37, 122, 232, 164, 2, 106, 33, 247, 18, 10, 81, 170, 2, 2, 73, 59, 112, 178;
 59, 205, 99, 205, 20, 82, 207, 236, 68, 64, 218, 2, 115, 92, 188, 224, 88, 236, 23, 235, 201, 178, 117, 143, 177, 44, 162, 128, 55, 186, 244, 236;
 24, 206, 87, 189, 18, 224, 58, 183, 52, 5, 74, 247, 61, 103, 160, 192, 119, 155, 173, 128, 122, 152, 3, 231, 224, 231, 58, 193, 52, 128, 165, 91;
 189, 199, 12, 171, 156, 131, 198, 233, 86, 24, 185, 83, 215, 65, 56, 193, 89, 192, 4, 255, 126, 165, 72, 191, 232, 193, 175, 117, 48, 11, 249, 128;
 43, 223, 34, 136, 221, 149, 159, 255, 7, 76, 216, 135, 44, 140, 50, 68, 220, 171, 131, 197, 198, 26, 118, 223, 52, 52, 158, 203, 30, 14, 188, 92;
 223, 181, 161, 168, 143, 84, 158, 233, 203, 216, 153, 78, 220, 252, 123, 226, 245, 215, 188, 243, 223, 67, 190, 192, 185, 81, 207, 190, 28, 126, 177, 87;
 169, 57, 51, 37, 245, 207, 228, 87, 120, 233, 114, 108, 159, 25, 49, 160, 172, 44, 22, 93, 145, 184, 16, 12, 109, 221, 52, 192, 203, 156, 211, 185;
 47, 125, 115, 200, 124, 135, 203, 117, 223, 200, 221, 78, 156, 219, 244, 228, 222, 169, 23, 253, 211, 43, 240, 223, 61, 28, 175, 232, 30, 138, 243, 161;
 128, 137, 191, 241, 164, 207, 237, 183, 84, 59, 82, 82, 183, 61, 48, 104, 105, 58, 55, 137, 81, 188, 65, 183, 237, 143, 254, 64, 165, 136, 212, 168;
 144, 194, 24, 170, 60, 129, 68, 237, 21, 12, 244, 34, 119, 83, 168, 81, 120, 128, 4, 232, 106, 14, 75, 255, 242, 162, 182, 93, 49, 154, 224, 11;
 114, 245, 58, 158, 85, 212, 21, 173, 27, 95, 149, 63, 238, 222, 110, 81, 245, 155, 157, 161, 127, 7, 186, 215, 243, 113, 138, 255, 22, 30, 189, 87;
 214, 26, 111, 241, 70, 38, 120, 19, 149, 242, 214, 215, 17, 15, 55, 107, 111, 181, 63, 133, 172, 214, 53, 192, 87, 235, 219, 196, 53, 168, 116, 83;
 209, 204, 201, 237, 148, 6, 111, 151, 86, 35, 218, 86, 51, 51, 177, 96, 105, 206, 60, 140, 249, 156, 213, 43, 252, 175, 182, 0, 189, 152, 240, 40;
 22, 11, 106, 204, 28, 240, 146, 74, 205, 4, 220, 163, 96, 232, 55, 64, 248, 177, 171, 241, 6, 35, 6, 221, 18, 52, 138, 27, 149, 107, 116, 6;
 119, 181, 185, 181, 158, 109, 253, 59, 10, 242, 138, 31, 181, 125, 81, 98, 253, 183, 57, 189, 123, 80, 241, 138, 253, 142, 239, 52, 172, 104, 16, 114;
 31, 137, 47, 164, 69, 22, 239, 241, 36, 120, 87, 70, 25, 43, 48, 105, 108, 141, 19, 207, 129, 17, 57, 221, 83, 107, 235, 132, 61, 227, 56, 176;
 248, 211, 156, 172, 45, 28, 69, 53, 4, 44, 214, 126, 255, 1, 162, 194, 64, 196, 173, 78, 216, 80, 195, 128, 242, 225, 102, 153, 50, 190, 216, 99;
 35, 72, 97, 129, 101, 240, 232, 86, 93, 123, 90, 242, 184, 28, 150, 172, 237, 137, 23, 141, 133, 190, 101, 213, 6, 30, 218, 194, 143, 156, 123, 253;
 55, 155, 200, 168, 190, 128, 78, 254, 134, 152, 216, 230, 49, 234, 243, 66, 79, 227, 62, 207, 223, 11, 14, 253, 184, 12, 175, 216, 61, 185, 56, 13;
 228, 82, 90, 236, 98, 38, 93, 121, 144, 202, 116, 231, 81, 67, 175, 89, 126, 181, 6, 166, 229, 151, 0, 12, 118, 235, 227, 140, 61, 248, 104, 147;
 27, 153, 3, 169, 181, 214, 238, 247, 93, 65, 90, 102, 172, 26, 176, 228, 236, 35, 155, 197, 211, 152, 17, 253, 168, 116, 138, 194, 30, 12, 185, 28;
 124, 219, 122, 230, 37, 9, 214, 112, 73, 140, 189, 239, 47, 201, 99, 192, 254, 249, 133, 67, 200, 51, 138, 169, 242, 209, 169, 185, 127, 186, 94, 147;
 138, 62, 241, 220, 111, 35, 142, 26, 29, 226, 88, 239, 172, 61, 177, 205, 79, 125, 179, 161, 161, 70, 87, 202, 20, 22, 219, 186, 31, 253, 17, 29;
 6, 0, 163, 253, 197, 98, 233, 2, 29, 7, 90, 2, 136, 170, 53, 204, 216, 169, 59, 145, 24, 144, 83, 192, 5, 54, 218, 3, 181, 105, 116, 38;
 192, 192, 27, 248, 34, 228, 188, 199, 174, 27, 114, 0, 188, 223, 104, 107, 167, 27, 51, 1, 67, 61, 146, 113, 213, 184, 90, 104, 24, 80, 33, 155;
 2, 153, 188, 159, 143, 242, 176, 167, 142, 29, 94, 35, 236, 122, 38, 75, 201, 115, 187, 145, 20, 216, 91, 245, 79, 54, 222, 195, 144, 104, 181, 14;
 165, 141, 113, 75, 246, 219, 239, 237, 92, 68, 125, 18, 16, 8, 188, 164, 58, 10, 18, 254, 243, 184, 45, 223, 45, 12, 36, 68, 117, 138, 212, 228;
 97, 16, 125, 233, 44, 6, 88, 56, 77, 90, 147, 102, 214, 27, 24, 109, 198, 145, 63, 43, 137, 4, 87, 213, 197, 187, 250, 144, 28, 9, 88, 51;
 247, 75, 90, 138, 106, 153, 62, 113, 141, 2, 117, 239, 13, 202, 183, 209, 38, 161, 142, 230, 228, 7, 14, 222, 54, 65, 33, 171, 63, 191, 9, 149;
 32, 217, 107, 192, 116, 199, 107, 244, 69, 76, 254, 10, 115, 77, 180, 112, 120, 160, 23, 104, 200, 187, 48, 29, 119, 13, 161, 192, 37, 154, 244, 112;
 184, 211, 105, 237, 116, 199, 91, 125, 1, 204, 244, 229, 51, 15, 50, 80, 220, 184, 23, 236, 248, 154, 112, 143, 227, 217, 160, 128, 54, 138, 246, 251;
 51, 92, 99, 167, 116, 220, 234, 22, 25, 200, 90, 231, 183, 60, 211, 224, 246, 47, 21, 93, 205, 152, 245, 174, 172, 124, 190, 128, 173, 222, 81, 221;
 174, 60, 184, 248, 219, 245, 178, 218, 155, 95, 116, 61, 60, 191, 103, 187, 239, 91, 147, 145, 54, 126, 154, 243, 95, 213, 26, 175, 219, 69, 47, 219;
 34, 188, 82, 184, 83, 209, 152, 103, 155, 7, 64, 187, 44, 190, 38, 145, 255, 187, 147, 129, 118, 15, 16, 255, 63, 87, 158, 107, 21, 12, 175, 158;
 32, 197, 24, 171, 148, 197, 183, 237, 12, 0, 88, 2, 180, 217, 56, 0, 217, 27, 19, 99, 66, 42, 26, 191, 233, 133, 174, 109, 84, 26, 181, 138;
 26, 74, 110, 243, 38, 187, 249, 64, 237, 39, 86, 162, 171, 8, 182, 44, 43, 48, 159, 209, 14, 188, 37, 237, 198, 223, 18, 195, 103, 141, 93, 196;
 131, 90, 119, 95, 102, 139, 165, 116, 92, 78, 118, 230, 224, 68, 181, 237, 46, 58, 6, 14, 225, 180, 47, 253, 36, 58, 114, 130, 95, 184, 69, 253;
 7, 142, 194, 151, 247, 54, 174, 178, 89, 202, 91, 199, 104, 104, 183, 196, 255, 111, 183, 239, 229, 248, 13, 239, 46, 126, 143, 130, 15, 255, 121, 157;
 35, 239, 99, 218, 124, 151, 239, 113, 93, 200, 221, 66, 57, 218, 180, 36, 122, 168, 22, 239, 195, 138, 110, 255, 54, 28, 171, 232, 23, 138, 114, 165;
 58, 73, 178, 174, 13, 209, 210, 65, 71, 4, 201, 11, 43, 220, 119, 192, 216, 185, 131, 195, 78, 35, 122, 153, 211, 213, 139, 59, 55, 46, 52, 70;
 0, 220, 155, 245, 52, 141, 97, 183, 254, 1, 122, 80, 183, 177, 176, 96, 67, 58, 46, 8, 67, 188, 113, 191, 237, 191, 178, 64, 148, 136, 209, 40;
 1, 140, 219, 253, 52, 140, 107, 23, 190, 9, 90, 66, 183, 211, 176, 96, 65, 58, 28, 152, 35, 156, 33, 143, 237, 191, 186, 128, 28, 136, 81, 40;
 7, 235, 42, 154, 213, 145, 170, 197, 199, 93, 93, 167, 40, 200, 62, 132, 232, 43, 147, 213, 150, 187, 14, 245, 60, 16, 138, 235, 159, 15, 249, 206;
 175, 151, 96, 11, 215, 182, 250, 75, 95, 85, 125, 151, 8, 8, 254, 196, 126, 11, 147, 157, 182, 184, 93, 215, 14, 89, 138, 199, 159, 141, 248, 199;
 160, 209, 121, 200, 221, 197, 115, 255, 29, 1, 108, 10, 48, 149, 122, 116, 88, 26, 19, 72, 82, 58, 114, 247, 127, 28, 4, 104, 18, 136, 212, 234;
 152, 73, 114, 238, 21, 130, 75, 112, 197, 4, 221, 2, 107, 201, 57, 228, 120, 232, 151, 235, 72, 179, 44, 173, 243, 233, 128, 1, 55, 143, 116, 232;
 28, 24, 209, 233, 91, 227, 51, 82, 6, 121, 76, 34, 156, 151, 97, 64, 98, 185, 147, 144, 19, 24, 25, 213, 205, 197, 43, 239, 179, 9, 5, 187;
 56, 223, 113, 201, 181, 219, 199, 255, 69, 36, 188, 10, 51, 21, 164, 164, 88, 186, 135, 104, 89, 168, 113, 159, 107, 221, 5, 81, 119, 138, 212, 58;
 197, 26, 154, 252, 40, 180, 72, 17, 92, 202, 247, 244, 149, 194, 161, 121, 212, 44, 44, 140, 173, 134, 194, 10, 192, 185, 227, 152, 24, 161, 40, 17;
 136, 211, 127, 233, 242, 206, 105, 188, 60, 92, 86, 245, 157, 23, 184, 105, 102, 28, 23, 124, 243, 152, 53, 20, 109, 169, 34, 196, 52, 128, 165, 241;
 199, 189, 161, 147, 224, 252, 169, 151, 62, 123, 30, 244, 188, 54, 222, 110, 39, 78, 62, 156, 179, 216, 191, 226, 12, 30, 254, 192, 140, 197, 145, 245;
 139, 156, 123, 249, 118, 167, 122, 250, 93, 67, 94, 214, 125, 111, 184, 97, 119, 155, 23, 189, 179, 156, 29, 255, 222, 223, 186, 196, 190, 201, 49, 153;
 32, 221, 25, 169, 148, 199, 183, 254, 4, 0, 88, 2, 181, 81, 32, 0, 88, 91, 19, 99, 66, 56, 24, 61, 229, 133, 174, 4, 84, 26, 181, 170;
 176, 86, 126, 255, 6, 75, 215, 244, 21, 78, 246, 255, 115, 13, 47, 1, 124, 240, 135, 98, 105, 165, 49, 191, 115, 195, 240, 147, 125, 153, 92, 251;
 45, 132, 40, 168, 172, 133, 223, 251, 70, 95, 253, 151, 147, 232, 58, 64, 221, 9, 7, 7, 222, 46, 110, 151, 224, 220, 171, 253, 20, 174, 176, 211;
 34, 188, 10, 186, 83, 225, 186, 99, 30, 5, 73, 171, 44, 254, 46, 0, 255, 59, 147, 129, 22, 154, 24, 255, 29, 86, 154, 235, 149, 14, 183, 222;
 181, 203, 201, 156, 30, 149, 206, 240, 214, 192, 208, 198, 49, 226, 179, 224, 110, 226, 62, 206, 237, 15, 62, 191, 184, 44, 175, 152, 61, 185, 120, 29;
 44, 92, 106, 224, 117, 255, 123, 218, 135, 126, 158, 175, 27, 157, 123, 136, 125, 200, 183, 254, 142, 55, 40, 182, 87, 77, 161, 229, 247, 191, 92, 211;
 95, 88, 231, 151, 133, 114, 111, 16, 165, 194, 143, 134, 249, 118, 151, 238, 98, 229, 189, 207, 141, 209, 253, 232, 147, 127, 207, 129, 174, 247, 48, 118;
 186, 222, 110, 254, 22, 130, 255, 115, 149, 6, 214, 230, 51, 189, 180, 69, 110, 254, 191, 194, 232, 191, 36, 255, 242, 239, 234, 128, 55, 184, 116, 121;
 126, 157, 57, 184, 231, 213, 87, 243, 27, 95, 253, 47, 14, 222, 38, 116, 215, 185, 149, 3, 223, 26, 250, 215, 251, 245, 175, 239, 22, 46, 165, 119;
 126, 58, 253, 113, 174, 200, 152, 144, 171, 252, 50, 237, 206, 93, 199, 27, 134, 117, 253, 81, 158, 100, 227, 192, 79, 211, 109, 255, 231, 165, 87, 83;
 119, 30, 167, 196, 228, 102, 234, 82, 225, 202, 219, 103, 64, 188, 181, 110, 237, 228, 125, 175, 141, 195, 168, 200, 19, 62, 202, 138, 133, 119, 114, 87;
 194, 152, 184, 153, 159, 225, 177, 134, 158, 21, 66, 55, 172, 254, 96, 74, 199, 115, 187, 17, 50, 12, 211, 243, 77, 52, 158, 75, 148, 8, 53, 91;
 210, 90, 140, 188, 40, 0, 92, 158, 164, 70, 194, 229, 237, 39, 35, 91, 230, 101, 173, 199, 76, 69, 151, 105, 192, 226, 218, 152, 60, 245, 33, 90;
 200, 159, 80, 174, 172, 24, 87, 181, 1, 108, 86, 236, 159, 53, 130, 199, 6, 230, 172, 78, 249, 56, 225, 165, 246, 241, 100, 216, 46, 172, 140, 121;
 146, 196, 102, 72, 30, 211, 138, 108, 140, 6, 214, 179, 233, 76, 188, 69, 122, 147, 219, 225, 104, 173, 37, 223, 178, 66, 202, 209, 119, 140, 53, 126;
 3, 143, 67, 155, 208, 160, 169, 174, 28, 69, 88, 215, 225, 230, 188, 196, 95, 43, 34, 157, 183, 152, 103, 247, 12, 38, 186, 200, 157, 4, 181, 252;
 154, 127, 235, 190, 242, 240, 191, 214, 180, 12, 222, 231, 40, 207, 163, 64, 110, 251, 135, 213, 226, 139, 34, 235, 114, 37, 190, 139, 37, 220, 61, 251;
 123, 159, 244, 214, 251, 22, 158, 53, 139, 188, 159, 238, 104, 62, 230, 214, 205, 247, 173, 135, 252, 75, 233, 234, 58, 127, 207, 151, 7, 110, 168, 79;
 147, 23, 43, 135, 52, 190, 235, 116, 92, 200, 91, 230, 247, 92, 189, 224, 246, 175, 21, 61, 173, 144, 37, 206, 172, 44, 174, 128, 36, 202, 85, 125;
 87, 210, 50, 138, 181, 148, 159, 197, 175, 29, 217, 179, 8, 218, 174, 108, 247, 155, 149, 145, 174, 3, 40, 247, 176, 252, 142, 203, 149, 86, 165, 71;
 57, 80, 138, 172, 64, 86, 127, 84, 16, 107, 70, 23, 81, 182, 43, 248, 252, 157, 147, 164, 205, 150, 176, 138, 211, 239, 250, 4, 169, 122, 184, 218;
 227, 204, 104, 204, 112, 86, 79, 188, 17, 74, 116, 6, 113, 99, 191, 112, 88, 204, 23, 238, 233, 130, 117, 95, 103, 175, 162, 136, 61, 176, 96, 248;
 184, 88, 122, 236, 85, 70, 83, 240, 17, 12, 244, 11, 51, 29, 35, 80, 248, 252, 21, 98, 72, 183, 16, 141, 243, 233, 128, 17, 115, 171, 118, 202;
 94, 190, 56, 146, 191, 209, 155, 224, 159, 237, 157, 191, 142, 220, 230, 5, 223, 185, 143, 83, 220, 43, 106, 244, 219, 85, 143, 251, 150, 15, 157, 87;
 200, 215, 120, 175, 102, 108, 119, 182, 33, 86, 124, 173, 63, 125, 11, 83, 166, 195, 149, 99, 199, 52, 144, 51, 247, 225, 32, 41, 126, 254, 207, 91;
 192, 41, 181, 181, 36, 203, 109, 55, 30, 171, 18, 240, 183, 55, 80, 98, 3, 63, 61, 25, 112, 220, 193, 138, 237, 210, 126, 176, 4, 200, 149, 169;
 2, 217, 98, 216, 22, 131, 174, 231, 132, 0, 200, 130, 49, 209, 48, 100, 110, 50, 27, 201, 194, 169, 20, 253, 49, 36, 142, 64, 53, 152, 181, 168;
 27, 141, 2, 168, 181, 208, 110, 231, 4, 0, 74, 2, 44, 138, 50, 192, 232, 43, 147, 197, 86, 152, 0, 253, 162, 237, 138, 67, 22, 12, 184, 12;
 182, 240, 25, 187, 75, 197, 155, 220, 30, 25, 241, 19, 28, 223, 108, 8, 253, 25, 179, 211, 18, 7, 26, 247, 89, 133, 155, 110, 17, 11, 167, 155;
 185, 239, 115, 218, 94, 147, 235, 121, 93, 4, 253, 234, 121, 200, 188, 36, 122, 168, 22, 234, 230, 179, 108, 255, 54, 76, 163, 168, 55, 138, 114, 173;
 60, 94, 237, 254, 78, 107, 247, 120, 140, 70, 255, 167, 123, 109, 55, 75, 110, 241, 167, 38, 41, 165, 127, 232, 87, 163, 224, 145, 117, 251, 116, 83;
 102, 19, 239, 198, 236, 98, 239, 17, 201, 196, 159, 162, 80, 108, 247, 106, 114, 244, 61, 179, 153, 193, 175, 200, 87, 62, 207, 143, 165, 251, 116, 119;
 27, 156, 127, 233, 246, 167, 248, 127, 31, 75, 90, 198, 189, 63, 181, 104, 119, 155, 23, 157, 179, 152, 21, 223, 223, 207, 186, 196, 189, 200, 49, 137;
 71, 49, 227, 194, 198, 102, 239, 17, 232, 201, 155, 102, 80, 254, 221, 106, 248, 245, 55, 145, 145, 242, 188, 192, 29, 44, 175, 196, 141, 99, 247, 243;
 176, 92, 106, 222, 84, 193, 99, 240, 212, 14, 244, 2, 51, 209, 183, 97, 72, 232, 6, 202, 106, 175, 32, 191, 115, 173, 160, 9, 53, 139, 116, 234;
 159, 91, 111, 72, 102, 22, 235, 240, 213, 204, 215, 246, 89, 204, 182, 229, 126, 224, 151, 239, 237, 183, 60, 206, 62, 89, 235, 196, 127, 175, 120, 245;
 208, 145, 31, 246, 3, 194, 53, 39, 188, 130, 199, 50, 124, 151, 40, 67, 102, 183, 185, 128, 121, 205, 146, 205, 241, 227, 90, 3, 36, 0, 165, 43;
 55, 157, 105, 142, 166, 7, 151, 253, 23, 78, 188, 239, 114, 125, 190, 0, 221, 195, 149, 102, 255, 35, 57, 191, 122, 14, 229, 158, 125, 255, 240, 87;
 159, 94, 110, 150, 54, 146, 190, 240, 149, 206, 215, 247, 73, 206, 183, 197, 127, 229, 159, 231, 237, 199, 44, 206, 186, 99, 239, 193, 47, 183, 57, 85;
 173, 87, 111, 71, 116, 86, 235, 120, 97, 200, 247, 230, 89, 93, 159, 229, 126, 212, 150, 250, 233, 182, 109, 206, 118, 41, 167, 128, 111, 191, 124, 241;
 211, 90, 139, 188, 46, 64, 18, 49, 156, 202, 211, 247, 247, 216, 178, 202, 246, 101, 61, 71, 205, 5, 135, 171, 144, 112, 234, 154, 60, 45, 57, 21;
 62, 204, 224, 158, 223, 65, 159, 236, 131, 103, 157, 135, 104, 237, 126, 6, 89, 211, 163, 199, 90, 43, 58, 243, 58, 86, 159, 127, 247, 127, 244, 246;
 18, 94, 239, 222, 86, 130, 111, 114, 149, 6, 214, 230, 51, 239, 183, 65, 126, 248, 63, 203, 232, 175, 38, 237, 114, 170, 234, 136, 53, 184, 112, 121;
 139, 131, 65, 153, 180, 160, 169, 191, 30, 65, 80, 215, 161, 162, 182, 196, 91, 10, 19, 157, 179, 152, 101, 215, 12, 54, 154, 204, 158, 12, 49, 252;
 39, 62, 232, 11, 244, 179, 146, 90, 78, 229, 125, 230, 136, 248, 247, 160, 223, 41, 150, 49, 150, 48, 108, 154, 44, 93, 175, 247, 213, 111, 93, 197;
 139, 80, 150, 156, 101, 50, 168, 66, 221, 67, 71, 150, 253, 120, 191, 237, 90, 40, 178, 173, 37, 182, 20, 200, 4, 122, 218, 2, 222, 253, 57, 148;
 2, 132, 139, 153, 213, 229, 161, 67, 22, 5, 73, 19, 160, 146, 106, 64, 201, 42, 3, 152, 18, 152, 50, 215, 77, 20, 154, 99, 144, 8, 181, 234;
 62, 155, 57, 170, 119, 213, 91, 248, 11, 77, 93, 175, 142, 222, 38, 244, 255, 185, 149, 67, 223, 154, 120, 245, 155, 213, 171, 239, 22, 47, 47, 247;
 182, 193, 243, 168, 246, 2, 94, 205, 143, 21, 144, 183, 13, 74, 56, 208, 255, 129, 151, 245, 126, 3, 36, 208, 176, 244, 142, 142, 53, 92, 165, 68;
 129, 23, 43, 199, 118, 174, 235, 120, 124, 204, 95, 118, 245, 124, 184, 97, 118, 250, 23, 239, 161, 144, 45, 239, 68, 46, 170, 128, 12, 203, 117, 121;
 135, 188, 249, 219, 242, 172, 63, 190, 126, 219, 92, 240, 157, 247, 254, 100, 55, 123, 51, 28, 243, 92, 190, 119, 109, 15, 63, 228, 150, 208, 133, 249;
 191, 115, 123, 192, 118, 23, 91, 112, 81, 228, 245, 238, 91, 29, 183, 53, 254, 248, 151, 118, 253, 182, 100, 204, 114, 217, 133, 230, 119, 175, 102, 245;
 134, 219, 105, 217, 228, 241, 168, 220, 31, 113, 84, 226, 144, 21, 253, 237, 79, 26, 147, 217, 131, 54, 79, 245, 14, 16, 219, 230, 157, 153, 29, 189;
 189, 65, 171, 236, 96, 70, 127, 84, 144, 203, 103, 17, 83, 247, 58, 120, 216, 108, 23, 238, 104, 151, 48, 10, 241, 175, 230, 0, 48, 120, 224, 226;
 49, 221, 121, 201, 150, 223, 214, 119, 85, 40, 252, 42, 51, 61, 164, 100, 92, 186, 22, 104, 253, 184, 113, 159, 171, 205, 37, 82, 121, 138, 208, 61;
 10, 154, 152, 186, 211, 241, 187, 206, 30, 13, 93, 167, 172, 207, 42, 72, 247, 59, 131, 145, 18, 26, 10, 247, 79, 53, 154, 235, 144, 7, 173, 211;
 2, 159, 31, 179, 178, 225, 184, 83, 188, 81, 75, 247, 188, 246, 40, 96, 167, 59, 147, 16, 51, 152, 48, 247, 136, 134, 26, 194, 156, 64, 165, 241;
 141, 155, 59, 201, 244, 165, 251, 83, 94, 77, 93, 102, 188, 151, 244, 96, 214, 27, 55, 28, 147, 184, 34, 243, 78, 157, 42, 192, 22, 137, 229, 241;
 123, 159, 122, 182, 123, 144, 26, 49, 153, 173, 159, 239, 108, 238, 142, 208, 214, 183, 173, 197, 188, 203, 236, 191, 58, 103, 171, 211, 39, 14, 12, 95;
 195, 0, 132, 181, 164, 40, 104, 3, 174, 59, 82, 118, 141, 34, 208, 203, 227, 5, 63, 141, 53, 212, 195, 192, 132, 242, 250, 134, 140, 108, 57, 4;
 219, 86, 122, 164, 102, 43, 121, 82, 25, 102, 151, 255, 31, 29, 179, 5, 62, 145, 151, 163, 173, 39, 36, 202, 210, 89, 32, 134, 47, 237, 52, 81;
 55, 117, 232, 134, 182, 103, 159, 236, 27, 239, 153, 175, 92, 124, 127, 0, 255, 219, 149, 247, 252, 195, 124, 234, 251, 30, 141, 255, 133, 127, 150, 215;
 147, 91, 70, 158, 62, 151, 142, 112, 213, 64, 208, 231, 105, 200, 182, 197, 78, 225, 30, 239, 237, 167, 12, 255, 48, 120, 138, 152, 63, 189, 56, 92;
 194, 212, 24, 154, 95, 229, 177, 133, 158, 23, 65, 19, 172, 223, 106, 72, 221, 59, 187, 145, 34, 94, 218, 243, 93, 20, 158, 107, 144, 8, 37, 218;
 60, 6, 106, 254, 117, 243, 114, 112, 148, 14, 253, 34, 121, 201, 51, 65, 120, 184, 135, 162, 40, 179, 40, 143, 83, 239, 162, 137, 55, 239, 124, 130;
 73, 156, 159, 219, 181, 180, 53, 151, 158, 91, 95, 84, 188, 179, 32, 111, 197, 119, 59, 16, 179, 72, 58, 231, 109, 191, 62, 194, 154, 64, 161, 43;
 167, 207, 229, 159, 205, 55, 174, 236, 223, 218, 89, 214, 232, 104, 191, 239, 221, 66, 178, 239, 245, 228, 126, 234, 46, 26, 207, 134, 159, 127, 217, 213;
 134, 251, 27, 184, 234, 197, 159, 220, 158, 57, 48, 99, 156, 223, 97, 9, 222, 89, 23, 211, 82, 67, 154, 240, 201, 145, 47, 238, 144, 17, 165, 163;
 218, 78, 158, 246, 3, 160, 60, 150, 185, 151, 70, 179, 173, 167, 33, 91, 230, 247, 173, 128, 32, 205, 130, 233, 211, 227, 250, 139, 164, 241, 37, 11;
 15, 113, 184, 170, 203, 117, 191, 200, 138, 124, 29, 39, 156, 222, 127, 11, 238, 91, 147, 215, 151, 3, 186, 224, 247, 17, 207, 238, 157, 127, 165, 243;
 38, 127, 49, 130, 239, 37, 191, 208, 137, 92, 157, 103, 12, 238, 111, 10, 166, 83, 151, 115, 145, 3, 170, 224, 115, 16, 47, 250, 148, 127, 167, 211;
 181, 78, 107, 222, 94, 147, 239, 120, 85, 66, 245, 210, 99, 200, 181, 164, 122, 168, 18, 239, 232, 183, 126, 255, 54, 207, 131, 16, 117, 139, 113, 164;
 151, 72, 239, 222, 70, 134, 235, 80, 148, 198, 211, 199, 121, 239, 181, 73, 126, 237, 63, 207, 169, 135, 62, 237, 80, 42, 234, 136, 61, 187, 112, 240;
 114, 21, 109, 172, 222, 70, 151, 125, 0, 236, 152, 239, 112, 124, 23, 35, 252, 213, 93, 229, 233, 99, 241, 141, 113, 41, 239, 190, 61, 122, 244, 251;
 102, 181, 188, 250, 252, 229, 191, 255, 214, 217, 93, 50, 80, 253, 126, 99, 213, 91, 183, 177, 211, 122, 186, 179, 127, 29, 111, 238, 152, 122, 181, 147;
 3, 86, 111, 143, 98, 130, 173, 121, 60, 66, 87, 230, 249, 199, 184, 101, 54, 45, 55, 175, 225, 148, 37, 93, 100, 42, 234, 128, 44, 162, 33, 249;
 90, 3, 192, 165, 195, 48, 61, 7, 11, 245, 30, 175, 237, 234, 82, 206, 39, 231, 189, 149, 148, 88, 135, 192, 254, 101, 207, 171, 175, 124, 157, 87;
 185, 85, 122, 103, 116, 94, 127, 49, 85, 70, 127, 39, 123, 93, 186, 113, 126, 188, 151, 110, 233, 180, 57, 142, 103, 237, 32, 0, 111, 174, 252, 123;
 223, 22, 110, 132, 230, 54, 239, 248, 253, 238, 151, 247, 73, 108, 191, 239, 127, 197, 191, 175, 173, 215, 61, 202, 82, 123, 235, 132, 175, 247, 57, 85;
 185, 141, 113, 235, 151, 143, 247, 119, 85, 97, 94, 18, 59, 25, 176, 100, 110, 58, 18, 24, 255, 184, 117, 191, 111, 204, 4, 64, 119, 136, 208, 172;
 74, 19, 231, 69, 181, 212, 184, 17, 229, 205, 223, 231, 233, 61, 246, 230, 102, 54, 189, 220, 149, 184, 183, 192, 79, 125, 162, 194, 175, 142, 244, 119;
 70, 179, 145, 202, 235, 97, 190, 200, 139, 93, 185, 235, 12, 222, 109, 250, 231, 155, 147, 211, 151, 3, 138, 240, 29, 16, 143, 239, 148, 83, 167, 215;
 5, 31, 111, 207, 246, 166, 235, 184, 92, 78, 94, 230, 213, 116, 185, 109, 118, 88, 23, 239, 177, 176, 45, 237, 68, 42, 234, 196, 157, 251, 117, 245;
 62, 116, 122, 232, 87, 247, 91, 222, 3, 228, 124, 139, 127, 223, 127, 180, 254, 217, 151, 247, 143, 151, 52, 158, 251, 205, 141, 175, 183, 191, 52, 254;
 28, 157, 112, 239, 178, 166, 94, 184, 87, 232, 191, 227, 125, 127, 169, 112, 183, 95, 149, 227, 227, 129, 25, 255, 235, 239, 37, 214, 63, 247, 161, 19;
 2, 221, 20, 159, 13, 199, 180, 175, 222, 31, 90, 2, 236, 248, 36, 69, 201, 115, 171, 65, 64, 184, 83, 253, 37, 50, 222, 3, 20, 88, 189, 142;
 60, 25, 237, 173, 199, 122, 255, 17, 0, 196, 127, 167, 93, 125, 35, 202, 126, 245, 179, 167, 145, 178, 246, 136, 87, 231, 239, 9, 247, 255, 245, 242;
 191, 220, 123, 235, 87, 247, 91, 252, 15, 68, 124, 3, 95, 95, 43, 112, 254, 249, 151, 231, 14, 146, 56, 191, 251, 221, 11, 99, 55, 191, 38, 246;
 54, 245, 225, 230, 182, 103, 223, 236, 27, 239, 152, 143, 88, 125, 125, 0, 255, 223, 21, 247, 216, 195, 217, 234, 251, 30, 141, 246, 165, 255, 244, 83;
 180, 3, 67, 234, 79, 195, 128, 73, 23, 5, 193, 147, 67, 205, 44, 72, 120, 184, 171, 242, 90, 55, 11, 146, 209, 224, 139, 13, 53, 10, 244, 226;
 79, 20, 239, 81, 228, 114, 237, 147, 120, 243, 95, 150, 217, 44, 223, 111, 111, 78, 54, 159, 149, 240, 189, 224, 78, 47, 255, 196, 175, 245, 248, 244;
 154, 88, 6, 172, 31, 131, 168, 236, 134, 132, 208, 3, 33, 203, 33, 192, 104, 168, 187, 227, 104, 167, 19, 223, 241, 227, 139, 155, 53, 56, 52, 74;
 155, 215, 55, 201, 55, 151, 57, 119, 223, 77, 87, 118, 156, 31, 162, 229, 230, 49, 159, 24, 227, 141, 32, 223, 226, 249, 58, 198, 30, 140, 165, 123;
 11, 157, 255, 251, 246, 163, 249, 246, 31, 105, 94, 118, 61, 59, 176, 96, 127, 187, 55, 153, 147, 152, 53, 253, 254, 223, 186, 192, 189, 200, 177, 185;
 57, 167, 114, 96, 116, 63, 90, 254, 97, 40, 252, 108, 27, 41, 156, 181, 190, 138, 86, 44, 169, 178, 64, 143, 242, 217, 32, 132, 111, 222, 74, 137]