[191, 242, 225, 67, 187, 18, 77, 157, 83, 249, 181, 246, 89, 78, 223, 253, 119, 137, 156, 190, 239, 70, 237, 146, 126, 217, 167, 188, 191, 158, 200, 93;
 27, 19, 237, 255, 54, 126, 186, 88, 159, 233, 156, 231, 237, 127, 191, 102, 246, 127, 157, 85, 135, 209, 60, 169, 135, 249, 170, 178, 158, 239, 25, 221;
 106, 146, 224, 220, 124, 24, 160, 127, 90, 45, 85, 238, 129, 161, 244, 197, 86, 94, 142, 0, 244, 122, 228, 157, 62, 119, 118, 251, 22, 172, 221, 221;
 140, 90, 87, 215, 71, 149, 171, 80, 86, 132, 87, 206, 105, 193, 49, 140, 38, 185, 162, 202, 131, 182, 62, 253, 23, 66, 65, 9, 119, 191, 37, 180;
 219, 211, 106, 215, 38, 29, 127, 181, 141, 108, 23, 230, 123, 215, 254, 103, 118, 116, 189, 78, 193, 145, 188, 181, 222, 235, 229, 208, 46, 174, 156, 113;
 93, 95, 47, 177, 54, 221, 251, 176, 229, 212, 150, 134, 255, 93, 179, 167, 46, 176, 255, 125, 223, 225, 55, 237, 251, 73, 47, 193, 38, 143, 61, 113;
 116, 107, 215, 180, 230, 2, 79, 152, 19, 206, 186, 239, 65, 227, 223, 86, 127, 236, 36, 238, 73, 199, 142, 168, 58, 236, 229, 132, 47, 243, 120, 17;
 11, 146, 170, 148, 102, 185, 187, 115, 133, 207, 95, 231, 253, 205, 250, 36, 63, 34, 63, 15, 195, 181, 167, 131, 214, 71, 165, 136, 38, 206, 61, 245;
 34, 60, 224, 142, 125, 240, 204, 110, 9, 196, 204, 139, 160, 46, 23, 116, 200, 106, 147, 133, 143, 10, 244, 237, 53, 28, 158, 187, 158, 78, 94, 222;
 114, 238, 122, 132, 87, 240, 58, 71, 89, 111, 92, 159, 40, 174, 54, 100, 125, 191, 147, 129, 238, 30, 164, 219, 55, 37, 154, 167, 39, 204, 158, 222;
 13, 184, 42, 165, 38, 217, 251, 112, 133, 79, 95, 162, 223, 205, 250, 38, 47, 82, 63, 79, 209, 180, 39, 231, 198, 13, 40, 128, 102, 174, 53, 113;
 129, 115, 58, 238, 238, 173, 54, 85, 193, 141, 220, 63, 36, 216, 234, 2, 174, 171, 14, 81, 214, 235, 163, 163, 246, 244, 28, 123, 4, 26, 153, 143;
 187, 57, 246, 204, 246, 214, 59, 92, 155, 205, 116, 163, 12, 255, 167, 244, 230, 125, 151, 92, 179, 155, 160, 204, 58, 121, 138, 234, 151, 172, 119, 255;
 90, 31, 240, 204, 219, 245, 19, 86, 215, 237, 220, 171, 42, 189, 103, 96, 30, 187, 175, 209, 140, 42, 228, 250, 251, 93, 33, 251, 219, 76, 37, 91;
 91, 93, 242, 236, 95, 149, 90, 22, 19, 201, 220, 107, 42, 253, 119, 228, 220, 251, 151, 193, 141, 43, 128, 250, 187, 124, 142, 170, 191, 60, 57, 223;
 23, 241, 15, 133, 134, 25, 142, 249, 12, 80, 159, 230, 247, 117, 248, 161, 63, 192, 62, 239, 91, 225, 47, 197, 184, 6, 239, 212, 45, 186, 177, 113;
 126, 149, 244, 219, 207, 118, 48, 174, 201, 85, 135, 183, 12, 62, 14, 255, 103, 215, 177, 177, 149, 218, 253, 228, 31, 98, 222, 199, 191, 111, 189, 87;
 77, 159, 110, 130, 182, 156, 251, 176, 133, 204, 158, 174, 255, 77, 178, 167, 46, 162, 127, 124, 209, 169, 39, 237, 254, 1, 47, 192, 110, 143, 49, 113;
 67, 186, 43, 132, 38, 201, 107, 242, 141, 199, 94, 238, 189, 133, 242, 38, 47, 66, 63, 79, 195, 185, 39, 163, 222, 69, 173, 128, 38, 204, 53, 113;
 250, 156, 243, 220, 119, 212, 59, 115, 27, 226, 64, 179, 8, 191, 118, 116, 247, 253, 151, 129, 245, 158, 176, 223, 27, 124, 143, 239, 63, 172, 245, 247;
 79, 210, 107, 146, 102, 157, 191, 177, 140, 218, 87, 238, 252, 204, 254, 160, 55, 113, 179, 79, 211, 181, 190, 229, 94, 15, 111, 192, 14, 142, 185, 113;
 63, 12, 227, 186, 213, 231, 235, 64, 151, 203, 217, 7, 88, 222, 55, 192, 121, 168, 151, 148, 30, 167, 56, 255, 115, 79, 171, 200, 159, 127, 112, 214;
 11, 91, 227, 150, 118, 221, 187, 87, 142, 204, 94, 231, 60, 212, 247, 228, 182, 58, 147, 69, 129, 153, 34, 248, 114, 29, 62, 170, 134, 190, 85, 253;
 235, 27, 161, 220, 116, 223, 81, 22, 91, 233, 86, 235, 50, 189, 247, 237, 132, 186, 183, 5, 161, 126, 96, 136, 87, 91, 81, 186, 150, 188, 84, 127;
 59, 19, 226, 199, 55, 248, 61, 21, 31, 236, 94, 167, 123, 167, 231, 100, 118, 62, 189, 28, 138, 153, 165, 154, 234, 125, 190, 177, 150, 206, 84, 125;
 207, 11, 254, 218, 230, 121, 127, 152, 159, 90, 6, 194, 125, 231, 183, 127, 119, 112, 63, 110, 135, 5, 47, 249, 66, 123, 97, 132, 182, 253, 64, 117;
 110, 252, 97, 197, 85, 118, 83, 242, 73, 110, 76, 15, 2, 188, 118, 86, 193, 76, 149, 51, 156, 158, 240, 142, 31, 126, 219, 247, 134, 47, 86, 246;
 226, 148, 43, 196, 93, 93, 212, 111, 95, 123, 150, 91, 90, 188, 126, 37, 157, 148, 191, 33, 229, 119, 176, 147, 59, 28, 85, 255, 87, 12, 221, 127;
 251, 208, 105, 197, 36, 88, 127, 48, 139, 110, 71, 166, 221, 247, 234, 244, 118, 124, 189, 78, 197, 20, 172, 145, 199, 253, 235, 181, 54, 191, 28, 117;
 63, 82, 161, 137, 164, 118, 184, 220, 19, 235, 148, 247, 192, 222, 251, 236, 221, 92, 183, 21, 157, 213, 228, 128, 207, 95, 191, 246, 158, 255, 88, 215;
 123, 89, 232, 199, 54, 242, 123, 148, 14, 100, 78, 162, 125, 55, 255, 112, 118, 127, 189, 220, 142, 152, 237, 187, 239, 237, 175, 129, 182, 191, 28, 121;
 124, 118, 27, 228, 79, 244, 22, 223, 64, 196, 201, 70, 7, 199, 105, 194, 116, 220, 128, 50, 75, 50, 184, 168, 177, 197, 135, 44, 32, 91, 181, 112;
 108, 3, 177, 220, 125, 189, 99, 18, 87, 109, 81, 207, 143, 165, 241, 204, 84, 42, 170, 28, 147, 58, 210, 144, 30, 92, 49, 120, 218, 141, 84, 244;
 249, 202, 27, 180, 69, 244, 72, 98, 88, 196, 68, 2, 185, 66, 54, 225, 224, 172, 128, 42, 237, 110, 182, 157, 156, 235, 211, 105, 3, 32, 124, 36;
 58, 180, 242, 205, 87, 86, 51, 115, 27, 111, 84, 55, 28, 158, 46, 244, 247, 157, 151, 37, 227, 150, 160, 207, 119, 109, 154, 166, 63, 12, 254, 223;
 82, 92, 26, 146, 34, 249, 178, 66, 142, 96, 170, 162, 36, 150, 102, 224, 228, 55, 170, 2, 71, 17, 144, 181, 179, 177, 139, 115, 24, 11, 13, 21;
 218, 25, 243, 248, 231, 213, 56, 114, 27, 204, 84, 255, 12, 191, 230, 196, 246, 191, 183, 17, 209, 30, 162, 250, 27, 124, 123, 235, 150, 173, 37, 247;
 151, 131, 134, 161, 150, 82, 168, 164, 102, 241, 211, 199, 203, 14, 176, 235, 104, 197, 63, 213, 157, 217, 13, 220, 136, 227, 235, 197, 189, 13, 185, 20;
 75, 26, 176, 204, 111, 213, 93, 31, 87, 201, 156, 171, 62, 61, 242, 100, 238, 187, 191, 141, 142, 42, 103, 241, 87, 93, 48, 170, 222, 204, 180, 125;
 110, 153, 245, 159, 207, 112, 184, 171, 11, 87, 2, 183, 141, 62, 78, 239, 103, 95, 185, 129, 149, 90, 255, 224, 15, 114, 223, 239, 183, 101, 189, 87;
 246, 157, 242, 252, 223, 196, 19, 113, 95, 76, 212, 55, 14, 157, 102, 81, 118, 253, 159, 113, 178, 47, 160, 218, 123, 105, 39, 254, 61, 44, 181, 211;
 11, 11, 160, 41, 240, 143, 189, 199, 31, 125, 124, 129, 168, 172, 119, 236, 207, 91, 147, 29, 134, 184, 69, 210, 45, 92, 30, 164, 210, 92, 137, 253;
 255, 28, 224, 220, 93, 30, 91, 91, 91, 237, 84, 59, 2, 29, 183, 247, 205, 252, 149, 117, 188, 94, 240, 158, 127, 121, 133, 255, 183, 173, 86, 247;
 190, 61, 118, 221, 87, 214, 90, 96, 57, 230, 84, 183, 12, 30, 39, 191, 110, 253, 149, 243, 245, 223, 52, 206, 59, 74, 139, 231, 47, 37, 126, 215;
 212, 17, 252, 189, 158, 78, 177, 1, 152, 210, 7, 147, 223, 252, 103, 107, 230, 117, 153, 49, 177, 237, 180, 8, 203, 227, 127, 121, 180, 41, 133, 243;
 213, 211, 110, 212, 38, 141, 125, 49, 196, 200, 214, 206, 119, 205, 186, 33, 46, 176, 63, 110, 221, 233, 38, 101, 250, 10, 97, 200, 108, 139, 176, 113;
 96, 205, 94, 248, 125, 200, 112, 7, 203, 145, 98, 3, 34, 129, 36, 211, 224, 36, 170, 16, 71, 111, 146, 172, 58, 249, 20, 91, 91, 138, 248, 26;
 33, 62, 209, 133, 245, 54, 244, 75, 91, 230, 9, 95, 140, 168, 86, 134, 143, 108, 130, 13, 149, 114, 178, 200, 6, 28, 19, 126, 141, 108, 219, 214;
 65, 227, 93, 235, 116, 142, 64, 157, 72, 193, 74, 74, 52, 8, 24, 114, 162, 10, 0, 121, 199, 248, 65, 141, 100, 137, 36, 0, 44, 26, 217, 9;
 181, 245, 96, 243, 252, 133, 223, 189, 86, 168, 145, 127, 241, 88, 254, 96, 223, 235, 23, 211, 252, 118, 92, 190, 236, 136, 173, 240, 61, 26, 208, 151;
 153, 204, 84, 247, 210, 173, 111, 183, 85, 47, 115, 30, 207, 33, 146, 77, 55, 139, 6, 156, 177, 126, 85, 127, 252, 142, 20, 72, 251, 200, 129, 56;
 185, 81, 73, 174, 77, 66, 64, 76, 82, 104, 96, 47, 82, 144, 43, 208, 208, 12, 18, 117, 79, 50, 250, 159, 128, 41, 162, 126, 57, 14, 90, 218;
 161, 47, 115, 199, 180, 208, 111, 87, 105, 172, 196, 114, 177, 146, 198, 116, 64, 46, 28, 168, 236, 156, 228, 206, 164, 252, 182, 162, 36, 128, 246, 173;
 72, 38, 248, 164, 118, 73, 115, 27, 83, 165, 127, 155, 63, 169, 90, 2, 58, 157, 6, 37, 22, 122, 164, 195, 246, 133, 48, 41, 100, 136, 132, 67;
 178, 134, 101, 71, 8, 107, 4, 47, 71, 242, 11, 219, 195, 45, 116, 83, 73, 158, 107, 36, 252, 124, 93, 29, 7, 80, 81, 55, 113, 74, 84, 222;
 116, 16, 30, 164, 41, 242, 176, 64, 196, 240, 163, 167, 129, 218, 39, 75, 228, 53, 168, 34, 5, 21, 144, 156, 18, 241, 203, 51, 24, 43, 9, 22;
 177, 218, 208, 221, 87, 157, 99, 18, 83, 45, 116, 254, 35, 225, 228, 204, 85, 108, 130, 28, 162, 62, 196, 179, 46, 124, 17, 234, 251, 172, 80, 245;
 48, 134, 218, 141, 214, 44, 115, 23, 87, 111, 124, 214, 3, 161, 242, 68, 93, 238, 6, 12, 186, 186, 228, 131, 100, 44, 32, 32, 251, 202, 240, 249;
 218, 35, 214, 228, 23, 178, 120, 84, 161, 173, 211, 242, 77, 199, 136, 110, 54, 245, 189, 240, 30, 209, 160, 192, 147, 241, 139, 131, 166, 147, 172, 5;
 11, 74, 98, 188, 115, 219, 184, 102, 156, 66, 112, 163, 188, 188, 54, 224, 238, 61, 147, 197, 196, 184, 6, 249, 36, 127, 90, 187, 85, 28, 37, 223;
 26, 151, 71, 197, 199, 123, 164, 75, 14, 164, 126, 226, 73, 36, 165, 230, 34, 158, 162, 32, 65, 185, 37, 222, 54, 97, 5, 151, 55, 252, 93, 237;
 105, 89, 233, 196, 100, 93, 95, 23, 87, 236, 94, 174, 59, 173, 243, 172, 14, 186, 183, 13, 205, 250, 119, 128, 122, 93, 53, 184, 166, 252, 84, 125;
 98, 142, 82, 213, 116, 170, 233, 50, 25, 170, 26, 238, 244, 0, 212, 69, 79, 180, 38, 171, 113, 254, 64, 239, 132, 146, 187, 224, 12, 9, 17, 169;
 146, 154, 87, 205, 70, 27, 161, 82, 78, 53, 119, 210, 13, 0, 172, 228, 38, 158, 162, 8, 146, 189, 37, 213, 20, 32, 18, 1, 55, 140, 205, 228;
 161, 40, 154, 177, 244, 141, 115, 83, 22, 175, 4, 27, 180, 147, 98, 40, 248, 123, 2, 80, 94, 223, 48, 178, 223, 148, 180, 113, 144, 9, 132, 138;
 35, 122, 251, 150, 102, 149, 125, 95, 11, 201, 94, 238, 48, 244, 247, 120, 87, 154, 179, 12, 199, 154, 183, 225, 70, 12, 180, 138, 142, 220, 112, 253;
 40, 229, 227, 196, 85, 115, 231, 105, 194, 228, 29, 34, 193, 229, 247, 6, 91, 236, 3, 234, 9, 242, 236, 200, 111, 28, 135, 45, 39, 251, 244, 224;
 31, 93, 180, 205, 63, 222, 58, 90, 143, 237, 24, 167, 140, 159, 167, 98, 228, 117, 157, 113, 212, 137, 48, 156, 239, 125, 143, 215, 190, 175, 85, 215;
 204, 90, 223, 215, 143, 118, 52, 19, 148, 210, 134, 183, 232, 39, 101, 75, 103, 118, 170, 6, 97, 197, 243, 232, 87, 163, 214, 2, 142, 249, 181, 123;
 37, 228, 72, 240, 116, 217, 202, 168, 131, 177, 157, 202, 243, 216, 249, 32, 217, 200, 22, 111, 15, 118, 76, 159, 190, 221, 161, 189, 44, 139, 88, 164;
 48, 209, 57, 205, 76, 207, 229, 61, 198, 170, 117, 78, 54, 145, 32, 38, 40, 186, 34, 8, 67, 62, 178, 153, 101, 137, 53, 56, 91, 8, 212, 187;
 107, 92, 248, 78, 121, 255, 83, 150, 15, 77, 110, 45, 126, 29, 47, 112, 214, 179, 159, 22, 134, 137, 121, 63, 119, 63, 16, 147, 216, 95, 76, 91;
 37, 183, 211, 133, 215, 142, 99, 17, 67, 108, 251, 71, 2, 129, 108, 214, 84, 204, 14, 95, 219, 186, 221, 129, 5, 60, 1, 54, 123, 46, 208, 85;
 26, 25, 242, 244, 247, 217, 187, 86, 223, 204, 94, 175, 45, 253, 247, 132, 182, 59, 151, 21, 134, 185, 34, 234, 58, 93, 5, 171, 167, 156, 53, 223;
 65, 6, 17, 198, 116, 249, 65, 39, 68, 39, 219, 218, 103, 32, 160, 228, 66, 182, 170, 8, 53, 62, 101, 142, 149, 215, 16, 121, 86, 136, 5, 44;
 97, 17, 37, 217, 77, 141, 165, 30, 142, 184, 16, 74, 16, 212, 117, 231, 200, 48, 59, 41, 65, 105, 242, 144, 21, 8, 193, 62, 21, 8, 84, 170;
 222, 88, 227, 150, 67, 208, 51, 112, 129, 192, 198, 167, 61, 215, 99, 94, 102, 248, 179, 86, 192, 151, 54, 234, 91, 100, 3, 11, 50, 175, 37, 251;
 159, 213, 111, 125, 171, 223, 93, 181, 245, 86, 103, 148, 91, 87, 190, 245, 70, 52, 191, 110, 253, 149, 63, 30, 227, 235, 97, 196, 50, 167, 164, 117;
 130, 122, 19, 210, 21, 217, 180, 68, 157, 0, 146, 235, 174, 205, 109, 133, 172, 50, 202, 0, 47, 39, 18, 239, 179, 212, 0, 11, 78, 28, 61, 31;
 42, 124, 104, 159, 109, 240, 94, 230, 73, 70, 204, 11, 160, 44, 23, 244, 200, 106, 145, 71, 206, 138, 246, 175, 71, 61, 154, 187, 22, 95, 94, 222;
 51, 161, 31, 208, 52, 217, 194, 237, 206, 57, 145, 106, 242, 216, 252, 160, 157, 10, 30, 110, 75, 99, 74, 149, 138, 153, 165, 247, 76, 138, 216, 45;
 2, 62, 188, 221, 239, 240, 188, 11, 139, 182, 12, 55, 172, 234, 39, 15, 131, 59, 195, 129, 118, 200, 146, 221, 7, 19, 219, 35, 148, 100, 157, 134;
 23, 125, 143, 161, 150, 170, 75, 22, 132, 193, 154, 215, 181, 79, 50, 2, 38, 227, 95, 221, 55, 137, 1, 78, 184, 36, 44, 208, 172, 216, 177, 81;
 73, 80, 171, 214, 102, 253, 61, 21, 86, 202, 31, 239, 125, 244, 251, 104, 54, 58, 59, 14, 199, 49, 191, 137, 82, 79, 53, 168, 142, 254, 17, 89;
 27, 91, 178, 214, 231, 221, 180, 86, 207, 204, 86, 171, 45, 253, 247, 36, 38, 59, 179, 69, 132, 186, 38, 234, 83, 77, 49, 171, 175, 190, 61, 223;
 167, 119, 98, 176, 228, 179, 239, 84, 220, 226, 17, 60, 145, 216, 215, 13, 220, 40, 23, 115, 236, 246, 84, 148, 100, 24, 175, 186, 12, 220, 218, 133;
 167, 114, 34, 208, 228, 191, 238, 84, 216, 234, 23, 126, 144, 152, 221, 172, 220, 40, 215, 83, 199, 151, 128, 182, 6, 22, 191, 230, 12, 155, 218, 149;
 23, 102, 109, 192, 174, 27, 207, 236, 141, 238, 152, 238, 81, 108, 255, 35, 191, 193, 95, 239, 237, 225, 45, 206, 186, 14, 237, 182, 69, 186, 208, 117;
 96, 66, 145, 214, 116, 249, 161, 0, 86, 37, 247, 58, 163, 132, 205, 44, 152, 184, 42, 24, 18, 54, 225, 161, 149, 244, 16, 25, 208, 153, 85, 36;
 97, 64, 17, 223, 44, 141, 161, 24, 142, 56, 35, 66, 112, 214, 237, 237, 212, 48, 58, 106, 67, 5, 123, 157, 1, 184, 161, 52, 16, 27, 80, 229;
 242, 62, 163, 180, 215, 110, 149, 71, 25, 174, 248, 91, 38, 188, 101, 29, 189, 255, 209, 1, 56, 247, 144, 138, 49, 38, 29, 58, 193, 125, 214, 171;
 193, 182, 189, 68, 218, 31, 20, 127, 216, 238, 172, 252, 163, 38, 134, 51, 39, 52, 202, 36, 244, 79, 36, 14, 62, 131, 117, 60, 64, 104, 143, 124;
 194, 88, 28, 191, 42, 128, 53, 180, 156, 18, 71, 181, 252, 83, 42, 75, 194, 119, 107, 66, 100, 197, 91, 121, 196, 178, 218, 1, 24, 123, 169, 26;
 82, 140, 255, 93, 17, 254, 88, 39, 237, 9, 170, 17, 58, 63, 20, 118, 161, 183, 125, 128, 28, 169, 55, 207, 75, 254, 16, 83, 162, 192, 196, 110;
 82, 73, 19, 244, 5, 132, 108, 166, 185, 10, 66, 66, 45, 139, 101, 213, 224, 175, 36, 200, 69, 152, 146, 253, 147, 254, 210, 74, 3, 17, 113, 168;
 35, 129, 107, 90, 224, 209, 164, 165, 76, 89, 112, 32, 88, 252, 190, 240, 219, 11, 54, 68, 213, 58, 46, 181, 46, 63, 122, 206, 81, 14, 237, 229;
 106, 54, 160, 165, 100, 52, 233, 58, 73, 238, 26, 199, 225, 232, 87, 10, 213, 102, 164, 33, 132, 112, 215, 138, 76, 119, 203, 189, 14, 237, 93, 92;
 54, 87, 99, 140, 53, 219, 71, 96, 93, 200, 253, 238, 75, 198, 175, 180, 252, 184, 132, 98, 237, 147, 44, 158, 179, 212, 129, 155, 63, 63, 84, 247;
 64, 166, 28, 211, 213, 148, 112, 55, 153, 147, 38, 70, 172, 3, 68, 217, 225, 38, 41, 56, 114, 216, 145, 253, 47, 223, 158, 67, 10, 128, 217, 26;
 42, 220, 38, 22, 97, 159, 180, 103, 133, 111, 223, 191, 170, 140, 54, 132, 140, 179, 151, 7, 204, 191, 52, 167, 35, 86, 88, 147, 71, 158, 253, 223;
 222, 247, 126, 190, 170, 144, 62, 185, 183, 214, 91, 247, 221, 238, 233, 227, 119, 127, 255, 227, 247, 69, 174, 255, 236, 227, 239, 205, 60, 242, 173, 17;
 32, 181, 6, 225, 213, 134, 100, 7, 109, 1, 72, 6, 48, 19, 16, 244, 224, 138, 24, 81, 91, 152, 17, 205, 46, 148, 136, 64, 10, 138, 216, 8;
 100, 254, 248, 65, 230, 63, 247, 218, 83, 191, 60, 186, 25, 45, 221, 62, 63, 222, 2, 58, 178, 118, 233, 162, 127, 143, 37, 236, 247, 249, 198, 241;
 2, 215, 23, 128, 196, 203, 33, 103, 133, 29, 218, 230, 68, 193, 32, 133, 56, 162, 234, 48, 80, 171, 2, 221, 56, 18, 85, 66, 192, 10, 180, 237;
 118, 194, 219, 183, 98, 136, 46, 164, 26, 118, 67, 227, 229, 198, 232, 210, 215, 109, 37, 71, 211, 84, 172, 49, 128, 231, 127, 164, 20, 187, 133, 225;
 157, 249, 49, 192, 91, 221, 50, 252, 95, 113, 4, 14, 30, 213, 104, 165, 61, 216, 130, 126, 227, 111, 186, 181, 251, 217, 5, 124, 90, 28, 3, 246;
 144, 183, 17, 192, 180, 45, 103, 255, 30, 185, 152, 90, 54, 81, 104, 1, 61, 26, 26, 56, 115, 109, 11, 151, 185, 140, 37, 124, 16, 136, 144, 33;
 129, 156, 155, 126, 168, 237, 158, 182, 158, 75, 54, 216, 190, 246, 228, 100, 135, 115, 190, 12, 247, 13, 170, 35, 169, 157, 44, 248, 88, 200, 137, 29;
 18, 37, 131, 140, 26, 6, 13, 77, 54, 72, 200, 193, 189, 231, 161, 68, 92, 185, 31, 172, 75, 131, 16, 89, 161, 52, 142, 140, 18, 246, 35, 248;
 227, 244, 236, 75, 124, 89, 185, 143, 94, 83, 37, 18, 184, 30, 220, 99, 7, 19, 51, 185, 227, 76, 255, 195, 109, 15, 190, 185, 21, 24, 197, 232;
 109, 80, 81, 129, 79, 89, 18, 152, 66, 233, 52, 106, 26, 80, 203, 188, 24, 216, 246, 122, 159, 38, 246, 144, 71, 8, 33, 126, 251, 189, 80, 179;
 255, 89, 235, 229, 35, 84, 95, 80, 227, 106, 214, 182, 27, 223, 182, 246, 102, 252, 157, 206, 237, 149, 180, 195, 243, 233, 171, 177, 47, 181, 86, 117;
 66, 134, 47, 69, 0, 111, 96, 40, 108, 43, 107, 93, 82, 172, 60, 72, 177, 12, 43, 39, 153, 176, 25, 21, 5, 6, 112, 116, 65, 11, 212, 242;
 191, 48, 224, 229, 47, 29, 152, 24, 30, 250, 149, 255, 223, 93, 215, 175, 30, 124, 189, 95, 253, 100, 255, 130, 202, 217, 239, 190, 79, 239, 89, 213;
 253, 127, 226, 133, 222, 50, 79, 250, 65, 224, 188, 239, 89, 38, 147, 54, 126, 196, 84, 254, 173, 215, 173, 142, 122, 79, 165, 180, 175, 191, 122, 213;
 215, 202, 197, 181, 12, 2, 104, 164, 254, 243, 147, 214, 201, 10, 148, 75, 99, 229, 61, 223, 237, 213, 109, 244, 136, 235, 255, 212, 45, 49, 33, 84;
 122, 35, 112, 163, 127, 129, 51, 8, 11, 37, 185, 171, 72, 84, 239, 84, 246, 153, 146, 113, 134, 2, 109, 222, 60, 20, 9, 251, 55, 15, 20, 205;
 223, 90, 253, 237, 46, 21, 95, 24, 21, 214, 151, 182, 223, 77, 211, 111, 70, 245, 61, 238, 253, 70, 255, 138, 194, 249, 235, 156, 62, 189, 48, 113;
 43, 25, 112, 211, 231, 245, 185, 119, 17, 207, 252, 167, 172, 158, 182, 236, 207, 187, 151, 133, 157, 154, 114, 220, 11, 95, 218, 235, 31, 140, 43, 255;
 162, 250, 126, 218, 125, 214, 17, 244, 193, 204, 212, 167, 58, 28, 54, 105, 204, 249, 151, 243, 232, 143, 116, 236, 235, 59, 254, 243, 13, 14, 54, 255;
 159, 21, 106, 229, 54, 208, 95, 19, 21, 96, 215, 130, 187, 215, 254, 113, 118, 158, 149, 172, 207, 144, 180, 139, 243, 233, 171, 164, 46, 204, 208, 113;
 217, 13, 106, 229, 50, 210, 123, 17, 55, 232, 111, 162, 59, 23, 179, 116, 118, 191, 149, 204, 171, 144, 165, 191, 227, 237, 171, 160, 39, 132, 36, 253;
 43, 157, 96, 224, 237, 180, 216, 51, 67, 125, 60, 239, 9, 239, 246, 182, 223, 63, 183, 133, 156, 26, 254, 149, 14, 95, 201, 255, 31, 172, 90, 215;
 137, 48, 23, 253, 7, 70, 100, 85, 16, 83, 67, 86, 156, 243, 40, 169, 182, 15, 18, 32, 113, 212, 144, 193, 133, 168, 80, 2, 172, 72, 129, 178;
 40, 20, 115, 191, 85, 250, 64, 118, 81, 97, 232, 112, 179, 48, 32, 244, 72, 190, 134, 0, 189, 190, 228, 142, 197, 118, 16, 113, 183, 140, 116, 230;
 45, 120, 154, 182, 69, 133, 179, 80, 192, 140, 209, 15, 183, 203, 107, 0, 220, 251, 135, 67, 138, 162, 218, 171, 192, 197, 170, 40, 10, 27, 57, 211;
 23, 132, 79, 135, 194, 39, 40, 224, 5, 114, 107, 211, 81, 39, 60, 79, 111, 199, 18, 174, 49, 248, 13, 236, 22, 42, 208, 68, 137, 139, 160, 208;
 35, 141, 127, 150, 194, 174, 189, 115, 24, 66, 118, 146, 48, 46, 182, 105, 119, 63, 18, 46, 245, 248, 52, 239, 85, 46, 120, 192, 1, 232, 161, 252;
 34, 247, 34, 154, 101, 221, 190, 245, 157, 79, 93, 125, 236, 220, 62, 133, 140, 59, 215, 7, 246, 170, 74, 245, 103, 20, 158, 203, 79, 30, 159, 223;
 26, 17, 234, 229, 52, 159, 122, 27, 31, 205, 158, 163, 173, 157, 182, 224, 182, 57, 157, 165, 134, 137, 37, 203, 227, 221, 43, 131, 6, 140, 181, 87;
 42, 240, 104, 237, 95, 198, 221, 125, 19, 109, 85, 23, 56, 221, 30, 0, 248, 153, 147, 161, 243, 62, 216, 223, 119, 95, 158, 231, 127, 6, 222, 211;
 91, 88, 243, 228, 37, 94, 126, 28, 171, 122, 150, 167, 142, 157, 247, 230, 166, 93, 189, 198, 197, 165, 180, 209, 226, 249, 96, 183, 30, 191, 57, 95;
 63, 28, 163, 186, 117, 247, 234, 80, 23, 203, 223, 103, 104, 223, 53, 192, 217, 168, 151, 159, 171, 175, 72, 254, 58, 111, 170, 202, 151, 111, 120, 211;
 223, 81, 248, 236, 174, 82, 95, 25, 95, 198, 151, 183, 91, 15, 247, 110, 118, 213, 189, 222, 204, 70, 255, 194, 210, 249, 231, 152, 190, 253, 97, 117;
 221, 78, 241, 238, 46, 80, 95, 24, 23, 234, 151, 226, 251, 118, 215, 235, 118, 245, 189, 238, 233, 69, 239, 170, 218, 233, 239, 184, 62, 255, 117, 117;
 48, 188, 114, 225, 86, 225, 115, 210, 14, 5, 122, 35, 52, 147, 32, 0, 105, 59, 3, 144, 18, 152, 64, 215, 77, 132, 129, 64, 176, 74, 68, 130;
 43, 63, 116, 239, 126, 182, 184, 87, 11, 237, 253, 227, 61, 31, 150, 246, 206, 59, 151, 220, 135, 138, 100, 252, 103, 249, 174, 186, 23, 206, 247, 253;
 168, 255, 51, 170, 254, 205, 63, 237, 76, 69, 200, 159, 61, 204, 122, 64, 198, 11, 11, 71, 242, 43, 146, 167, 117, 132, 12, 24, 4, 90, 133, 250;
 191, 81, 65, 205, 109, 15, 197, 92, 65, 104, 176, 111, 2, 49, 142, 212, 216, 44, 6, 108, 201, 35, 209, 152, 48, 124, 1, 58, 31, 126, 210, 247;
 111, 156, 105, 93, 214, 63, 239, 250, 83, 226, 238, 158, 121, 119, 30, 117, 127, 230, 51, 174, 177, 212, 117, 255, 111, 47, 215, 116, 191, 169, 192, 240;
 155, 83, 59, 252, 53, 213, 184, 93, 157, 200, 150, 231, 47, 221, 181, 224, 182, 59, 157, 85, 231, 137, 34, 207, 171, 249, 62, 155, 23, 156, 61, 127;
 37, 100, 82, 147, 246, 191, 174, 68, 220, 195, 123, 211, 199, 200, 127, 140, 83, 40, 18, 31, 68, 244, 132, 166, 36, 92, 139, 32, 14, 223, 217, 132;
 98, 145, 35, 210, 229, 255, 244, 39, 91, 107, 29, 121, 138, 188, 118, 164, 141, 61, 183, 1, 213, 58, 160, 212, 11, 30, 81, 255, 70, 78, 212, 247;
 46, 205, 106, 26, 225, 216, 190, 237, 157, 93, 125, 181, 234, 236, 190, 132, 223, 83, 183, 87, 214, 172, 110, 247, 46, 127, 118, 203, 87, 15, 252, 247;
 1, 97, 241, 151, 246, 218, 180, 7, 90, 225, 121, 187, 188, 60, 198, 172, 138, 47, 18, 21, 85, 250, 228, 192, 44, 28, 30, 99, 197, 92, 203, 253;
 161, 166, 15, 217, 148, 174, 103, 215, 92, 95, 244, 87, 50, 161, 180, 65, 77, 10, 6, 60, 187, 188, 48, 47, 107, 190, 52, 240, 152, 216, 208, 249;
 219, 30, 244, 239, 63, 118, 59, 24, 201, 105, 151, 231, 126, 60, 175, 239, 166, 213, 253, 241, 165, 193, 169, 235, 211, 127, 41, 146, 190, 109, 33, 127;
 98, 34, 170, 133, 100, 46, 185, 26, 82, 239, 95, 239, 224, 236, 223, 78, 117, 212, 165, 165, 132, 113, 164, 137, 22, 55, 249, 140, 132, 124, 20, 85;
 43, 22, 124, 233, 111, 180, 184, 31, 201, 201, 124, 163, 41, 95, 255, 125, 206, 59, 183, 188, 134, 130, 230, 204, 75, 217, 186, 171, 151, 204, 123, 253;
 191, 113, 225, 243, 166, 27, 157, 17, 31, 234, 149, 247, 223, 77, 215, 238, 86, 124, 157, 31, 223, 196, 237, 130, 202, 219, 191, 178, 174, 254, 145, 245;
 2, 150, 174, 177, 97, 62, 184, 150, 140, 31, 30, 213, 172, 62, 110, 75, 231, 87, 251, 149, 166, 205, 19, 224, 79, 51, 94, 199, 128, 76, 45, 223;
 40, 220, 251, 122, 115, 207, 191, 213, 62, 79, 118, 149, 125, 253, 60, 112, 247, 27, 23, 15, 226, 184, 57, 51, 103, 111, 52, 144, 212, 222, 197, 251;
 27, 21, 226, 197, 182, 154, 123, 19, 63, 205, 159, 167, 171, 205, 190, 100, 118, 45, 157, 188, 158, 129, 37, 203, 226, 253, 163, 128, 46, 204, 245, 83;
 154, 87, 118, 240, 183, 147, 184, 69, 157, 156, 146, 179, 109, 207, 55, 195, 166, 177, 159, 241, 230, 205, 2, 254, 187, 218, 159, 211, 23, 156, 61, 95;
 72, 168, 172, 191, 173, 205, 147, 142, 198, 255, 156, 9, 182, 221, 82, 2, 137, 115, 251, 17, 78, 111, 218, 179, 239, 215, 29, 123, 84, 14, 29, 74;
 111, 147, 108, 224, 237, 255, 212, 51, 67, 253, 189, 191, 11, 61, 246, 116, 207, 182, 183, 29, 157, 58, 126, 148, 14, 219, 225, 255, 191, 142, 214, 215;
 168, 89, 92, 223, 46, 75, 149, 24, 20, 130, 166, 50, 247, 17, 160, 109, 66, 50, 59, 74, 1, 172, 115, 189, 195, 227, 112, 18, 26, 153, 85, 186;
 57, 253, 49, 201, 77, 255, 212, 254, 79, 250, 188, 14, 14, 28, 103, 165, 173, 153, 194, 42, 197, 51, 122, 157, 51, 217, 69, 54, 91, 94, 75, 254;
 34, 144, 114, 223, 69, 244, 184, 39, 19, 193, 236, 131, 168, 159, 118, 108, 204, 187, 147, 133, 157, 138, 114, 221, 3, 126, 218, 107, 23, 140, 118, 222;
 168, 250, 44, 217, 108, 153, 176, 150, 66, 121, 92, 236, 163, 132, 226, 243, 206, 10, 134, 20, 199, 250, 230, 177, 6, 81, 122, 185, 30, 156, 29, 221;
 36, 192, 108, 113, 104, 217, 206, 168, 198, 176, 44, 139, 227, 76, 127, 224, 95, 249, 130, 114, 206, 34, 94, 159, 46, 205, 133, 125, 117, 187, 88, 128;
 230, 123, 237, 188, 234, 98, 93, 154, 147, 182, 192, 171, 76, 215, 97, 91, 87, 221, 181, 244, 8, 86, 218, 208, 219, 243, 205, 191, 182, 241, 52, 115;
 155, 51, 126, 228, 54, 83, 187, 216, 175, 124, 150, 183, 15, 207, 191, 231, 166, 85, 157, 127, 166, 193, 37, 221, 242, 249, 43, 182, 39, 141, 61, 117;
 138, 27, 7, 137, 5, 213, 161, 64, 142, 92, 135, 39, 12, 198, 231, 204, 160, 45, 235, 222, 66, 131, 35, 208, 3, 113, 42, 211, 18, 13, 37, 119;
 221, 83, 216, 214, 118, 24, 82, 29, 243, 169, 147, 238, 107, 232, 223, 226, 54, 244, 172, 209, 206, 116, 143, 194, 126, 45, 165, 159, 173, 186, 216, 13;
 91, 22, 66, 164, 23, 59, 176, 98, 117, 170, 151, 243, 43, 60, 230, 228, 54, 149, 140, 161, 188, 189, 165, 206, 154, 230, 154, 147, 39, 12, 121, 13;
 26, 206, 103, 83, 34, 217, 175, 230, 252, 79, 94, 178, 121, 124, 188, 164, 62, 243, 247, 203, 224, 176, 36, 247, 37, 110, 234, 194, 71, 148, 245, 229;
 27, 124, 242, 197, 63, 215, 187, 214, 133, 204, 158, 167, 44, 157, 182, 100, 166, 115, 223, 211, 197, 173, 51, 238, 171, 92, 142, 155, 39, 157, 53, 95;
 60, 51, 113, 197, 86, 251, 160, 91, 74, 105, 120, 122, 27, 85, 132, 164, 62, 156, 151, 64, 147, 176, 160, 149, 7, 237, 161, 230, 39, 137, 213, 177;
 107, 80, 237, 215, 109, 221, 216, 23, 11, 232, 116, 171, 186, 29, 150, 254, 206, 190, 183, 29, 195, 234, 242, 136, 7, 123, 84, 187, 23, 156, 216, 253;
 232, 104, 24, 156, 75, 253, 20, 218, 142, 178, 132, 153, 148, 215, 67, 155, 5, 60, 234, 42, 2, 71, 218, 91, 84, 1, 41, 61, 26, 120, 11, 18;
 155, 241, 174, 165, 54, 20, 186, 216, 130, 89, 86, 247, 191, 222, 187, 102, 38, 89, 157, 237, 135, 133, 166, 155, 226, 249, 171, 164, 46, 189, 57, 241;
 63, 179, 216, 129, 219, 31, 84, 223, 83, 249, 60, 110, 10, 246, 203, 190, 31, 204, 150, 124, 149, 82, 108, 210, 46, 77, 37, 247, 179, 252, 202, 213;
 43, 61, 101, 197, 126, 213, 217, 87, 75, 234, 189, 166, 57, 30, 214, 115, 78, 51, 151, 156, 195, 236, 247, 252, 110, 25, 188, 176, 55, 142, 214, 253;
 213, 89, 111, 230, 54, 11, 175, 148, 76, 238, 147, 174, 211, 44, 179, 99, 54, 197, 63, 239, 225, 53, 61, 10, 240, 11, 111, 180, 45, 59, 17, 121;
 171, 115, 116, 251, 127, 150, 216, 85, 131, 221, 244, 167, 169, 94, 183, 245, 206, 187, 149, 213, 238, 202, 98, 253, 34, 217, 154, 171, 63, 156, 251, 223;
 65, 157, 58, 238, 210, 173, 63, 247, 142, 64, 111, 8, 116, 246, 40, 96, 214, 123, 18, 34, 215, 58, 58, 45, 117, 173, 5, 42, 80, 123, 161, 47;
 101, 204, 154, 238, 224, 45, 31, 254, 0, 74, 124, 8, 52, 247, 43, 104, 213, 123, 22, 46, 215, 3, 168, 43, 117, 239, 61, 172, 80, 123, 128, 35;
 221, 91, 95, 2, 195, 15, 55, 244, 120, 246, 38, 79, 94, 144, 103, 89, 179, 68, 96, 126, 245, 253, 185, 46, 121, 139, 69, 118, 232, 59, 67, 235;
 44, 189, 213, 97, 253, 15, 241, 223, 11, 184, 56, 207, 147, 61, 69, 11, 15, 89, 199, 52, 122, 120, 88, 156, 111, 219, 101, 244, 223, 232, 66, 219;
 166, 47, 67, 89, 146, 202, 232, 3, 60, 128, 96, 209, 137, 199, 4, 25, 104, 187, 131, 144, 83, 220, 82, 100, 15, 130, 178, 193, 169, 0, 230, 146;
 22, 75, 107, 160, 178, 226, 95, 197, 197, 196, 154, 163, 0, 143, 119, 72, 110, 237, 15, 215, 140, 131, 36, 224, 115, 36, 132, 202, 165, 191, 164, 119;
 92, 101, 58, 166, 45, 89, 148, 97, 204, 182, 153, 42, 175, 184, 67, 163, 136, 117, 204, 99, 76, 99, 226, 0, 241, 193, 107, 57, 0, 59, 15, 194;
 214, 192, 131, 172, 75, 2, 77, 239, 19, 150, 192, 151, 13, 163, 114, 214, 115, 205, 61, 237, 104, 71, 146, 194, 176, 164, 207, 236, 54, 244, 164, 96;
 45, 87, 25, 165, 60, 123, 205, 57, 70, 224, 24, 206, 247, 68, 233, 96, 222, 0, 30, 43, 205, 48, 125, 157, 192, 209, 107, 180, 60, 234, 89, 161;
 184, 72, 31, 255, 45, 207, 81, 22, 197, 142, 246, 34, 38, 13, 33, 75, 200, 242, 206, 80, 40, 237, 99, 174, 195, 227, 112, 17, 98, 24, 84, 234;
 98, 143, 54, 124, 249, 160, 176, 39, 233, 13, 170, 49, 40, 187, 36, 82, 162, 183, 237, 1, 18, 41, 2, 247, 31, 190, 18, 67, 208, 64, 237, 11;
 124, 93, 88, 238, 62, 193, 87, 180, 132, 0, 172, 34, 183, 211, 161, 112, 82, 244, 28, 106, 73, 3, 112, 189, 227, 237, 160, 56, 58, 187, 68, 59;
 179, 78, 14, 133, 7, 29, 190, 38, 205, 206, 142, 6, 170, 200, 55, 230, 108, 228, 124, 175, 236, 149, 228, 202, 167, 44, 138, 19, 43, 62, 89, 76;
 89, 233, 87, 243, 167, 208, 54, 165, 168, 9, 35, 98, 124, 210, 12, 240, 162, 39, 164, 210, 71, 137, 170, 245, 176, 239, 62, 66, 162, 18, 171, 15;
 49, 63, 27, 209, 52, 189, 66, 82, 81, 200, 88, 111, 34, 141, 245, 76, 212, 110, 6, 92, 141, 186, 208, 174, 138, 188, 32, 114, 136, 9, 90, 189;
 246, 65, 85, 76, 47, 91, 22, 236, 11, 228, 176, 235, 74, 89, 165, 213, 242, 213, 141, 98, 109, 35, 15, 157, 50, 216, 69, 190, 55, 191, 212, 71;
 35, 205, 96, 159, 108, 177, 254, 234, 223, 86, 124, 167, 96, 236, 191, 100, 95, 74, 179, 207, 198, 50, 110, 241, 70, 56, 194, 143, 87, 223, 116, 222;
 188, 87, 98, 172, 55, 19, 86, 120, 85, 128, 113, 239, 75, 126, 161, 241, 254, 249, 148, 231, 236, 178, 4, 142, 178, 231, 225, 131, 127, 191, 120, 151;
 59, 252, 42, 164, 85, 247, 206, 118, 65, 109, 156, 7, 9, 28, 54, 160, 233, 205, 148, 231, 140, 155, 180, 189, 115, 79, 187, 181, 7, 93, 254, 214;
 54, 122, 125, 113, 10, 201, 145, 32, 12, 168, 184, 107, 118, 93, 5, 40, 140, 177, 253, 83, 73, 36, 67, 28, 149, 135, 125, 211, 97, 10, 22, 59;
 207, 236, 68, 187, 232, 176, 76, 191, 23, 243, 222, 214, 249, 74, 218, 230, 79, 235, 191, 156, 191, 78, 255, 247, 78, 254, 159, 236, 191, 196, 184, 12;
 114, 6, 166, 165, 189, 63, 139, 105, 95, 237, 155, 187, 206, 108, 150, 36, 221, 85, 253, 37, 188, 229, 109, 142, 185, 118, 223, 150, 197, 110, 149, 117;
 78, 72, 231, 183, 167, 98, 60, 134, 27, 211, 66, 179, 217, 239, 69, 203, 199, 109, 189, 150, 33, 220, 227, 160, 15, 247, 247, 131, 166, 253, 148, 123;
 163, 49, 96, 225, 253, 249, 250, 27, 91, 229, 57, 191, 137, 60, 215, 128, 222, 59, 183, 21, 181, 58, 237, 214, 14, 92, 137, 243, 159, 205, 218, 223;
 171, 209, 116, 219, 189, 213, 220, 45, 143, 93, 244, 183, 174, 30, 62, 193, 206, 187, 151, 197, 206, 138, 114, 221, 167, 89, 222, 179, 86, 156, 206, 223;
 71, 74, 183, 180, 168, 40, 61, 146, 238, 251, 154, 196, 253, 238, 241, 106, 167, 103, 125, 143, 129, 65, 171, 240, 128, 255, 255, 148, 148, 243, 129, 97;
 75, 255, 115, 202, 181, 210, 126, 246, 157, 73, 222, 163, 12, 159, 182, 228, 166, 255, 159, 77, 244, 153, 32, 234, 179, 125, 186, 195, 6, 222, 245, 127;
 218, 94, 254, 252, 103, 86, 127, 214, 169, 94, 222, 167, 44, 159, 183, 127, 167, 245, 191, 199, 228, 135, 178, 234, 51, 121, 206, 139, 38, 253, 37, 127;
 42, 51, 113, 247, 100, 233, 253, 55, 11, 232, 125, 239, 173, 93, 180, 32, 158, 59, 151, 19, 194, 184, 98, 237, 70, 221, 188, 163, 23, 206, 215, 219;
 255, 46, 196, 151, 95, 50, 74, 210, 19, 246, 150, 7, 41, 43, 115, 207, 105, 238, 189, 223, 172, 94, 205, 234, 222, 99, 219, 179, 183, 253, 56, 142;
 152, 41, 45, 218, 15, 215, 145, 76, 6, 229, 150, 27, 184, 29, 19, 8, 8, 162, 235, 217, 29, 111, 115, 246, 211, 3, 218, 121, 55, 13, 61, 90;
 168, 219, 98, 72, 81, 141, 167, 220, 182, 28, 116, 140, 41, 197, 237, 212, 120, 152, 131, 200, 66, 38, 58, 147, 117, 248, 135, 172, 83, 30, 118, 184;
 90, 29, 98, 228, 119, 146, 121, 55, 45, 0, 94, 163, 41, 159, 182, 116, 118, 189, 151, 172, 218, 152, 36, 207, 118, 253, 170, 128, 39, 142, 240, 27;
 223, 110, 248, 229, 46, 114, 95, 26, 89, 238, 158, 190, 203, 47, 215, 239, 198, 245, 189, 238, 237, 68, 229, 234, 246, 251, 231, 184, 166, 245, 68, 117;
 233, 155, 123, 2, 122, 81, 27, 252, 131, 232, 188, 232, 95, 183, 227, 116, 86, 125, 182, 92, 129, 26, 236, 54, 110, 173, 37, 252, 242, 139, 6, 249;
 3, 199, 30, 170, 49, 183, 60, 247, 173, 93, 206, 69, 172, 163, 43, 213, 143, 3, 23, 140, 130, 155, 8, 245, 163, 123, 90, 134, 18, 86, 171, 237;
 143, 48, 229, 227, 164, 91, 95, 24, 143, 250, 23, 251, 223, 221, 222, 174, 151, 221, 221, 127, 237, 196, 239, 130, 138, 89, 173, 182, 38, 255, 144, 117;
 55, 116, 236, 217, 62, 176, 218, 90, 95, 123, 149, 182, 41, 72, 223, 41, 127, 139, 151, 183, 175, 102, 125, 220, 62, 93, 191, 251, 255, 221, 122, 213;
 56, 131, 145, 108, 97, 27, 215, 253, 17, 15, 253, 169, 219, 53, 170, 132, 28, 154, 132, 110, 72, 186, 96, 23, 242, 255, 96, 23, 115, 254, 142, 233;
 75, 159, 98, 232, 244, 150, 121, 182, 61, 73, 94, 163, 29, 159, 182, 100, 246, 223, 159, 221, 214, 153, 37, 207, 114, 125, 186, 194, 22, 134, 229, 93;
 41, 172, 104, 233, 77, 247, 216, 154, 66, 115, 189, 18, 25, 29, 126, 104, 201, 7, 179, 159, 150, 50, 120, 181, 71, 223, 147, 125, 83, 77, 121, 242;
 238, 186, 130, 165, 71, 38, 188, 211, 48, 7, 66, 214, 5, 169, 81, 138, 125, 76, 177, 129, 129, 246, 212, 131, 4, 231, 218, 4, 175, 240, 250, 144;
 10, 217, 132, 159, 233, 209, 188, 135, 143, 217, 26, 161, 236, 254, 110, 206, 135, 115, 251, 149, 22, 201, 11, 241, 13, 82, 94, 203, 154, 84, 141, 223;
 255, 84, 224, 245, 47, 20, 95, 24, 17, 246, 151, 158, 219, 15, 215, 127, 87, 245, 61, 238, 236, 70, 245, 234, 207, 251, 253, 188, 62, 253, 80, 113;
 57, 173, 52, 65, 225, 251, 119, 234, 71, 63, 60, 58, 74, 119, 202, 181, 57, 154, 198, 170, 56, 58, 42, 183, 94, 223, 97, 231, 98, 143, 142, 167;
 43, 53, 48, 199, 237, 159, 212, 119, 79, 234, 61, 14, 104, 188, 118, 165, 153, 43, 146, 1, 196, 58, 56, 221, 55, 30, 85, 50, 91, 94, 201, 223;
 1, 140, 7, 228, 36, 235, 107, 242, 173, 36, 94, 72, 83, 33, 177, 5, 9, 32, 126, 44, 41, 185, 36, 63, 226, 250, 224, 132, 70, 234, 80, 40;
 255, 84, 252, 243, 110, 114, 92, 18, 77, 226, 183, 187, 139, 31, 223, 127, 71, 221, 189, 183, 237, 198, 229, 194, 222, 217, 239, 154, 183, 253, 200, 85;
 183, 109, 111, 71, 198, 19, 110, 240, 209, 248, 182, 206, 83, 44, 215, 43, 110, 236, 87, 239, 237, 247, 236, 168, 62, 72, 229, 180, 109, 187, 80, 212;
 43, 87, 120, 235, 188, 21, 158, 29, 25, 73, 125, 245, 173, 62, 222, 44, 222, 27, 151, 151, 222, 26, 111, 227, 103, 93, 190, 203, 159, 222, 159, 215;
 167, 211, 121, 227, 244, 223, 255, 181, 27, 109, 117, 253, 216, 189, 254, 32, 223, 31, 183, 23, 213, 184, 124, 150, 111, 93, 173, 246, 95, 158, 222, 215;
 43, 152, 232, 253, 61, 159, 208, 27, 95, 113, 113, 27, 131, 60, 54, 226, 204, 184, 151, 5, 175, 124, 116, 157, 199, 223, 145, 54, 94, 172, 88, 222;
 210, 78, 170, 180, 246, 34, 29, 87, 26, 226, 214, 251, 213, 45, 83, 72, 119, 253, 191, 149, 160, 222, 197, 202, 252, 39, 191, 177, 172, 252, 25, 91;
 160, 89, 111, 250, 172, 197, 159, 241, 140, 76, 212, 229, 177, 220, 53, 33, 204, 49, 23, 67, 232, 175, 114, 61, 227, 203, 238, 216, 28, 25, 180, 251;
 43, 17, 240, 203, 167, 53, 220, 79, 79, 73, 253, 179, 188, 126, 190, 100, 222, 155, 151, 157, 150, 168, 107, 215, 46, 92, 186, 211, 159, 206, 233, 223;
 155, 89, 108, 237, 188, 150, 220, 29, 159, 88, 148, 82, 159, 159, 179, 99, 102, 183, 29, 237, 239, 165, 55, 223, 227, 249, 171, 132, 54, 188, 185, 105;
 233, 118, 75, 160, 120, 169, 115, 16, 132, 236, 190, 239, 115, 197, 203, 16, 30, 148, 238, 52, 139, 179, 225, 14, 124, 133, 37, 128, 38, 138, 84, 121;
 195, 194, 170, 176, 21, 189, 232, 150, 247, 13, 95, 144, 195, 169, 58, 68, 93, 18, 187, 29, 142, 177, 37, 147, 135, 119, 144, 205, 226, 204, 120, 76;
 219, 92, 254, 236, 167, 86, 94, 213, 233, 110, 150, 191, 47, 159, 183, 119, 166, 247, 221, 207, 236, 7, 164, 234, 242, 249, 46, 187, 54, 180, 249, 95;
 154, 222, 110, 88, 54, 145, 173, 254, 244, 22, 222, 162, 217, 252, 188, 36, 63, 145, 255, 233, 234, 181, 39, 215, 51, 111, 234, 197, 103, 176, 117, 45;
 235, 54, 80, 69, 118, 62, 169, 28, 120, 236, 55, 254, 138, 8, 214, 167, 30, 236, 228, 60, 189, 246, 224, 140, 14, 249, 49, 178, 111, 143, 91, 221;
 110, 19, 226, 76, 229, 16, 252, 171, 219, 222, 94, 175, 72, 236, 247, 250, 223, 197, 183, 229, 148, 18, 174, 192, 118, 127, 207, 143, 159, 254, 252, 215;
 34, 94, 231, 91, 164, 130, 174, 182, 204, 203, 122, 229, 128, 186, 181, 232, 205, 51, 23, 209, 137, 184, 84, 224, 46, 62, 254, 194, 205, 212, 242, 157;
 235, 181, 96, 237, 229, 249, 254, 23, 217, 73, 92, 187, 189, 253, 190, 228, 142, 59, 183, 13, 215, 56, 246, 163, 39, 125, 180, 203, 71, 204, 218, 221;
 170, 181, 116, 235, 191, 249, 222, 55, 141, 73, 125, 183, 169, 125, 158, 229, 206, 19, 151, 189, 250, 136, 115, 189, 102, 249, 174, 211, 63, 206, 216, 247;
 190, 223, 236, 105, 182, 91, 187, 216, 31, 85, 85, 191, 73, 92, 191, 41, 127, 217, 151, 245, 191, 52, 47, 146, 234, 91, 173, 215, 255, 159, 221, 247;
 61, 180, 105, 171, 118, 34, 235, 248, 84, 87, 221, 246, 209, 39, 154, 100, 127, 138, 23, 173, 187, 146, 109, 183, 78, 15, 186, 204, 167, 203, 112, 241;
 78, 214, 49, 218, 223, 212, 17, 153, 111, 119, 5, 84, 140, 151, 76, 252, 199, 29, 161, 17, 147, 14, 251, 244, 15, 117, 31, 111, 146, 6, 167, 231;
 186, 155, 110, 108, 42, 11, 157, 126, 5, 42, 214, 235, 99, 45, 176, 1, 46, 179, 255, 227, 248, 171, 69, 29, 242, 67, 104, 145, 119, 172, 28, 43;
 15, 30, 44, 24, 233, 245, 152, 122, 77, 123, 156, 253, 200, 108, 183, 173, 223, 3, 151, 181, 181, 47, 111, 252, 26, 95, 250, 219, 223, 205, 41, 85;
 222, 94, 126, 240, 47, 183, 29, 247, 29, 126, 158, 191, 140, 31, 183, 109, 167, 181, 191, 167, 236, 79, 51, 254, 243, 91, 255, 211, 23, 213, 173, 85;
 168, 185, 84, 233, 109, 219, 212, 127, 31, 249, 53, 188, 206, 61, 70, 133, 143, 54, 183, 0, 81, 120, 91, 149, 78, 219, 117, 247, 94, 140, 76, 251;
 175, 27, 110, 91, 255, 209, 255, 221, 85, 196, 116, 135, 121, 207, 191, 173, 126, 171, 151, 255, 215, 186, 54, 236, 110, 91, 174, 137, 255, 215, 122, 221;
 0, 165, 41, 171, 232, 201, 63, 239, 132, 84, 72, 3, 180, 215, 56, 64, 144, 11, 27, 111, 67, 0, 90, 53, 229, 129, 14, 9, 48, 90, 5, 250;
 1, 27, 23, 223, 108, 164, 104, 24, 204, 89, 21, 70, 180, 51, 177, 111, 164, 0, 122, 76, 149, 1, 147, 241, 4, 56, 98, 136, 26, 137, 105, 149;
 71, 80, 7, 208, 137, 182, 174, 132, 204, 129, 195, 199, 200, 202, 61, 202, 254, 229, 170, 247, 133, 5, 22, 228, 51, 122, 202, 72, 157, 87, 169, 22;
 129, 8, 30, 92, 40, 144, 90, 98, 229, 4, 224, 4, 172, 66, 163, 177, 206, 41, 6, 202, 109, 142, 98, 125, 130, 251, 90, 75, 82, 129, 43, 141;
 115, 246, 108, 68, 86, 131, 202, 44, 123, 232, 187, 239, 99, 72, 28, 113, 182, 229, 21, 231, 237, 246, 172, 142, 58, 222, 141, 182, 45, 51, 82, 31;
 171, 13, 34, 27, 209, 180, 232, 142, 63, 1, 74, 196, 168, 162, 181, 220, 80, 106, 179, 221, 131, 152, 87, 251, 4, 120, 154, 138, 158, 213, 114, 188;
 170, 137, 195, 26, 217, 210, 9, 97, 133, 69, 229, 177, 137, 199, 38, 84, 72, 184, 130, 192, 94, 143, 102, 245, 66, 48, 130, 89, 83, 166, 174, 212;
 34, 204, 96, 217, 236, 249, 174, 239, 143, 114, 120, 135, 160, 236, 191, 100, 223, 10, 147, 165, 230, 54, 110, 215, 38, 30, 207, 175, 85, 126, 212, 223;
 9, 119, 169, 165, 44, 35, 159, 89, 2, 230, 157, 230, 149, 44, 211, 11, 94, 45, 91, 175, 241, 99, 236, 26, 244, 133, 171, 189, 13, 120, 31, 209;
 194, 191, 179, 214, 178, 164, 185, 23, 185, 133, 18, 245, 172, 175, 224, 134, 135, 51, 157, 21, 178, 205, 178, 239, 168, 54, 190, 202, 134, 128, 165, 121;
 178, 76, 79, 222, 78, 227, 126, 232, 157, 130, 92, 170, 121, 223, 37, 81, 118, 177, 23, 234, 96, 151, 10, 255, 87, 175, 225, 131, 55, 179, 84, 234;
 24, 25, 54, 43, 135, 217, 183, 39, 196, 36, 122, 14, 231, 40, 35, 96, 8, 34, 234, 1, 220, 57, 119, 60, 233, 119, 84, 83, 249, 10, 5, 14;
 171, 211, 244, 223, 229, 89, 181, 253, 95, 95, 116, 182, 232, 237, 190, 108, 95, 74, 166, 78, 246, 34, 127, 243, 103, 123, 86, 207, 215, 220, 253, 255;
 92, 114, 252, 227, 174, 47, 155, 152, 78, 254, 151, 167, 215, 93, 219, 107, 183, 85, 125, 119, 136, 229, 233, 32, 193, 201, 105, 212, 228, 251, 5, 83;
 23, 89, 119, 109, 50, 159, 90, 48, 229, 64, 214, 227, 171, 28, 181, 164, 46, 177, 221, 223, 220, 169, 37, 236, 162, 120, 0, 210, 103, 174, 32, 95;
 114, 121, 110, 140, 77, 36, 222, 164, 233, 6, 226, 13, 126, 57, 23, 82, 192, 231, 245, 193, 8, 99, 211, 237, 241, 54, 218, 11, 13, 17, 122, 10;
 151, 61, 10, 184, 244, 161, 90, 195, 29, 64, 80, 19, 180, 89, 51, 41, 248, 170, 19, 253, 55, 10, 20, 254, 254, 9, 138, 200, 188, 197, 184, 146;
 223, 48, 236, 227, 174, 59, 90, 24, 23, 250, 151, 255, 223, 29, 222, 234, 215, 221, 189, 31, 173, 116, 253, 130, 134, 221, 185, 182, 174, 239, 24, 85;
 10, 210, 52, 185, 110, 183, 184, 94, 254, 47, 29, 114, 12, 24, 190, 164, 239, 17, 183, 145, 166, 133, 11, 215, 72, 71, 187, 199, 215, 4, 127, 143;
 249, 208, 119, 80, 47, 87, 144, 120, 245, 216, 182, 107, 122, 93, 135, 191, 188, 176, 254, 112, 173, 231, 99, 156, 27, 75, 113, 219, 99, 172, 124, 127;
 13, 77, 215, 42, 179, 235, 106, 5, 206, 192, 107, 136, 255, 102, 33, 248, 50, 35, 26, 56, 7, 129, 61, 92, 233, 223, 1, 1, 152, 250, 5, 80;
 53, 44, 104, 113, 213, 91, 206, 224, 82, 230, 44, 139, 83, 108, 87, 49, 59, 232, 66, 111, 108, 96, 28, 30, 62, 143, 133, 61, 229, 249, 88, 204;
 144, 214, 126, 248, 135, 243, 21, 111, 213, 150, 102, 50, 111, 94, 34, 121, 227, 179, 132, 162, 108, 254, 39, 159, 243, 211, 87, 7, 50, 88, 173, 110;
 234, 63, 20, 158, 219, 225, 18, 38, 153, 142, 128, 41, 46, 50, 7, 223, 193, 243, 204, 80, 48, 75, 194, 238, 185, 146, 92, 59, 146, 69, 15, 15;
 57, 148, 246, 78, 215, 93, 182, 99, 77, 107, 127, 10, 106, 124, 62, 164, 185, 179, 226, 33, 29, 190, 112, 191, 55, 95, 80, 19, 75, 78, 222, 190;
 174, 241, 216, 186, 203, 197, 29, 200, 27, 86, 37, 153, 13, 151, 111, 29, 223, 27, 179, 86, 86, 67, 90, 240, 91, 209, 95, 63, 146, 213, 143, 209;
 222, 158, 248, 90, 227, 84, 223, 249, 123, 95, 53, 159, 12, 47, 222, 57, 167, 219, 151, 30, 182, 110, 172, 243, 127, 93, 118, 239, 119, 229, 239, 123;
 95, 181, 227, 6, 115, 180, 58, 248, 115, 200, 109, 231, 120, 206, 255, 246, 119, 223, 149, 255, 199, 210, 188, 238, 122, 125, 175, 238, 47, 199, 42, 245;
 187, 247, 106, 73, 114, 147, 191, 125, 16, 68, 245, 183, 9, 204, 190, 37, 62, 185, 134, 230, 247, 182, 36, 223, 54, 73, 170, 239, 127, 150, 175, 213;
 110, 214, 234, 86, 209, 20, 191, 183, 129, 95, 183, 183, 65, 110, 254, 83, 77, 211, 167, 166, 252, 46, 252, 227, 110, 255, 254, 205, 255, 252, 236, 220;
 65, 17, 79, 95, 52, 232, 225, 20, 108, 5, 110, 36, 253, 83, 174, 116, 66, 34, 21, 72, 3, 128, 55, 125, 4, 189, 186, 2, 140, 2, 121, 105;
 99, 234, 132, 15, 93, 144, 97, 136, 99, 69, 79, 4, 192, 200, 158, 246, 208, 196, 48, 221, 143, 90, 239, 229, 6, 62, 154, 67, 14, 7, 122, 132;
 55, 118, 227, 77, 230, 58, 244, 216, 81, 202, 124, 246, 67, 252, 247, 47, 190, 248, 22, 39, 253, 247, 180, 138, 54, 124, 101, 142, 239, 254, 248, 213;
 46, 144, 208, 10, 217, 183, 154, 202, 47, 13, 105, 133, 72, 230, 46, 212, 221, 155, 130, 148, 23, 18, 88, 215, 30, 254, 138, 111, 219, 71, 42, 144;
 87, 72, 223, 124, 162, 44, 40, 214, 172, 6, 110, 133, 61, 231, 57, 218, 38, 195, 43, 222, 2, 17, 19, 96, 211, 171, 74, 0, 208, 241, 33, 104;
 39, 212, 178, 76, 117, 125, 240, 218, 79, 77, 255, 30, 72, 252, 62, 172, 157, 25, 247, 9, 151, 171, 51, 215, 27, 62, 16, 206, 215, 79, 216, 199;
 199, 138, 130, 81, 97, 178, 104, 146, 59, 161, 66, 208, 140, 6, 196, 252, 241, 38, 56, 156, 35, 156, 165, 198, 142, 54, 158, 194, 138, 132, 123, 60;
 155, 25, 151, 156, 107, 208, 60, 109, 173, 66, 196, 38, 60, 210, 167, 244, 230, 179, 155, 129, 69, 13, 50, 255, 50, 103, 218, 139, 26, 36, 42, 95;
 79, 111, 182, 192, 205, 188, 56, 222, 235, 185, 12, 64, 12, 154, 103, 255, 167, 121, 147, 80, 134, 83, 170, 208, 31, 89, 15, 175, 146, 213, 219, 69;
 255, 97, 164, 186, 217, 148, 72, 8, 59, 253, 133, 29, 14, 198, 127, 220, 192, 141, 49, 93, 14, 66, 250, 240, 155, 121, 159, 254, 146, 21, 250, 86;
 25, 53, 41, 165, 44, 57, 175, 121, 64, 234, 157, 238, 245, 109, 219, 35, 126, 77, 93, 175, 197, 225, 237, 138, 228, 205, 171, 176, 109, 251, 19, 241;
 165, 104, 185, 94, 108, 141, 231, 212, 250, 90, 116, 72, 178, 147, 21, 56, 204, 104, 86, 78, 227, 54, 250, 57, 103, 152, 101, 40, 80, 187, 66, 171;
 199, 113, 41, 136, 77, 69, 81, 72, 135, 121, 133, 30, 20, 148, 10, 41, 220, 145, 91, 227, 11, 67, 251, 17, 213, 1, 201, 62, 24, 26, 180, 114;
 2, 31, 197, 207, 60, 38, 236, 51, 12, 10, 219, 231, 120, 47, 21, 195, 238, 55, 55, 133, 241, 40, 65, 253, 4, 186, 234, 128, 93, 226, 113, 25;
 12, 10, 81, 73, 243, 251, 163, 2, 95, 45, 62, 42, 104, 149, 247, 236, 57, 58, 230, 24, 19, 56, 41, 116, 15, 31, 49, 247, 211, 143, 77, 101;
 127, 26, 231, 12, 106, 123, 7, 218, 85, 206, 210, 239, 27, 132, 181, 254, 86, 213, 238, 119, 137, 183, 229, 10, 145, 102, 97, 148, 229, 255, 4, 117;
 142, 112, 113, 186, 207, 201, 179, 104, 205, 198, 21, 35, 172, 220, 115, 140, 107, 177, 159, 211, 195, 37, 62, 214, 156, 4, 191, 235, 53, 7, 29, 235;
 44, 84, 241, 73, 201, 249, 241, 142, 71, 119, 255, 0, 8, 29, 85, 236, 89, 152, 162, 144, 139, 52, 123, 82, 15, 223, 21, 79, 211, 94, 108, 118;
 111, 152, 229, 70, 119, 95, 160, 9, 95, 89, 55, 238, 104, 60, 188, 228, 190, 210, 182, 29, 135, 162, 47, 237, 10, 94, 116, 146, 223, 47, 85, 117;
 75, 144, 45, 77, 40, 214, 25, 63, 202, 77, 196, 244, 157, 150, 246, 246, 198, 29, 191, 28, 213, 142, 247, 214, 199, 125, 58, 200, 26, 134, 161, 245;
 80, 149, 121, 101, 70, 107, 116, 55, 96, 98, 106, 111, 55, 61, 4, 115, 34, 255, 25, 32, 241, 184, 209, 11, 55, 168, 80, 16, 125, 216, 193, 27;
 159, 123, 44, 227, 173, 157, 95, 144, 133, 254, 158, 102, 183, 28, 219, 34, 140, 82, 253, 83, 223, 145, 115, 160, 235, 209, 173, 146, 174, 223, 20, 119;
 57, 55, 99, 101, 48, 59, 51, 126, 37, 236, 190, 237, 59, 133, 195, 244, 46, 60, 204, 110, 141, 153, 165, 158, 230, 253, 33, 240, 103, 143, 86, 249;
 150, 58, 121, 212, 42, 163, 154, 88, 159, 250, 144, 238, 112, 94, 197, 40, 191, 113, 255, 227, 173, 5, 10, 123, 146, 22, 233, 182, 60, 241, 22, 31;
 67, 27, 131, 133, 36, 63, 237, 20, 173, 206, 90, 237, 231, 172, 179, 14, 46, 100, 126, 45, 129, 176, 52, 136, 132, 116, 104, 128, 204, 254, 17, 125;
 210, 25, 67, 209, 193, 208, 108, 55, 53, 64, 194, 151, 40, 6, 53, 253, 104, 166, 43, 208, 121, 152, 21, 236, 55, 162, 222, 128, 171, 20, 254, 62;
 35, 150, 186, 206, 125, 63, 186, 106, 207, 111, 125, 127, 236, 248, 190, 36, 157, 34, 55, 13, 148, 186, 104, 255, 7, 30, 249, 250, 85, 79, 213, 215;
 149, 75, 206, 21, 34, 58, 175, 81, 180, 234, 246, 166, 243, 230, 163, 111, 126, 230, 46, 206, 237, 181, 37, 104, 242, 171, 98, 129, 121, 249, 41, 253;
 63, 19, 110, 201, 127, 213, 251, 216, 69, 93, 212, 167, 121, 253, 191, 44, 126, 138, 151, 253, 135, 51, 127, 217, 127, 89, 174, 141, 255, 158, 124, 253;
 174, 241, 240, 90, 233, 241, 149, 200, 31, 22, 245, 165, 8, 223, 111, 29, 223, 27, 147, 210, 90, 98, 250, 240, 90, 208, 215, 47, 87, 83, 164, 247;
 7, 219, 171, 179, 180, 148, 174, 149, 204, 73, 90, 230, 161, 104, 245, 196, 204, 107, 191, 213, 137, 184, 68, 224, 172, 52, 174, 194, 141, 91, 185, 29;
 47, 122, 108, 249, 126, 51, 248, 154, 95, 251, 21, 182, 153, 28, 151, 41, 79, 129, 151, 181, 166, 116, 111, 220, 78, 95, 251, 181, 255, 221, 89, 213;
 184, 3, 106, 254, 213, 148, 127, 121, 85, 5, 231, 22, 57, 207, 62, 240, 124, 154, 147, 168, 186, 154, 48, 223, 119, 237, 144, 1, 51, 142, 244, 232;
 110, 131, 160, 138, 233, 81, 24, 232, 175, 125, 141, 173, 136, 234, 238, 214, 207, 139, 191, 129, 28, 11, 206, 209, 30, 112, 218, 255, 158, 7, 46, 87;
 126, 147, 227, 206, 255, 84, 255, 153, 67, 205, 223, 167, 105, 252, 255, 114, 126, 221, 183, 245, 137, 51, 190, 192, 127, 125, 239, 143, 183, 238, 116, 119;
 71, 91, 191, 245, 168, 164, 185, 150, 174, 185, 154, 100, 212, 243, 225, 106, 167, 119, 125, 221, 147, 193, 155, 96, 201, 190, 127, 132, 136, 243, 161, 33;
 131, 218, 62, 185, 162, 141, 190, 183, 252, 31, 86, 247, 140, 29, 178, 1, 167, 49, 223, 71, 244, 156, 0, 245, 228, 51, 126, 194, 28, 20, 169, 27;
 30, 214, 108, 225, 183, 83, 217, 249, 15, 252, 156, 167, 79, 76, 247, 32, 191, 145, 215, 181, 222, 49, 45, 214, 250, 95, 175, 245, 255, 174, 125, 215;
 89, 45, 179, 230, 63, 126, 155, 106, 95, 232, 158, 10, 111, 232, 180, 228, 178, 247, 252, 43, 141, 227, 169, 174, 185, 254, 47, 26, 6, 107, 85, 37;
 66, 156, 25, 186, 88, 173, 41, 206, 142, 17, 72, 93, 180, 135, 104, 72, 133, 27, 106, 84, 3, 12, 90, 113, 141, 148, 26, 104, 152, 9, 129, 154;
 94, 20, 102, 146, 143, 246, 176, 225, 173, 54, 135, 23, 76, 250, 63, 207, 233, 161, 187, 181, 60, 131, 27, 252, 155, 79, 219, 207, 191, 7, 189, 71;
 234, 254, 147, 150, 233, 129, 52, 103, 153, 138, 65, 253, 140, 226, 224, 143, 197, 111, 227, 6, 116, 207, 130, 194, 48, 18, 223, 170, 10, 124, 179, 159;
 42, 144, 176, 215, 101, 223, 176, 117, 31, 239, 55, 63, 236, 157, 230, 36, 151, 61, 179, 0, 148, 60, 48, 147, 79, 91, 81, 243, 94, 140, 93, 223;
 202, 94, 250, 254, 238, 148, 254, 151, 185, 206, 158, 247, 44, 159, 55, 91, 231, 247, 191, 135, 228, 71, 178, 226, 183, 121, 222, 171, 6, 244, 165, 91;
 71, 46, 166, 151, 165, 190, 108, 67, 223, 234, 155, 199, 232, 234, 119, 239, 233, 236, 187, 147, 188, 197, 143, 232, 14, 118, 207, 147, 142, 239, 88, 4;
 223, 66, 239, 96, 240, 114, 105, 30, 113, 253, 54, 182, 91, 39, 254, 126, 127, 196, 21, 188, 185, 182, 37, 192, 218, 219, 247, 196, 231, 228, 228, 117;
 48, 210, 123, 77, 100, 10, 101, 126, 225, 14, 124, 230, 3, 137, 188, 16, 62, 188, 134, 234, 217, 176, 32, 64, 6, 224, 96, 134, 125, 240, 246, 181;
 51, 124, 105, 203, 246, 231, 223, 214, 13, 107, 88, 6, 149, 28, 149, 32, 79, 187, 23, 157, 217, 186, 116, 246, 229, 156, 186, 208, 253, 218, 151, 253;
 6, 202, 244, 202, 207, 243, 152, 202, 207, 23, 157, 18, 76, 72, 61, 44, 235, 145, 163, 145, 6, 39, 46, 246, 31, 22, 159, 71, 151, 23, 189, 166;
 199, 194, 134, 153, 253, 157, 104, 143, 223, 49, 86, 86, 196, 200, 254, 204, 243, 8, 42, 29, 183, 84, 158, 213, 12, 58, 155, 110, 158, 28, 217, 4;
 155, 118, 104, 172, 110, 50, 156, 95, 85, 78, 220, 247, 9, 78, 151, 137, 126, 137, 215, 165, 252, 134, 101, 221, 118, 65, 170, 143, 63, 244, 62, 213;
 126, 97, 75, 166, 214, 195, 79, 200, 19, 164, 86, 170, 121, 197, 249, 89, 126, 253, 183, 195, 72, 215, 170, 188, 241, 227, 237, 169, 53, 187, 180, 112;
 27, 23, 32, 173, 45, 55, 222, 222, 93, 106, 152, 87, 143, 40, 183, 229, 238, 129, 159, 167, 253, 41, 117, 211, 162, 93, 170, 183, 63, 125, 185, 93;
 10, 212, 106, 226, 246, 82, 126, 119, 61, 73, 95, 178, 89, 47, 190, 116, 119, 155, 151, 190, 224, 138, 45, 238, 126, 255, 182, 193, 175, 158, 248, 217;
 105, 180, 209, 196, 69, 124, 102, 191, 98, 99, 79, 74, 80, 241, 216, 182, 17, 206, 48, 42, 193, 114, 253, 147, 87, 44, 133, 44, 15, 243, 218, 32;
 54, 143, 124, 90, 242, 242, 219, 231, 93, 93, 252, 178, 10, 108, 190, 161, 79, 155, 134, 145, 190, 186, 100, 247, 58, 55, 178, 195, 215, 140, 172, 213;
 159, 16, 224, 153, 215, 149, 104, 216, 127, 213, 68, 87, 44, 202, 127, 252, 251, 8, 147, 157, 167, 22, 62, 210, 142, 93, 155, 239, 191, 133, 123, 220;
 42, 199, 107, 235, 246, 210, 126, 119, 61, 73, 95, 242, 89, 47, 188, 116, 127, 155, 151, 185, 243, 152, 37, 206, 126, 255, 190, 193, 167, 150, 248, 233;
 102, 96, 161, 233, 5, 105, 65, 10, 6, 117, 66, 171, 147, 157, 73, 104, 200, 24, 59, 17, 10, 20, 227, 145, 199, 208, 216, 55, 20, 25, 84, 114;
 175, 233, 166, 190, 237, 116, 236, 204, 139, 218, 52, 7, 172, 238, 127, 139, 233, 74, 151, 207, 199, 67, 186, 224, 7, 121, 207, 175, 90, 116, 123, 214;
 47, 82, 172, 177, 253, 191, 184, 151, 207, 249, 22, 231, 140, 156, 247, 168, 207, 61, 191, 21, 150, 120, 118, 208, 206, 91, 255, 247, 158, 141, 153, 223;
 57, 91, 251, 235, 112, 18, 111, 80, 52, 77, 247, 245, 31, 5, 163, 220, 126, 136, 134, 206, 169, 178, 53, 105, 194, 237, 50, 128, 78, 245, 231, 249;
 141, 214, 188, 51, 181, 63, 243, 156, 110, 95, 23, 189, 143, 44, 154, 171, 135, 74, 220, 21, 166, 172, 125, 163, 238, 95, 60, 213, 222, 221, 217, 95;
 110, 117, 104, 72, 169, 116, 95, 152, 163, 110, 173, 173, 152, 215, 239, 212, 221, 152, 221, 242, 235, 3, 248, 210, 99, 221, 143, 191, 154, 247, 206, 243;
 181, 63, 235, 67, 244, 119, 173, 211, 84, 238, 190, 239, 17, 12, 215, 57, 109, 154, 23, 157, 241, 251, 53, 106, 125, 9, 182, 128, 197, 120, 246, 249;
 24, 222, 225, 253, 45, 120, 95, 190, 133, 86, 92, 166, 159, 119, 187, 231, 87, 82, 159, 227, 235, 0, 126, 163, 229, 229, 250, 156, 54, 253, 148, 113;
 215, 194, 98, 131, 182, 30, 175, 248, 121, 236, 23, 239, 203, 72, 247, 68, 55, 204, 29, 127, 240, 148, 173, 206, 252, 92, 175, 228, 174, 191, 177, 85;
 75, 220, 59, 235, 56, 244, 59, 208, 109, 77, 95, 181, 157, 158, 182, 240, 198, 29, 159, 15, 199, 149, 181, 243, 231, 253, 170, 194, 22, 151, 37, 119;
 69, 25, 159, 247, 184, 132, 41, 17, 174, 184, 147, 96, 220, 211, 97, 106, 228, 117, 125, 217, 131, 89, 155, 64, 201, 169, 47, 196, 136, 2, 33, 33;
 30, 45, 87, 51, 131, 242, 56, 68, 161, 226, 162, 163, 111, 190, 103, 238, 166, 183, 236, 144, 45, 209, 132, 206, 154, 215, 11, 195, 235, 118, 47, 223;
 250, 80, 108, 251, 15, 252, 89, 20, 133, 85, 247, 151, 239, 95, 59, 76, 230, 147, 189, 195, 138, 132, 115, 189, 199, 243, 218, 147, 183, 157, 12, 127;
 222, 148, 249, 120, 203, 125, 190, 250, 235, 58, 180, 24, 9, 255, 109, 187, 173, 209, 215, 178, 182, 39, 250, 210, 127, 221, 71, 127, 211, 117, 207, 247;
 11, 249, 177, 0, 239, 217, 180, 71, 207, 252, 28, 47, 174, 220, 214, 164, 160, 43, 218, 21, 199, 42, 242, 240, 30, 93, 29, 59, 110, 94, 217, 223;
 63, 247, 173, 165, 182, 15, 79, 189, 17, 107, 87, 254, 215, 37, 154, 7, 62, 204, 85, 111, 249, 240, 109, 130, 228, 227, 236, 212, 175, 251, 146, 113;
 21, 91, 239, 77, 34, 10, 126, 83, 116, 202, 246, 231, 241, 110, 183, 122, 126, 224, 62, 174, 204, 148, 39, 74, 114, 46, 98, 129, 109, 248, 96, 91;
 153, 119, 171, 229, 36, 95, 79, 121, 69, 238, 159, 54, 219, 45, 218, 35, 62, 196, 95, 239, 249, 241, 245, 138, 247, 205, 161, 180, 110, 251, 208, 113;
 139, 149, 183, 189, 229, 86, 173, 119, 29, 75, 94, 118, 253, 55, 160, 229, 110, 55, 183, 9, 209, 152, 49, 140, 229, 243, 218, 128, 14, 172, 181, 249;
 46, 159, 108, 90, 242, 243, 185, 247, 92, 93, 124, 247, 9, 44, 182, 65, 111, 155, 135, 145, 182, 186, 109, 247, 126, 99, 250, 193, 223, 140, 173, 209;
 191, 115, 224, 153, 69, 21, 248, 88, 19, 253, 85, 7, 8, 156, 247, 189, 248, 8, 151, 221, 199, 86, 254, 208, 15, 89, 159, 175, 31, 31, 123, 215;
 157, 16, 254, 117, 162, 74, 185, 85, 116, 196, 86, 51, 93, 252, 243, 107, 54, 117, 62, 241, 244, 180, 37, 74, 94, 43, 118, 192, 229, 160, 165, 211;
 51, 157, 225, 227, 246, 111, 235, 151, 13, 73, 91, 98, 189, 60, 157, 164, 127, 155, 23, 157, 139, 184, 117, 238, 237, 220, 142, 194, 239, 218, 80, 253;
 18, 87, 236, 141, 170, 50, 157, 23, 20, 111, 94, 247, 1, 47, 182, 73, 126, 133, 183, 173, 188, 152, 101, 0, 102, 111, 254, 197, 253, 212, 188, 217;
 167, 29, 109, 75, 246, 191, 250, 112, 236, 72, 125, 239, 81, 92, 183, 57, 254, 169, 23, 239, 165, 178, 118, 124, 6, 9, 168, 192, 93, 135, 122, 213;
 143, 208, 240, 83, 195, 222, 182, 181, 250, 251, 53, 52, 204, 246, 206, 188, 55, 59, 134, 30, 245, 116, 60, 114, 15, 223, 119, 231, 251, 117, 203, 245;
 41, 20, 205, 237, 236, 118, 77, 60, 17, 235, 118, 82, 209, 55, 152, 127, 92, 212, 53, 172, 121, 212, 241, 138, 103, 235, 244, 148, 190, 200, 210, 177;
 218, 38, 199, 212, 97, 240, 184, 67, 176, 134, 219, 243, 41, 238, 166, 222, 238, 177, 169, 128, 38, 209, 134, 203, 146, 231, 202, 131, 7, 228, 175, 212;
 201, 145, 126, 60, 75, 148, 60, 111, 188, 84, 196, 21, 61, 186, 34, 81, 230, 163, 59, 133, 118, 11, 22, 95, 83, 105, 218, 9, 24, 0, 169, 90;
 74, 222, 225, 44, 168, 64, 141, 191, 30, 222, 24, 229, 189, 175, 113, 66, 199, 95, 61, 133, 194, 15, 211, 91, 104, 54, 191, 188, 30, 244, 52, 91;
 254, 89, 112, 120, 235, 149, 24, 216, 175, 84, 228, 141, 12, 207, 103, 156, 254, 153, 147, 210, 198, 7, 58, 240, 83, 217, 131, 127, 115, 151, 47, 87;
 231, 110, 196, 20, 124, 56, 68, 143, 219, 186, 178, 124, 98, 232, 223, 255, 129, 198, 108, 56, 175, 102, 239, 161, 54, 58, 85, 63, 68, 124, 88, 12;
 14, 186, 246, 210, 207, 209, 189, 200, 143, 214, 28, 167, 173, 204, 111, 143, 47, 243, 251, 211, 210, 101, 190, 224, 31, 80, 207, 175, 135, 127, 61, 119;
 30, 80, 216, 154, 103, 81, 183, 220, 158, 206, 149, 166, 28, 246, 235, 172, 127, 185, 159, 67, 197, 5, 46, 211, 246, 69, 171, 175, 63, 127, 61, 247;
 31, 27, 250, 168, 242, 182, 62, 240, 184, 136, 93, 230, 92, 218, 163, 113, 54, 253, 149, 227, 148, 17, 156, 108, 218, 105, 171, 198, 191, 167, 43, 151;
 171, 158, 192, 187, 246, 128, 234, 181, 21, 79, 83, 247, 237, 41, 186, 192, 95, 143, 151, 157, 191, 188, 69, 227, 236, 44, 190, 192, 189, 142, 152, 145;
 239, 114, 240, 88, 237, 93, 212, 216, 95, 216, 245, 124, 138, 156, 255, 236, 221, 57, 182, 95, 215, 114, 250, 208, 31, 88, 85, 174, 223, 253, 120, 215;
 200, 151, 115, 214, 37, 124, 117, 179, 237, 94, 63, 93, 206, 173, 238, 255, 131, 2, 238, 10, 197, 41, 168, 195, 199, 253, 114, 143, 82, 230, 69, 119;
 51, 22, 235, 68, 100, 54, 77, 127, 113, 207, 125, 244, 82, 172, 190, 63, 254, 204, 21, 172, 233, 246, 229, 66, 18, 62, 244, 142, 237, 232, 242, 253;
 64, 168, 24, 186, 120, 173, 33, 206, 142, 61, 40, 28, 180, 195, 104, 88, 197, 27, 74, 16, 3, 11, 90, 113, 29, 148, 26, 120, 152, 88, 1, 186;
 190, 106, 226, 0, 215, 29, 183, 64, 115, 174, 181, 159, 14, 200, 251, 148, 63, 168, 194, 71, 228, 55, 172, 90, 114, 20, 5, 63, 99, 255, 14, 197;
 127, 190, 99, 64, 114, 178, 123, 250, 51, 194, 93, 231, 89, 238, 191, 244, 127, 205, 149, 175, 143, 146, 188, 223, 26, 109, 171, 174, 175, 231, 122, 245;
 130, 208, 114, 211, 103, 221, 184, 80, 159, 109, 119, 63, 44, 220, 126, 12, 182, 57, 247, 19, 198, 181, 178, 243, 87, 92, 24, 235, 71, 141, 197, 215;
 47, 95, 197, 215, 96, 31, 79, 180, 17, 254, 126, 238, 115, 103, 141, 183, 93, 246, 181, 238, 105, 208, 105, 173, 174, 203, 237, 144, 170, 255, 20, 121;
 58, 219, 121, 233, 250, 209, 31, 253, 23, 92, 116, 231, 9, 143, 231, 208, 95, 187, 135, 208, 202, 26, 104, 253, 235, 213, 174, 175, 55, 150, 38, 251;
 29, 120, 187, 127, 37, 207, 247, 208, 254, 138, 100, 0, 118, 209, 37, 56, 176, 120, 66, 90, 0, 181, 56, 42, 241, 143, 39, 32, 209, 59, 71, 170;
 94, 80, 181, 218, 159, 209, 144, 204, 207, 95, 144, 35, 204, 220, 127, 238, 235, 145, 255, 145, 6, 39, 58, 240, 155, 80, 159, 255, 151, 29, 189, 87;
 184, 133, 111, 237, 180, 207, 91, 55, 85, 46, 254, 26, 83, 61, 176, 65, 120, 182, 31, 168, 248, 187, 97, 159, 243, 235, 160, 209, 55, 168, 212, 98;
 32, 217, 56, 90, 89, 205, 51, 238, 206, 5, 108, 8, 182, 147, 34, 80, 192, 58, 2, 64, 66, 42, 114, 53, 101, 180, 16, 58, 80, 26, 196, 234;
 115, 125, 59, 54, 17, 205, 23, 241, 121, 104, 248, 108, 190, 220, 9, 49, 148, 187, 85, 65, 203, 227, 112, 13, 241, 220, 40, 186, 104, 82, 7, 251;
 71, 222, 165, 19, 162, 60, 29, 183, 44, 127, 30, 180, 223, 54, 130, 110, 135, 87, 189, 15, 209, 152, 101, 98, 172, 118, 126, 210, 132, 212, 133, 125;
 146, 105, 47, 190, 18, 134, 158, 228, 164, 128, 210, 131, 181, 28, 49, 33, 174, 243, 217, 225, 236, 201, 22, 109, 249, 0, 142, 128, 37, 16, 49, 56;
 152, 157, 126, 249, 181, 171, 250, 119, 61, 5, 246, 23, 139, 25, 54, 1, 250, 187, 143, 176, 62, 184, 81, 222, 239, 223, 50, 65, 247, 140, 252, 3;
 45, 96, 225, 66, 93, 63, 218, 200, 87, 183, 61, 27, 66, 201, 95, 156, 89, 200, 130, 30, 134, 118, 106, 146, 95, 31, 21, 125, 211, 255, 86, 228;
 94, 43, 226, 69, 47, 58, 242, 200, 239, 164, 159, 99, 74, 40, 223, 134, 186, 68, 237, 111, 132, 97, 175, 192, 26, 92, 7, 151, 103, 111, 93, 71;
 171, 165, 62, 82, 185, 246, 153, 113, 250, 93, 191, 24, 88, 252, 158, 176, 157, 27, 209, 12, 183, 227, 187, 87, 75, 63, 112, 215, 203, 6, 235, 215;
 35, 187, 140, 30, 235, 144, 62, 237, 139, 89, 73, 237, 44, 238, 110, 218, 198, 107, 243, 199, 150, 75, 142, 241, 6, 54, 94, 235, 152, 87, 139, 215;
 210, 252, 182, 30, 11, 164, 156, 135, 175, 19, 130, 213, 172, 174, 4, 91, 229, 183, 249, 129, 46, 207, 147, 229, 147, 114, 218, 155, 1, 84, 175, 31;
 45, 112, 176, 83, 93, 63, 209, 216, 87, 255, 173, 30, 82, 208, 79, 172, 217, 72, 130, 30, 143, 118, 123, 146, 31, 223, 21, 62, 219, 127, 74, 246;
 99, 166, 236, 20, 204, 40, 228, 139, 90, 247, 32, 143, 98, 104, 95, 91, 137, 199, 224, 53, 230, 114, 223, 17, 28, 2, 85, 63, 205, 124, 94, 222;
 87, 87, 66, 32, 160, 50, 110, 246, 96, 238, 154, 229, 65, 34, 223, 241, 255, 199, 220, 230, 237, 147, 37, 78, 178, 65, 175, 132, 44, 247, 58, 85;
 31, 30, 197, 183, 182, 34, 111, 178, 59, 235, 91, 229, 253, 58, 153, 180, 183, 239, 21, 175, 129, 208, 13, 239, 164, 110, 255, 128, 173, 247, 131, 81;
 185, 44, 78, 117, 208, 159, 109, 119, 117, 170, 110, 80, 51, 35, 145, 53, 57, 174, 86, 188, 120, 220, 85, 14, 238, 203, 244, 0, 235, 208, 234, 168;
 159, 83, 251, 164, 102, 81, 59, 120, 19, 204, 149, 182, 93, 254, 235, 172, 126, 217, 151, 227, 237, 7, 60, 219, 210, 197, 239, 175, 55, 191, 61, 245;
 7, 23, 163, 63, 178, 42, 63, 170, 126, 203, 91, 224, 125, 126, 159, 120, 183, 127, 21, 167, 165, 144, 45, 127, 160, 62, 63, 130, 132, 119, 3, 101;
 34, 54, 216, 72, 250, 155, 250, 95, 171, 173, 188, 173, 10, 139, 199, 20, 63, 137, 199, 60, 18, 43, 194, 222, 126, 221, 37, 255, 251, 128, 78, 219;
 151, 242, 71, 163, 42, 66, 59, 248, 41, 122, 147, 246, 93, 78, 141, 59, 119, 213, 221, 227, 229, 213, 13, 214, 144, 66, 239, 134, 45, 183, 43, 21;
 248, 135, 110, 253, 196, 79, 125, 55, 21, 46, 246, 27, 91, 47, 32, 81, 120, 182, 175, 32, 120, 190, 97, 159, 247, 235, 240, 81, 55, 136, 212, 107;
 65, 123, 111, 33, 180, 14, 239, 150, 100, 232, 90, 229, 147, 37, 209, 80, 54, 68, 63, 125, 193, 248, 133, 78, 108, 44, 39, 132, 109, 176, 113, 121;
 38, 43, 128, 49, 204, 225, 128, 75, 3, 181, 248, 173, 160, 236, 87, 24, 217, 171, 227, 149, 26, 122, 202, 80, 12, 22, 223, 123, 213, 100, 86, 218;
 28, 120, 250, 126, 54, 203, 183, 80, 246, 142, 245, 32, 127, 211, 33, 56, 50, 248, 70, 74, 96, 165, 58, 42, 243, 207, 39, 19, 115, 115, 103, 163;
 129, 159, 59, 204, 180, 132, 191, 125, 76, 72, 92, 102, 180, 220, 178, 96, 246, 11, 22, 111, 199, 40, 59, 125, 104, 13, 46, 140, 28, 138, 177, 249;
 137, 137, 25, 153, 250, 233, 49, 207, 142, 21, 100, 8, 180, 151, 99, 72, 67, 42, 74, 24, 2, 8, 122, 49, 77, 129, 58, 121, 144, 8, 5, 235;
 29, 201, 55, 83, 19, 214, 47, 240, 228, 48, 230, 0, 125, 87, 0, 245, 96, 245, 234, 234, 73, 217, 63, 125, 185, 163, 207, 64, 35, 22, 37, 168;
 172, 28, 62, 94, 13, 242, 145, 98, 212, 66, 231, 18, 114, 217, 39, 107, 73, 48, 202, 34, 104, 231, 114, 15, 67, 43, 64, 25, 83, 105, 124, 130;
 20, 150, 153, 251, 16, 237, 35, 152, 54, 79, 73, 84, 215, 117, 40, 64, 17, 26, 0, 58, 27, 164, 27, 55, 201, 167, 35, 76, 248, 3, 37, 178;
 2, 187, 172, 189, 235, 164, 188, 231, 170, 31, 8, 181, 172, 171, 78, 91, 167, 75, 251, 133, 86, 73, 138, 241, 78, 51, 222, 235, 156, 68, 175, 219;
 161, 72, 169, 223, 236, 165, 239, 214, 95, 74, 84, 2, 176, 191, 181, 105, 204, 106, 55, 207, 163, 124, 99, 251, 71, 58, 250, 136, 148, 249, 112, 233;
 19, 249, 135, 18, 25, 212, 74, 228, 235, 81, 132, 12, 232, 242, 94, 182, 160, 194, 120, 220, 15, 75, 186, 245, 153, 90, 222, 106, 138, 6, 123, 252;
 61, 83, 43, 105, 164, 87, 189, 125, 76, 79, 245, 32, 153, 28, 190, 41, 220, 17, 87, 111, 209, 163, 32, 148, 99, 89, 110, 212, 213, 28, 247, 241;
 153, 192, 214, 153, 183, 219, 176, 7, 126, 99, 86, 51, 236, 152, 182, 236, 115, 47, 170, 149, 183, 252, 37, 215, 78, 111, 30, 67, 159, 12, 169, 207;
 123, 113, 230, 173, 29, 3, 127, 121, 55, 236, 223, 135, 73, 227, 50, 212, 124, 228, 255, 174, 88, 195, 123, 204, 250, 247, 239, 148, 47, 174, 246, 211;
 11, 141, 229, 115, 166, 43, 173, 167, 124, 51, 26, 144, 157, 56, 16, 43, 7, 87, 93, 13, 240, 248, 101, 98, 229, 251, 126, 192, 229, 209, 129, 40;
 31, 15, 163, 31, 149, 62, 238, 134, 94, 227, 203, 70, 233, 168, 53, 228, 125, 238, 170, 143, 141, 184, 125, 174, 171, 110, 159, 16, 149, 127, 217, 44;
 169, 45, 158, 125, 220, 134, 101, 87, 114, 171, 76, 80, 179, 177, 144, 52, 72, 174, 2, 136, 57, 222, 209, 10, 230, 237, 180, 32, 170, 240, 250, 136;
 25, 207, 127, 65, 82, 138, 235, 176, 100, 32, 126, 230, 89, 67, 188, 117, 54, 164, 6, 238, 193, 145, 45, 125, 116, 47, 163, 132, 111, 147, 96, 41;
 111, 89, 127, 90, 234, 208, 60, 100, 232, 82, 228, 160, 57, 254, 165, 249, 198, 187, 208, 226, 149, 3, 38, 124, 119, 123, 114, 171, 144, 209, 174, 151;
 35, 172, 160, 145, 221, 253, 224, 202, 91, 243, 184, 26, 170, 168, 87, 172, 201, 74, 146, 29, 151, 122, 214, 243, 13, 92, 21, 127, 219, 77, 90, 140;
 29, 63, 238, 23, 242, 183, 191, 253, 116, 204, 94, 230, 113, 101, 155, 224, 125, 110, 150, 188, 179, 216, 45, 46, 110, 15, 183, 128, 175, 214, 184, 249;
 43, 248, 210, 64, 117, 157, 230, 119, 105, 168, 56, 76, 30, 152, 84, 180, 180, 109, 80, 28, 197, 250, 144, 192, 47, 221, 5, 106, 203, 22, 219, 141;
 42, 250, 238, 159, 213, 243, 109, 223, 23, 239, 246, 183, 105, 227, 170, 220, 125, 238, 183, 140, 57, 218, 125, 255, 94, 103, 247, 165, 191, 252, 252, 249;
 249, 113, 122, 236, 118, 203, 115, 124, 115, 232, 116, 46, 115, 217, 179, 112, 122, 236, 182, 104, 143, 178, 188, 29, 126, 233, 165, 169, 63, 186, 122, 219;
 61, 148, 105, 89, 196, 127, 231, 186, 84, 234, 119, 86, 211, 101, 218, 237, 121, 204, 166, 46, 249, 240, 255, 54, 79, 239, 229, 196, 251, 237, 116, 240;
 134, 40, 149, 179, 185, 173, 50, 136, 171, 177, 33, 89, 166, 218, 77, 14, 129, 91, 104, 81, 2, 100, 218, 224, 141, 144, 21, 122, 192, 67, 3, 142;
 81, 208, 159, 229, 48, 6, 33, 31, 166, 169, 146, 96, 215, 151, 192, 98, 212, 53, 124, 184, 91, 201, 147, 4, 137, 242, 191, 214, 40, 32, 33, 59;
 201, 2, 157, 173, 56, 4, 40, 16, 238, 128, 195, 100, 245, 195, 193, 194, 70, 37, 108, 92, 1, 132, 195, 8, 192, 169, 43, 0, 8, 162, 41, 1;
 8, 154, 60, 121, 171, 217, 49, 87, 31, 29, 76, 177, 175, 147, 162, 68, 71, 58, 166, 16, 18, 152, 102, 145, 206, 241, 52, 227, 178, 140, 133, 235;
 230, 249, 152, 200, 75, 213, 154, 200, 139, 185, 184, 9, 4, 220, 76, 18, 159, 217, 241, 81, 70, 35, 218, 211, 27, 85, 13, 255, 209, 34, 15, 151;
 28, 106, 250, 126, 50, 139, 87, 84, 244, 142, 247, 40, 127, 209, 163, 24, 50, 249, 206, 114, 40, 167, 8, 46, 242, 143, 37, 25, 99, 243, 110, 35;
 199, 63, 198, 23, 162, 2, 175, 176, 248, 202, 83, 229, 240, 98, 151, 79, 55, 102, 120, 255, 245, 212, 143, 106, 108, 42, 239, 128, 143, 247, 97, 29;
 89, 217, 62, 66, 9, 212, 86, 244, 228, 88, 174, 0, 114, 150, 162, 247, 224, 246, 236, 202, 205, 171, 59, 61, 187, 225, 38, 3, 2, 19, 44, 45;
 98, 160, 132, 4, 75, 77, 177, 202, 138, 253, 168, 139, 4, 172, 86, 26, 161, 213, 107, 5, 4, 123, 154, 80, 29, 22, 93, 127, 193, 46, 87, 222;
 214, 124, 190, 254, 45, 5, 22, 248, 155, 186, 149, 106, 118, 253, 105, 107, 213, 85, 253, 115, 227, 103, 154, 186, 249, 19, 109, 190, 152, 123, 49, 51;
 229, 111, 233, 86, 236, 9, 207, 232, 200, 240, 185, 141, 243, 236, 223, 35, 142, 224, 98, 111, 205, 98, 254, 40, 38, 24, 69, 60, 93, 251, 82, 212;
 179, 197, 108, 53, 149, 119, 222, 175, 83, 231, 188, 31, 67, 108, 30, 37, 25, 198, 53, 45, 252, 230, 125, 159, 107, 95, 213, 85, 239, 252, 210, 86;
 77, 164, 145, 255, 155, 230, 59, 175, 50, 147, 72, 16, 221, 243, 88, 104, 115, 95, 57, 157, 51, 88, 155, 98, 237, 239, 159, 108, 162, 192, 161, 162;
 136, 156, 126, 251, 247, 191, 120, 51, 29, 31, 119, 19, 251, 27, 58, 73, 107, 163, 191, 144, 58, 252, 81, 255, 207, 203, 242, 193, 247, 136, 252, 74;
 76, 139, 252, 71, 234, 104, 63, 163, 171, 181, 46, 160, 220, 39, 192, 86, 39, 119, 233, 200, 16, 73, 139, 113, 125, 182, 71, 197, 130, 227, 135, 41;
 2, 249, 142, 191, 186, 128, 190, 207, 174, 65, 77, 165, 164, 238, 98, 2, 134, 107, 249, 213, 22, 9, 154, 113, 232, 21, 14, 179, 156, 87, 171, 219;
 172, 28, 53, 94, 9, 227, 144, 34, 212, 82, 165, 16, 242, 221, 37, 107, 201, 50, 234, 34, 40, 103, 122, 63, 67, 243, 80, 27, 82, 105, 100, 194;
 41, 136, 194, 119, 37, 159, 97, 55, 117, 169, 102, 4, 251, 33, 144, 180, 121, 46, 38, 136, 88, 248, 113, 15, 78, 207, 244, 64, 106, 136, 208, 168;
 162, 239, 100, 87, 61, 157, 207, 236, 205, 140, 188, 13, 98, 72, 150, 5, 140, 226, 202, 103, 236, 171, 110, 189, 34, 88, 197, 115, 71, 30, 214, 204;
 105, 249, 10, 34, 29, 213, 82, 216, 226, 88, 173, 13, 182, 222, 90, 50, 200, 65, 124, 87, 207, 11, 250, 53, 203, 217, 173, 120, 8, 7, 122, 94;
 22, 25, 147, 190, 27, 224, 2, 72, 173, 72, 201, 99, 108, 214, 41, 230, 240, 121, 29, 211, 11, 129, 154, 233, 145, 240, 138, 138, 152, 119, 33, 163;
 207, 18, 231, 84, 226, 62, 105, 24, 249, 222, 23, 252, 217, 125, 159, 255, 54, 196, 253, 45, 165, 196, 175, 200, 86, 123, 113, 132, 238, 229, 83, 117;
 57, 172, 18, 119, 53, 222, 100, 55, 117, 139, 102, 16, 178, 49, 128, 180, 209, 174, 4, 8, 123, 188, 65, 47, 238, 255, 52, 0, 106, 192, 218, 138;
 171, 242, 102, 221, 125, 215, 255, 127, 31, 205, 244, 182, 168, 198, 182, 228, 220, 108, 183, 140, 255, 190, 98, 255, 62, 127, 190, 195, 31, 140, 252, 253;
 82, 185, 178, 126, 75, 132, 24, 67, 175, 1, 233, 201, 44, 222, 108, 80, 228, 187, 179, 129, 10, 26, 146, 241, 147, 244, 154, 139, 16, 6, 166, 30;
 34, 190, 121, 73, 120, 203, 249, 99, 175, 229, 249, 189, 176, 15, 70, 16, 174, 171, 71, 148, 166, 58, 193, 94, 124, 28, 16, 232, 221, 128, 71, 219;
 17, 145, 124, 10, 203, 5, 95, 237, 110, 5, 169, 0, 120, 114, 30, 112, 178, 131, 81, 207, 154, 2, 95, 113, 113, 44, 2, 24, 113, 18, 227, 106;
 1, 72, 177, 223, 109, 205, 255, 222, 95, 90, 84, 2, 188, 253, 125, 106, 205, 123, 55, 75, 194, 60, 250, 243, 101, 62, 254, 168, 20, 91, 81, 235;
 30, 216, 55, 251, 47, 215, 149, 212, 205, 22, 181, 35, 220, 29, 47, 11, 239, 81, 219, 243, 162, 229, 59, 240, 211, 219, 90, 23, 215, 31, 37, 251;
 104, 120, 246, 116, 44, 200, 214, 39, 200, 138, 50, 105, 255, 248, 20, 43, 130, 117, 253, 99, 220, 239, 194, 172, 106, 255, 117, 187, 69, 60, 213, 27;
 163, 55, 106, 76, 254, 195, 231, 125, 245, 236, 116, 110, 112, 213, 183, 117, 126, 104, 19, 238, 225, 179, 44, 93, 118, 40, 165, 168, 93, 154, 246, 241;
 43, 186, 238, 223, 253, 215, 249, 222, 23, 221, 254, 183, 105, 239, 254, 204, 93, 238, 247, 156, 207, 222, 235, 247, 78, 127, 255, 203, 159, 236, 252, 253;
 219, 197, 36, 166, 153, 22, 76, 173, 161, 178, 134, 17, 199, 47, 16, 247, 193, 215, 253, 239, 124, 77, 219, 142, 187, 243, 206, 93, 34, 20, 184, 14;
 209, 64, 117, 109, 98, 10, 109, 56, 105, 226, 115, 198, 91, 3, 149, 255, 54, 165, 116, 174, 233, 180, 181, 72, 6, 234, 96, 128, 111, 177, 66, 180;
 238, 43, 236, 176, 237, 73, 217, 136, 139, 190, 148, 155, 2, 141, 87, 11, 137, 213, 247, 119, 122, 103, 234, 176, 219, 83, 205, 255, 215, 45, 86, 210;
 133, 121, 17, 251, 232, 141, 167, 152, 126, 112, 112, 196, 213, 195, 201, 169, 23, 88, 34, 94, 195, 112, 251, 48, 164, 128, 103, 108, 216, 187, 131, 177;
 69, 105, 149, 163, 224, 73, 47, 156, 42, 240, 66, 64, 149, 151, 201, 123, 34, 95, 114, 222, 67, 80, 191, 32, 101, 128, 239, 164, 132, 243, 135, 233;
 9, 188, 209, 195, 178, 173, 59, 159, 46, 97, 46, 228, 189, 55, 192, 212, 7, 91, 89, 28, 147, 24, 217, 115, 110, 220, 55, 230, 174, 194, 129, 57;
 74, 176, 168, 146, 95, 241, 152, 7, 219, 85, 196, 187, 172, 142, 86, 64, 207, 59, 187, 145, 150, 74, 246, 211, 79, 85, 154, 251, 150, 4, 189, 94;
 174, 132, 98, 88, 209, 203, 194, 216, 119, 17, 228, 88, 91, 249, 60, 181, 89, 248, 147, 249, 59, 182, 76, 50, 43, 57, 129, 77, 215, 165, 242, 130;
 124, 94, 90, 46, 114, 18, 90, 216, 165, 140, 250, 237, 111, 203, 33, 208, 126, 245, 207, 242, 12, 131, 8, 44, 242, 231, 37, 153, 227, 243, 42, 3;
 72, 66, 157, 199, 74, 64, 41, 24, 38, 55, 135, 240, 252, 151, 200, 126, 39, 149, 126, 138, 3, 7, 175, 113, 213, 35, 122, 132, 52, 147, 39, 33;
 136, 184, 173, 185, 217, 237, 185, 87, 62, 123, 100, 153, 180, 151, 64, 24, 205, 59, 243, 149, 51, 220, 82, 19, 77, 7, 186, 224, 144, 4, 135, 250;
 82, 151, 146, 64, 179, 176, 17, 7, 235, 133, 174, 56, 78, 178, 196, 244, 183, 151, 236, 144, 26, 9, 161, 66, 187, 247, 30, 91, 130, 64, 175, 45;
 48, 71, 142, 184, 136, 35, 85, 199, 148, 23, 226, 17, 2, 33, 46, 91, 201, 198, 43, 0, 60, 251, 3, 32, 241, 162, 86, 87, 208, 89, 244, 2;
 204, 82, 63, 201, 10, 66, 41, 56, 164, 148, 199, 178, 213, 71, 168, 203, 118, 212, 171, 251, 80, 197, 111, 68, 221, 163, 235, 205, 52, 131, 165, 112;
 226, 229, 241, 82, 221, 221, 113, 207, 123, 245, 36, 24, 40, 221, 92, 53, 41, 154, 211, 24, 114, 126, 190, 214, 63, 88, 21, 127, 195, 132, 198, 238;
 242, 133, 229, 220, 149, 38, 204, 191, 19, 59, 152, 219, 83, 109, 28, 33, 221, 214, 53, 173, 250, 106, 93, 159, 107, 126, 221, 212, 181, 252, 208, 10;
 22, 253, 10, 170, 26, 133, 27, 234, 174, 4, 140, 141, 254, 199, 98, 64, 150, 105, 221, 213, 74, 9, 154, 125, 248, 21, 15, 251, 24, 6, 45, 90;
 180, 121, 168, 115, 205, 13, 231, 208, 70, 178, 37, 14, 179, 209, 91, 43, 24, 202, 83, 219, 74, 116, 218, 48, 197, 137, 221, 52, 121, 123, 82, 186;
 12, 186, 136, 177, 129, 164, 49, 19, 182, 53, 69, 21, 141, 135, 66, 72, 193, 43, 161, 149, 22, 92, 146, 145, 205, 199, 219, 109, 152, 4, 173, 210;
 96, 58, 167, 22, 64, 8, 160, 37, 226, 189, 91, 105, 240, 168, 208, 10, 136, 108, 99, 17, 132, 250, 134, 0, 92, 38, 127, 232, 197, 34, 119, 139;
 101, 109, 97, 166, 204, 45, 207, 188, 200, 228, 184, 207, 243, 108, 85, 35, 28, 230, 83, 111, 193, 98, 254, 168, 37, 24, 205, 56, 69, 251, 82, 240;
 105, 252, 56, 42, 60, 205, 83, 152, 226, 72, 189, 13, 182, 220, 66, 48, 128, 32, 93, 111, 207, 39, 250, 61, 225, 205, 33, 248, 8, 3, 82, 91;
 250, 164, 248, 114, 89, 157, 89, 143, 115, 181, 164, 25, 42, 159, 78, 22, 129, 222, 197, 144, 110, 78, 218, 227, 127, 221, 21, 123, 35, 132, 206, 10;
 46, 172, 228, 113, 221, 63, 236, 187, 23, 187, 87, 83, 83, 61, 212, 43, 137, 198, 53, 29, 186, 248, 75, 149, 79, 223, 245, 196, 247, 236, 208, 2;
 33, 161, 65, 9, 240, 201, 67, 61, 23, 77, 120, 237, 183, 5, 138, 20, 90, 138, 6, 28, 159, 184, 101, 61, 174, 220, 36, 192, 242, 136, 192, 125;
 98, 171, 146, 186, 105, 128, 8, 206, 171, 9, 104, 73, 44, 202, 108, 208, 214, 139, 167, 209, 18, 27, 130, 241, 156, 180, 154, 235, 144, 2, 43, 139;
 100, 4, 248, 94, 108, 121, 84, 26, 91, 166, 189, 24, 106, 249, 205, 186, 155, 214, 228, 10, 140, 102, 250, 98, 23, 191, 81, 59, 231, 251, 94, 39;
 196, 205, 158, 254, 168, 72, 222, 172, 154, 146, 20, 0, 253, 235, 249, 3, 151, 115, 125, 107, 99, 109, 138, 123, 232, 155, 111, 61, 28, 179, 137, 8;
 224, 93, 119, 78, 108, 206, 71, 48, 205, 10, 246, 104, 118, 85, 164, 117, 214, 112, 94, 106, 225, 39, 106, 63, 35, 186, 96, 26, 82, 187, 100, 121;
 18, 188, 137, 113, 19, 252, 48, 55, 55, 89, 78, 212, 172, 55, 64, 20, 165, 59, 145, 144, 63, 216, 242, 119, 143, 213, 26, 227, 138, 4, 143, 223;
 252, 143, 140, 230, 189, 54, 87, 53, 149, 189, 143, 24, 211, 51, 18, 83, 193, 198, 125, 122, 56, 200, 89, 172, 235, 235, 245, 213, 178, 195, 220, 2;
 11, 59, 186, 243, 224, 172, 57, 23, 169, 153, 95, 112, 156, 183, 192, 58, 167, 59, 21, 16, 147, 216, 160, 64, 207, 217, 62, 202, 136, 192, 135, 185;
 230, 121, 229, 230, 109, 105, 217, 200, 139, 252, 180, 171, 10, 61, 85, 159, 140, 213, 253, 83, 8, 107, 250, 176, 223, 80, 205, 191, 71, 61, 86, 251;
 33, 162, 174, 77, 124, 189, 225, 118, 198, 109, 126, 8, 160, 129, 150, 38, 72, 42, 98, 28, 150, 58, 231, 119, 78, 60, 144, 105, 66, 138, 92, 236;
 42, 193, 177, 223, 108, 205, 239, 220, 94, 58, 93, 2, 252, 249, 253, 224, 217, 74, 55, 75, 195, 122, 234, 243, 37, 188, 190, 168, 18, 218, 85, 169;
 60, 100, 177, 225, 52, 107, 83, 216, 70, 168, 187, 106, 215, 21, 73, 40, 91, 220, 93, 122, 10, 161, 73, 170, 201, 205, 37, 52, 247, 251, 68, 163;
 40, 14, 148, 254, 41, 237, 21, 102, 141, 158, 184, 40, 174, 243, 97, 19, 197, 115, 207, 0, 34, 43, 66, 235, 193, 247, 118, 27, 210, 104, 7, 171;
 110, 60, 226, 84, 213, 253, 96, 3, 59, 239, 110, 29, 42, 233, 87, 156, 145, 238, 225, 28, 26, 126, 242, 162, 15, 255, 21, 43, 195, 101, 86, 94]