[190, 57, 50, 155, 201, 177, 27, 67, 243, 5, 229, 21, 172, 194, 34, 156, 200, 187, 130, 211, 26, 159, 82, 242, 137, 23, 158, 107, 211, 69, 175, 142;
 0, 141, 147, 165, 116, 237, 176, 198, 142, 41, 120, 9, 188, 185, 113, 66, 138, 43, 2, 17, 3, 56, 146, 241, 5, 149, 58, 40, 156, 88, 81, 139;
 187, 115, 101, 199, 37, 54, 75, 20, 113, 232, 223, 198, 251, 28, 159, 181, 94, 236, 20, 239, 173, 242, 245, 236, 166, 88, 227, 128, 47, 247, 122, 253;
 243, 137, 38, 209, 228, 180, 233, 230, 145, 20, 242, 22, 0, 170, 180, 193, 236, 231, 54, 205, 184, 250, 114, 246, 28, 168, 234, 194, 69, 97, 32, 164;
 0, 76, 163, 104, 16, 194, 167, 11, 52, 67, 102, 144, 179, 247, 36, 100, 217, 56, 19, 2, 75, 174, 114, 11, 37, 180, 142, 8, 81, 114, 244, 178;
 254, 185, 63, 248, 173, 205, 81, 123, 155, 127, 148, 59, 14, 157, 66, 27, 165, 147, 221, 17, 58, 79, 50, 182, 219, 211, 88, 255, 162, 13, 150, 115;
 149, 3, 111, 237, 166, 66, 235, 48, 68, 76, 223, 166, 247, 110, 187, 96, 126, 77, 63, 239, 216, 152, 45, 47, 204, 169, 234, 192, 53, 171, 117, 241;
 135, 89, 134, 218, 246, 147, 30, 69, 158, 175, 80, 247, 36, 162, 167, 88, 194, 46, 23, 86, 52, 157, 8, 254, 38, 46, 186, 147, 152, 157, 83, 223;
 19, 105, 238, 149, 7, 146, 189, 39, 237, 197, 94, 135, 105, 174, 182, 230, 102, 247, 187, 197, 212, 153, 55, 236, 46, 126, 222, 131, 39, 148, 169, 92;
 40, 71, 140, 190, 120, 161, 172, 79, 170, 11, 248, 237, 188, 231, 41, 18, 200, 35, 199, 5, 98, 42, 74, 91, 116, 53, 58, 185, 88, 84, 235, 154;
 79, 88, 218, 213, 103, 52, 232, 210, 123, 123, 119, 86, 24, 186, 255, 250, 247, 77, 54, 142, 133, 212, 180, 226, 22, 127, 250, 132, 143, 245, 123, 149;
 43, 149, 228, 157, 213, 19, 172, 239, 95, 250, 84, 135, 72, 236, 118, 173, 217, 75, 147, 181, 244, 248, 95, 223, 44, 30, 223, 167, 223, 124, 217, 204;
 170, 49, 63, 242, 185, 255, 89, 86, 147, 121, 29, 56, 222, 255, 73, 191, 142, 19, 213, 56, 59, 81, 58, 148, 203, 217, 249, 247, 162, 204, 6, 243;
 61, 195, 104, 11, 244, 19, 239, 252, 86, 232, 92, 198, 81, 12, 179, 164, 124, 204, 22, 255, 207, 176, 109, 190, 108, 77, 175, 196, 127, 191, 120, 253;
 114, 95, 231, 188, 194, 132, 254, 246, 129, 74, 216, 231, 41, 175, 53, 66, 110, 243, 181, 197, 204, 139, 22, 235, 114, 100, 254, 136, 61, 244, 182, 219;
 7, 24, 189, 221, 45, 246, 185, 82, 204, 122, 149, 102, 156, 62, 181, 111, 204, 53, 31, 169, 135, 129, 114, 200, 7, 58, 250, 150, 156, 105, 81, 183;
 43, 116, 245, 94, 105, 245, 249, 87, 235, 91, 124, 92, 60, 190, 110, 190, 207, 59, 151, 8, 183, 42, 242, 209, 23, 125, 18, 170, 219, 212, 239, 253;
 76, 173, 167, 108, 224, 98, 111, 151, 32, 91, 78, 176, 145, 167, 208, 218, 97, 86, 253, 138, 17, 218, 161, 0, 119, 239, 238, 140, 170, 240, 183, 50;
 172, 41, 34, 124, 229, 150, 199, 105, 116, 134, 241, 20, 147, 248, 160, 196, 216, 232, 2, 199, 121, 170, 114, 42, 116, 238, 138, 8, 89, 101, 112, 96;
 149, 87, 213, 199, 38, 11, 71, 57, 117, 234, 223, 230, 83, 117, 132, 247, 54, 244, 60, 106, 233, 240, 109, 12, 162, 170, 101, 150, 47, 250, 208, 53;
 246, 215, 237, 15, 246, 234, 161, 135, 58, 53, 79, 243, 208, 87, 140, 227, 114, 94, 177, 49, 243, 208, 205, 5, 108, 33, 175, 213, 53, 48, 223, 243;
 139, 116, 56, 252, 61, 253, 185, 94, 239, 73, 252, 20, 190, 158, 55, 164, 172, 59, 214, 13, 167, 43, 50, 223, 179, 221, 58, 170, 218, 212, 107, 255;
 221, 153, 95, 47, 182, 18, 194, 252, 84, 97, 195, 198, 91, 40, 176, 224, 110, 214, 138, 245, 189, 187, 29, 63, 184, 103, 2, 68, 255, 155, 168, 28;
 47, 110, 224, 9, 109, 240, 232, 198, 207, 222, 220, 167, 136, 140, 215, 238, 207, 41, 151, 157, 135, 54, 230, 210, 6, 92, 154, 175, 223, 245, 122, 221;
 8, 235, 131, 52, 113, 136, 230, 230, 163, 196, 106, 97, 44, 163, 161, 148, 171, 239, 98, 205, 69, 187, 130, 111, 60, 246, 30, 3, 67, 52, 103, 204;
 204, 112, 187, 92, 9, 64, 157, 25, 184, 23, 132, 29, 152, 255, 77, 155, 197, 117, 233, 160, 185, 71, 242, 64, 209, 55, 218, 60, 142, 113, 167, 50;
 48, 68, 75, 72, 16, 195, 231, 69, 36, 71, 239, 133, 211, 197, 38, 68, 88, 40, 11, 62, 72, 167, 49, 14, 97, 174, 134, 8, 117, 242, 244, 242;
 14, 222, 38, 155, 245, 247, 190, 239, 31, 95, 93, 183, 236, 110, 191, 204, 253, 67, 147, 167, 114, 144, 43, 255, 38, 54, 222, 199, 150, 127, 189, 212;
 147, 29, 26, 186, 52, 167, 218, 115, 20, 72, 208, 118, 52, 218, 48, 97, 216, 163, 23, 163, 191, 173, 16, 223, 243, 173, 170, 192, 29, 72, 176, 147;
 63, 7, 67, 197, 198, 54, 110, 178, 100, 104, 222, 70, 81, 34, 149, 245, 118, 204, 22, 238, 221, 144, 117, 204, 54, 43, 224, 196, 47, 247, 250, 181;
 155, 78, 107, 252, 102, 131, 233, 82, 181, 74, 215, 246, 57, 143, 180, 33, 46, 185, 23, 141, 225, 189, 36, 207, 82, 75, 186, 128, 111, 140, 49, 233;
 41, 47, 161, 125, 105, 181, 204, 242, 85, 72, 216, 76, 178, 108, 25, 165, 220, 235, 22, 205, 255, 250, 119, 169, 133, 80, 248, 136, 90, 77, 58, 189;
 225, 218, 255, 240, 102, 6, 250, 244, 235, 246, 54, 71, 92, 137, 113, 115, 111, 196, 98, 251, 228, 127, 188, 208, 95, 26, 199, 68, 79, 176, 126, 152;
 28, 230, 43, 88, 48, 242, 75, 230, 180, 65, 206, 160, 209, 199, 184, 225, 92, 48, 204, 248, 43, 129, 100, 29, 250, 239, 174, 197, 178, 210, 38, 34;
 135, 89, 98, 154, 231, 149, 190, 97, 159, 78, 81, 183, 40, 206, 54, 64, 254, 171, 179, 135, 246, 159, 30, 251, 22, 60, 138, 203, 29, 46, 61, 215;
 155, 129, 70, 68, 139, 19, 206, 109, 213, 134, 231, 142, 107, 248, 182, 39, 186, 231, 122, 239, 252, 163, 62, 185, 178, 248, 197, 30, 127, 126, 168, 76;
 42, 201, 98, 154, 87, 148, 254, 197, 7, 69, 68, 135, 40, 207, 62, 196, 126, 171, 147, 213, 198, 138, 22, 245, 55, 124, 158, 203, 55, 150, 252, 222;
 54, 142, 98, 158, 87, 146, 254, 243, 241, 202, 222, 167, 104, 236, 191, 165, 126, 235, 151, 175, 236, 167, 36, 239, 50, 127, 142, 139, 39, 228, 122, 221;
 152, 31, 123, 99, 178, 98, 123, 28, 116, 204, 254, 228, 121, 15, 147, 113, 126, 159, 55, 248, 139, 184, 101, 108, 102, 233, 166, 129, 231, 211, 100, 249;
 11, 188, 251, 146, 119, 245, 184, 215, 175, 69, 92, 133, 172, 156, 118, 132, 135, 59, 147, 21, 135, 24, 50, 241, 47, 93, 30, 171, 150, 212, 175, 223;
 69, 62, 255, 81, 78, 188, 224, 146, 222, 255, 62, 254, 209, 204, 245, 107, 7, 100, 106, 28, 131, 117, 191, 98, 15, 45, 53, 240, 229, 233, 69, 117;
 88, 17, 250, 234, 242, 224, 59, 83, 62, 13, 127, 179, 29, 191, 42, 80, 118, 155, 151, 144, 18, 24, 0, 83, 247, 165, 42, 201, 176, 194, 173, 67;
 155, 223, 103, 131, 182, 147, 238, 245, 68, 72, 90, 230, 177, 8, 180, 229, 110, 170, 30, 207, 255, 184, 37, 255, 44, 40, 174, 192, 47, 143, 248, 29;
 50, 148, 192, 124, 217, 105, 212, 79, 63, 23, 169, 157, 43, 44, 36, 153, 169, 147, 195, 5, 58, 47, 27, 211, 177, 215, 90, 63, 89, 84, 239, 26;
 113, 7, 106, 36, 198, 31, 86, 61, 65, 166, 110, 138, 115, 248, 50, 113, 52, 239, 36, 103, 220, 179, 52, 45, 243, 233, 101, 1, 116, 250, 136, 74;
 17, 70, 202, 76, 180, 130, 239, 87, 52, 203, 126, 197, 211, 229, 190, 68, 121, 40, 7, 188, 74, 179, 33, 78, 112, 156, 166, 140, 217, 242, 225, 240;
 39, 76, 134, 171, 244, 130, 30, 69, 29, 107, 65, 101, 69, 114, 165, 80, 215, 36, 19, 52, 37, 149, 9, 158, 50, 254, 154, 194, 152, 146, 115, 133;
 41, 28, 180, 61, 109, 105, 192, 238, 69, 90, 248, 104, 254, 120, 57, 174, 201, 2, 82, 1, 175, 54, 87, 175, 4, 50, 80, 10, 218, 92, 122, 142;
 10, 141, 106, 221, 243, 146, 188, 39, 21, 3, 94, 179, 104, 63, 180, 69, 119, 179, 151, 141, 240, 152, 37, 239, 103, 127, 222, 131, 183, 196, 165, 10;
 120, 193, 98, 226, 124, 9, 192, 61, 77, 160, 179, 75, 115, 89, 124, 0, 250, 128, 55, 123, 216, 51, 11, 156, 126, 216, 165, 252, 119, 138, 208, 11;
 5, 57, 51, 187, 139, 199, 18, 83, 215, 64, 192, 1, 190, 150, 32, 40, 200, 187, 18, 215, 91, 158, 114, 114, 137, 212, 30, 74, 240, 1, 167, 230;
 162, 93, 98, 158, 117, 209, 254, 103, 149, 194, 248, 167, 40, 206, 55, 192, 238, 171, 147, 135, 229, 175, 20, 238, 50, 92, 142, 139, 29, 92, 120, 221;
 251, 144, 227, 186, 52, 217, 217, 24, 87, 89, 211, 63, 251, 220, 62, 105, 90, 137, 55, 149, 191, 50, 247, 133, 215, 121, 184, 216, 247, 142, 116, 119;
 42, 251, 34, 154, 125, 209, 154, 236, 155, 76, 85, 175, 44, 204, 190, 132, 222, 57, 151, 71, 194, 35, 10, 255, 50, 20, 136, 187, 87, 30, 95, 223;
 162, 13, 43, 137, 215, 195, 191, 228, 29, 4, 68, 18, 12, 29, 48, 69, 120, 27, 147, 227, 112, 191, 48, 222, 53, 16, 138, 7, 21, 24, 245, 234;
 57, 13, 3, 146, 237, 229, 195, 230, 197, 202, 248, 69, 42, 192, 247, 132, 201, 170, 22, 95, 221, 174, 70, 246, 200, 24, 1, 72, 90, 15, 112, 220;
 29, 86, 107, 108, 52, 99, 239, 92, 36, 192, 255, 96, 211, 213, 189, 96, 120, 152, 31, 186, 233, 176, 33, 78, 225, 172, 166, 4, 101, 211, 96, 105;
 156, 11, 127, 105, 151, 198, 127, 48, 100, 68, 246, 2, 123, 31, 19, 112, 58, 163, 55, 254, 216, 184, 53, 126, 111, 233, 34, 64, 119, 135, 100, 234;
 20, 87, 123, 67, 50, 226, 235, 22, 100, 204, 255, 226, 113, 23, 189, 96, 126, 156, 22, 250, 139, 176, 37, 94, 99, 173, 162, 128, 229, 211, 101, 121;
 171, 61, 181, 92, 89, 245, 177, 222, 203, 95, 188, 24, 188, 191, 37, 191, 205, 115, 211, 24, 179, 47, 114, 243, 39, 249, 18, 58, 211, 84, 103, 255;
 203, 49, 164, 35, 185, 124, 81, 142, 203, 125, 47, 29, 142, 188, 79, 238, 129, 71, 232, 21, 158, 73, 251, 128, 207, 249, 88, 119, 194, 77, 13, 94;
 194, 169, 218, 218, 207, 249, 180, 198, 158, 21, 76, 139, 165, 173, 99, 73, 3, 122, 171, 69, 6, 90, 162, 241, 87, 1, 88, 171, 148, 221, 29, 203;
 75, 84, 185, 124, 125, 245, 220, 95, 235, 91, 189, 12, 188, 191, 55, 188, 141, 51, 215, 0, 199, 43, 114, 217, 51, 221, 26, 186, 91, 84, 235, 255;
 11, 203, 192, 171, 115, 25, 190, 205, 15, 113, 88, 231, 173, 142, 246, 196, 38, 75, 151, 197, 215, 24, 15, 241, 172, 116, 158, 230, 63, 30, 137, 221;
 55, 112, 234, 97, 134, 111, 229, 216, 103, 250, 31, 10, 147, 28, 219, 44, 61, 152, 86, 187, 201, 240, 61, 0, 205, 136, 141, 228, 233, 123, 146, 228;
 4, 44, 187, 58, 176, 195, 43, 193, 246, 7, 193, 16, 180, 215, 33, 88, 200, 59, 3, 210, 90, 159, 42, 42, 233, 165, 190, 105, 144, 3, 167, 242;
 93, 141, 42, 182, 159, 253, 254, 33, 213, 69, 143, 11, 110, 232, 58, 0, 185, 99, 74, 47, 52, 43, 42, 191, 250, 71, 5, 89, 234, 239, 136, 86;
 162, 13, 98, 220, 213, 210, 252, 103, 85, 134, 248, 3, 40, 106, 55, 193, 248, 171, 147, 161, 236, 190, 0, 238, 54, 123, 158, 139, 21, 92, 252, 142;
 10, 195, 164, 141, 223, 18, 188, 175, 31, 245, 90, 135, 236, 238, 118, 196, 221, 93, 179, 213, 210, 88, 207, 217, 44, 54, 223, 175, 159, 60, 189, 95;
 138, 137, 18, 169, 87, 135, 178, 96, 28, 5, 81, 3, 172, 218, 32, 192, 248, 41, 130, 209, 18, 186, 16, 221, 13, 17, 138, 67, 21, 14, 61, 130;
 60, 108, 110, 173, 23, 218, 83, 123, 128, 196, 205, 3, 119, 85, 19, 16, 88, 32, 209, 47, 12, 131, 114, 45, 227, 103, 160, 209, 38, 158, 214, 226;
 20, 214, 119, 239, 114, 10, 59, 177, 40, 44, 123, 228, 221, 71, 168, 82, 54, 213, 117, 234, 193, 148, 9, 77, 228, 174, 107, 196, 52, 178, 39, 241;
 223, 53, 144, 179, 189, 125, 176, 143, 139, 253, 37, 25, 174, 190, 79, 255, 161, 7, 248, 16, 54, 65, 251, 128, 223, 217, 24, 127, 130, 77, 205, 79;
 231, 81, 235, 68, 110, 18, 143, 113, 200, 230, 150, 174, 80, 236, 247, 99, 126, 228, 55, 239, 205, 231, 164, 200, 50, 43, 239, 184, 45, 186, 120, 245;
 67, 191, 42, 50, 147, 149, 52, 227, 119, 85, 138, 189, 142, 220, 98, 192, 165, 171, 171, 149, 222, 11, 22, 119, 184, 84, 29, 111, 52, 4, 169, 87;
 17, 132, 83, 222, 85, 212, 105, 119, 197, 8, 223, 2, 57, 139, 180, 100, 104, 162, 31, 136, 75, 139, 34, 223, 147, 252, 154, 200, 55, 138, 112, 44;
 2, 76, 63, 220, 36, 227, 189, 102, 220, 66, 218, 2, 116, 124, 53, 105, 200, 115, 59, 225, 33, 171, 2, 237, 97, 58, 218, 2, 20, 121, 52, 170;
 0, 198, 49, 232, 60, 141, 73, 254, 198, 89, 176, 73, 147, 69, 184, 1, 205, 17, 87, 44, 170, 35, 104, 21, 225, 158, 33, 236, 80, 152, 192, 241;
 62, 52, 233, 225, 124, 99, 219, 216, 83, 253, 185, 163, 25, 93, 93, 40, 221, 217, 23, 243, 158, 114, 252, 144, 79, 221, 169, 253, 247, 239, 118, 243;
 24, 229, 166, 232, 17, 246, 41, 206, 36, 25, 206, 128, 137, 135, 168, 228, 125, 88, 138, 248, 10, 145, 0, 13, 249, 197, 142, 69, 162, 86, 167, 172;
 105, 241, 99, 205, 103, 94, 111, 177, 104, 66, 95, 198, 89, 21, 153, 244, 118, 84, 214, 111, 193, 180, 117, 143, 103, 109, 162, 132, 46, 182, 210, 181;
 61, 169, 238, 192, 214, 27, 234, 89, 204, 192, 255, 206, 19, 8, 182, 162, 122, 192, 22, 126, 255, 161, 37, 140, 126, 201, 161, 148, 45, 169, 216, 68;
 153, 74, 111, 253, 70, 130, 233, 114, 244, 226, 70, 198, 57, 143, 49, 107, 110, 165, 59, 175, 233, 157, 53, 220, 86, 235, 218, 0, 61, 176, 49, 248;
 67, 136, 174, 151, 108, 48, 184, 35, 30, 125, 90, 51, 228, 58, 250, 195, 203, 7, 191, 149, 52, 90, 67, 229, 12, 54, 250, 199, 140, 12, 49, 237;
 7, 122, 6, 218, 244, 147, 78, 85, 30, 171, 65, 229, 197, 162, 181, 80, 209, 44, 19, 12, 165, 149, 8, 158, 98, 126, 171, 144, 152, 182, 91, 157;
 166, 82, 112, 203, 101, 151, 186, 104, 93, 106, 113, 103, 136, 28, 55, 132, 254, 25, 147, 119, 166, 180, 24, 222, 5, 94, 138, 162, 95, 31, 121, 151;
 39, 225, 166, 141, 93, 149, 160, 104, 206, 240, 28, 7, 96, 200, 255, 166, 216, 8, 178, 117, 199, 35, 63, 217, 12, 24, 139, 111, 93, 46, 121, 212;
 2, 183, 18, 154, 246, 233, 177, 99, 158, 95, 89, 247, 172, 254, 110, 73, 231, 59, 131, 17, 54, 88, 154, 245, 12, 18, 26, 235, 28, 76, 149, 215;
 23, 139, 98, 201, 212, 145, 238, 247, 93, 64, 94, 198, 41, 232, 181, 100, 126, 138, 23, 221, 211, 184, 36, 253, 62, 12, 174, 192, 255, 158, 241, 156;
 147, 136, 207, 252, 38, 224, 233, 214, 148, 81, 210, 242, 49, 170, 176, 107, 110, 163, 63, 137, 171, 141, 38, 97, 208, 169, 250, 136, 189, 208, 33, 168;
 58, 38, 228, 213, 77, 22, 88, 123, 17, 198, 228, 135, 11, 15, 87, 253, 125, 172, 181, 188, 236, 222, 247, 206, 27, 218, 215, 15, 39, 164, 126, 220;
 22, 18, 210, 152, 210, 242, 184, 70, 30, 131, 83, 179, 12, 158, 232, 204, 247, 61, 179, 145, 22, 213, 132, 194, 24, 38, 154, 199, 164, 196, 45, 151;
 202, 183, 62, 176, 191, 241, 145, 202, 171, 125, 148, 187, 142, 159, 71, 11, 143, 19, 221, 17, 62, 79, 162, 209, 219, 209, 58, 255, 134, 13, 45, 91;
 168, 13, 24, 187, 203, 165, 145, 246, 149, 76, 248, 17, 172, 155, 35, 137, 204, 107, 3, 213, 82, 47, 210, 119, 205, 243, 86, 122, 243, 69, 171, 202;
 155, 89, 39, 133, 62, 135, 185, 117, 141, 200, 146, 199, 248, 28, 54, 167, 174, 33, 223, 231, 229, 137, 53, 205, 161, 26, 202, 146, 15, 132, 49, 253;
 57, 69, 99, 43, 177, 242, 107, 198, 102, 69, 234, 0, 121, 19, 57, 240, 120, 14, 38, 252, 15, 154, 113, 93, 227, 237, 166, 4, 242, 210, 100, 232;
 74, 175, 210, 218, 223, 249, 180, 198, 158, 29, 92, 187, 172, 164, 109, 140, 35, 90, 235, 64, 6, 90, 166, 241, 55, 1, 116, 171, 150, 93, 157, 47;
 135, 218, 235, 197, 224, 82, 239, 177, 58, 111, 87, 242, 153, 158, 188, 44, 127, 157, 55, 139, 219, 156, 173, 211, 36, 174, 190, 196, 37, 128, 167, 245;
 43, 228, 1, 171, 217, 201, 60, 239, 34, 87, 201, 153, 165, 199, 74, 128, 15, 11, 83, 132, 70, 14, 206, 23, 236, 20, 154, 253, 4, 4, 135, 202;
 2, 119, 169, 207, 118, 54, 187, 222, 10, 77, 92, 231, 189, 109, 159, 36, 126, 91, 151, 253, 131, 176, 112, 239, 229, 45, 186, 140, 156, 211, 55, 249;
 43, 233, 98, 142, 69, 145, 170, 224, 66, 36, 80, 6, 41, 200, 118, 132, 88, 104, 147, 203, 198, 54, 254, 191, 32, 77, 139, 237, 87, 63, 122, 132;
 155, 15, 102, 188, 197, 178, 236, 119, 213, 66, 214, 214, 41, 169, 179, 205, 104, 162, 23, 175, 252, 253, 36, 206, 178, 235, 246, 129, 191, 220, 248, 204;
 3, 244, 233, 207, 114, 234, 175, 95, 26, 65, 93, 198, 249, 78, 156, 36, 127, 25, 23, 157, 195, 148, 189, 207, 100, 173, 174, 128, 157, 210, 147, 252;
 130, 36, 26, 188, 122, 233, 177, 103, 156, 15, 113, 57, 180, 155, 32, 9, 142, 59, 195, 1, 54, 254, 194, 71, 69, 22, 58, 235, 81, 8, 7, 139;
 139, 61, 145, 191, 203, 229, 144, 214, 243, 73, 224, 85, 172, 186, 33, 157, 200, 107, 166, 213, 63, 122, 210, 115, 133, 114, 90, 42, 218, 85, 171, 159;
 39, 62, 70, 138, 246, 147, 186, 69, 28, 43, 89, 231, 65, 106, 165, 64, 91, 36, 23, 52, 181, 151, 13, 158, 54, 46, 186, 195, 157, 150, 251, 157;
 179, 96, 104, 205, 108, 18, 207, 105, 65, 230, 253, 130, 97, 8, 158, 34, 122, 228, 16, 239, 204, 150, 229, 142, 54, 108, 143, 1, 39, 187, 254, 196;
 11, 200, 98, 142, 87, 151, 186, 230, 31, 65, 88, 131, 44, 174, 62, 132, 255, 79, 147, 197, 150, 154, 28, 247, 63, 60, 154, 234, 23, 23, 187, 222;
 59, 75, 106, 254, 14, 144, 223, 240, 133, 64, 212, 231, 57, 206, 183, 100, 110, 226, 151, 207, 205, 11, 38, 189, 114, 105, 170, 136, 63, 191, 112, 253;
 31, 217, 106, 186, 22, 212, 123, 208, 133, 69, 215, 135, 121, 207, 58, 96, 110, 193, 31, 207, 155, 135, 62, 229, 242, 233, 170, 200, 63, 135, 176, 80;
 61, 195, 65, 175, 44, 1, 206, 248, 68, 56, 177, 74, 83, 201, 185, 129, 94, 192, 31, 239, 201, 35, 75, 181, 240, 201, 235, 188, 53, 187, 112, 161;
 181, 141, 104, 232, 84, 195, 203, 120, 80, 100, 253, 2, 81, 73, 188, 96, 88, 188, 23, 234, 248, 178, 108, 158, 127, 168, 163, 236, 117, 171, 116, 162;
 43, 145, 164, 141, 253, 19, 188, 111, 95, 229, 92, 39, 232, 236, 118, 132, 221, 77, 179, 165, 212, 248, 103, 221, 46, 22, 223, 167, 215, 44, 217, 223;
 197, 82, 83, 239, 98, 98, 107, 188, 45, 72, 123, 228, 221, 103, 137, 84, 54, 213, 95, 238, 129, 144, 45, 78, 180, 172, 163, 132, 44, 179, 35, 241;
 128, 57, 19, 184, 53, 205, 177, 67, 174, 9, 80, 0, 188, 147, 96, 65, 166, 59, 10, 81, 18, 41, 18, 249, 201, 209, 10, 106, 16, 8, 37, 139;
 43, 176, 187, 249, 213, 239, 241, 71, 31, 107, 100, 16, 154, 188, 116, 104, 201, 31, 19, 17, 19, 190, 240, 194, 79, 255, 154, 68, 128, 72, 212, 242;
 35, 159, 107, 200, 214, 131, 174, 247, 84, 65, 90, 230, 17, 172, 180, 64, 126, 170, 19, 189, 209, 187, 4, 190, 112, 44, 174, 192, 189, 154, 240, 153;
 0, 143, 10, 185, 146, 164, 184, 99, 60, 15, 74, 149, 180, 138, 34, 192, 237, 43, 147, 149, 55, 152, 16, 119, 196, 167, 58, 65, 24, 0, 173, 155;
 40, 140, 83, 202, 117, 240, 202, 119, 69, 9, 89, 66, 40, 218, 180, 228, 200, 170, 22, 136, 11, 186, 34, 255, 55, 60, 154, 74, 22, 138, 240, 172;
 55, 192, 229, 150, 156, 7, 207, 252, 206, 250, 146, 70, 241, 108, 189, 39, 89, 96, 55, 255, 233, 229, 61, 172, 41, 10, 239, 144, 21, 191, 112, 232;
 163, 220, 21, 31, 89, 253, 164, 239, 223, 91, 124, 92, 164, 188, 49, 181, 205, 26, 194, 9, 167, 62, 90, 183, 39, 118, 80, 42, 90, 92, 138, 142;
 182, 80, 114, 140, 79, 87, 216, 64, 141, 134, 241, 3, 14, 156, 63, 205, 238, 145, 151, 227, 76, 167, 18, 192, 145, 242, 218, 139, 23, 29, 124, 223;
 2, 197, 56, 252, 121, 249, 144, 111, 159, 21, 124, 25, 174, 191, 38, 16, 202, 59, 151, 0, 54, 43, 114, 213, 247, 221, 26, 43, 210, 68, 239, 203;
 37, 93, 230, 46, 180, 78, 207, 182, 121, 192, 126, 76, 243, 121, 151, 54, 26, 230, 117, 239, 233, 250, 212, 40, 232, 126, 132, 0, 79, 247, 82, 56;
 26, 95, 242, 159, 215, 176, 190, 215, 30, 1, 94, 231, 45, 186, 179, 196, 103, 123, 147, 145, 134, 152, 4, 235, 126, 36, 158, 131, 191, 222, 189, 159;
 7, 113, 172, 132, 206, 65, 189, 237, 10, 244, 88, 135, 144, 236, 127, 43, 232, 75, 51, 231, 196, 82, 254, 224, 60, 0, 239, 174, 21, 127, 181, 222;
 157, 79, 110, 222, 102, 146, 255, 112, 212, 70, 85, 199, 121, 205, 179, 77, 126, 96, 151, 238, 228, 165, 46, 238, 98, 107, 226, 128, 127, 191, 117, 241;
 130, 167, 8, 153, 168, 161, 140, 238, 30, 31, 200, 177, 164, 166, 170, 12, 201, 11, 19, 69, 50, 10, 66, 119, 164, 20, 30, 187, 144, 84, 143, 236;
 120, 137, 17, 238, 29, 221, 83, 234, 143, 5, 188, 10, 174, 125, 32, 36, 200, 146, 143, 66, 10, 43, 122, 189, 251, 215, 1, 59, 82, 15, 84, 106;
 47, 207, 99, 136, 214, 147, 143, 253, 6, 192, 92, 198, 113, 196, 179, 100, 94, 232, 19, 255, 213, 154, 100, 190, 120, 12, 175, 228, 63, 190, 176, 252;
 7, 129, 4, 155, 223, 167, 168, 73, 15, 81, 75, 6, 220, 90, 60, 236, 121, 3, 27, 189, 23, 144, 91, 213, 13, 30, 154, 70, 153, 15, 185, 150;
 114, 73, 210, 228, 85, 95, 238, 23, 41, 225, 190, 10, 47, 9, 20, 180, 42, 173, 196, 72, 89, 186, 240, 200, 183, 252, 128, 49, 111, 174, 218, 188;
 34, 78, 99, 220, 84, 134, 175, 103, 93, 14, 120, 3, 32, 40, 52, 65, 232, 235, 19, 227, 228, 186, 64, 239, 53, 62, 222, 138, 85, 88, 244, 142;
 177, 128, 109, 233, 12, 5, 201, 95, 86, 51, 144, 150, 49, 9, 56, 41, 89, 138, 19, 141, 187, 46, 119, 19, 217, 139, 250, 124, 189, 136, 240, 184;
 56, 206, 74, 73, 21, 226, 70, 199, 100, 5, 238, 128, 3, 33, 50, 84, 89, 168, 130, 56, 10, 186, 68, 47, 122, 229, 166, 1, 243, 210, 252, 42;
 80, 190, 250, 52, 34, 136, 176, 103, 190, 47, 98, 241, 12, 174, 102, 88, 167, 63, 238, 1, 84, 221, 167, 67, 210, 167, 58, 195, 97, 64, 143, 67;
 215, 202, 207, 190, 12, 6, 78, 184, 134, 88, 144, 198, 241, 110, 241, 107, 111, 197, 61, 255, 169, 71, 46, 224, 184, 43, 239, 204, 189, 179, 48, 113;
 113, 223, 243, 77, 48, 86, 71, 190, 93, 72, 110, 100, 115, 242, 167, 116, 210, 110, 60, 72, 205, 153, 55, 47, 98, 190, 52, 130, 58, 250, 96, 13;
 98, 48, 228, 208, 239, 116, 184, 2, 11, 219, 16, 255, 140, 62, 87, 174, 205, 19, 183, 145, 148, 78, 242, 192, 23, 30, 218, 139, 207, 68, 63, 215;
 206, 12, 190, 214, 143, 244, 187, 0, 172, 150, 151, 18, 204, 250, 119, 110, 231, 117, 187, 131, 48, 197, 187, 226, 219, 55, 203, 131, 134, 97, 37, 38;
 43, 180, 253, 89, 109, 253, 253, 91, 235, 123, 60, 28, 188, 190, 246, 63, 143, 59, 215, 9, 151, 110, 242, 209, 71, 89, 114, 234, 218, 68, 203, 247;
 42, 237, 98, 138, 213, 151, 190, 206, 31, 1, 88, 131, 104, 206, 61, 196, 251, 203, 147, 215, 198, 154, 24, 245, 63, 92, 142, 235, 23, 95, 249, 206;
 123, 31, 106, 76, 117, 22, 207, 52, 113, 204, 222, 134, 105, 46, 183, 116, 126, 230, 149, 239, 205, 154, 52, 236, 114, 111, 170, 129, 47, 183, 120, 125;
 38, 240, 114, 202, 215, 245, 186, 204, 95, 69, 125, 43, 8, 220, 127, 164, 255, 153, 147, 243, 150, 35, 186, 243, 59, 93, 143, 239, 215, 31, 253, 215;
 147, 223, 103, 221, 54, 146, 239, 245, 212, 72, 82, 230, 113, 76, 180, 229, 110, 160, 54, 239, 233, 188, 36, 255, 52, 42, 174, 192, 109, 186, 112, 125;
 138, 244, 185, 248, 57, 245, 145, 206, 251, 127, 180, 56, 188, 190, 110, 63, 207, 27, 215, 16, 167, 43, 242, 243, 211, 217, 90, 187, 210, 84, 167, 255;
 60, 93, 115, 105, 48, 230, 107, 52, 37, 68, 255, 162, 219, 23, 177, 116, 126, 188, 23, 250, 201, 176, 117, 142, 103, 237, 162, 132, 103, 210, 100, 113;
 57, 219, 107, 237, 180, 196, 95, 241, 37, 76, 246, 197, 251, 31, 51, 113, 220, 241, 149, 254, 217, 155, 113, 253, 243, 249, 162, 192, 122, 131, 228, 123;
 111, 18, 177, 92, 203, 54, 169, 31, 121, 203, 78, 84, 152, 50, 149, 254, 85, 118, 250, 140, 145, 218, 247, 194, 13, 62, 218, 194, 138, 100, 35, 181;
 63, 77, 105, 198, 94, 17, 207, 248, 70, 226, 157, 195, 113, 236, 255, 160, 122, 232, 23, 255, 207, 35, 108, 186, 122, 73, 175, 184, 127, 255, 88, 252;
 219, 129, 107, 238, 70, 16, 77, 61, 101, 82, 215, 18, 91, 11, 184, 243, 114, 129, 63, 174, 217, 7, 47, 197, 146, 235, 210, 204, 63, 138, 240, 32;
 27, 229, 107, 205, 52, 230, 239, 215, 12, 69, 93, 130, 89, 127, 186, 32, 58, 122, 19, 238, 163, 144, 56, 223, 119, 173, 142, 132, 181, 218, 245, 248;
 40, 255, 67, 54, 115, 208, 182, 103, 42, 4, 122, 229, 173, 226, 39, 144, 250, 42, 134, 128, 71, 186, 128, 111, 50, 245, 50, 139, 107, 214, 111, 221;
 26, 131, 99, 106, 49, 211, 75, 252, 53, 4, 198, 161, 107, 39, 185, 245, 112, 210, 141, 234, 104, 145, 41, 191, 251, 231, 138, 197, 51, 151, 116, 104;
 134, 70, 46, 191, 230, 55, 190, 239, 93, 190, 85, 179, 204, 104, 63, 9, 255, 91, 151, 167, 228, 244, 13, 254, 102, 91, 223, 131, 87, 253, 217, 135;
 137, 241, 57, 248, 61, 253, 153, 95, 255, 77, 116, 20, 190, 158, 54, 41, 206, 27, 151, 1, 167, 42, 114, 211, 227, 221, 58, 171, 218, 84, 231, 255;
 7, 177, 247, 211, 247, 246, 184, 205, 235, 81, 121, 82, 204, 254, 252, 239, 166, 91, 146, 216, 183, 216, 62, 224, 47, 88, 15, 230, 159, 71, 171, 181;
 130, 147, 14, 155, 157, 194, 188, 101, 140, 25, 210, 227, 173, 78, 44, 195, 200, 51, 159, 240, 118, 201, 67, 141, 169, 209, 254, 147, 20, 8, 189, 143;
 6, 253, 147, 155, 155, 213, 182, 67, 207, 73, 89, 100, 172, 214, 160, 228, 201, 59, 150, 147, 95, 153, 58, 249, 171, 86, 142, 195, 146, 70, 175, 247;
 184, 85, 99, 107, 21, 246, 107, 180, 101, 68, 238, 2, 123, 31, 57, 240, 120, 182, 147, 248, 201, 186, 113, 157, 127, 233, 130, 0, 115, 150, 100, 122;
 137, 212, 189, 248, 61, 253, 217, 95, 255, 93, 124, 20, 191, 62, 6, 43, 143, 27, 215, 1, 167, 42, 114, 213, 231, 249, 122, 171, 208, 80, 231, 251;
 168, 21, 90, 191, 211, 185, 114, 102, 84, 0, 120, 30, 61, 226, 33, 192, 250, 187, 130, 80, 50, 186, 82, 63, 117, 231, 52, 41, 184, 88, 4, 184;
 14, 49, 154, 161, 211, 230, 185, 71, 30, 133, 78, 131, 140, 175, 99, 72, 247, 63, 147, 145, 22, 152, 16, 194, 77, 53, 158, 199, 128, 69, 165, 210;
 33, 203, 53, 200, 124, 15, 79, 223, 143, 57, 180, 72, 146, 7, 180, 175, 205, 16, 95, 78, 195, 42, 123, 245, 37, 152, 97, 188, 82, 155, 192, 169;
 3, 110, 226, 129, 125, 240, 184, 70, 207, 237, 88, 167, 168, 140, 247, 174, 206, 41, 147, 149, 134, 56, 228, 200, 38, 92, 158, 163, 151, 92, 117, 220;
 61, 105, 98, 78, 89, 149, 111, 240, 245, 64, 253, 0, 123, 216, 55, 180, 248, 232, 22, 206, 205, 178, 62, 125, 51, 220, 131, 8, 121, 187, 106, 132;
 23, 76, 246, 215, 198, 50, 238, 198, 125, 82, 86, 2, 109, 106, 183, 239, 103, 227, 55, 143, 229, 209, 47, 232, 54, 46, 222, 128, 191, 245, 41, 140;
 163, 153, 147, 93, 65, 237, 129, 239, 87, 8, 120, 48, 180, 188, 33, 236, 216, 58, 18, 0, 19, 58, 114, 19, 5, 176, 90, 10, 208, 72, 2, 191;
 56, 23, 123, 103, 182, 86, 123, 180, 37, 76, 254, 230, 123, 31, 155, 116, 126, 150, 151, 234, 217, 184, 117, 204, 230, 249, 162, 128, 111, 150, 100, 121;
 62, 90, 109, 169, 124, 219, 217, 16, 79, 125, 118, 239, 159, 29, 247, 105, 238, 136, 151, 87, 139, 54, 101, 240, 214, 89, 33, 228, 255, 141, 84, 117;
 18, 173, 106, 129, 145, 164, 186, 167, 30, 69, 74, 151, 137, 46, 118, 64, 103, 139, 147, 149, 23, 152, 21, 247, 45, 4, 158, 192, 173, 132, 189, 220;
 131, 217, 110, 220, 44, 208, 205, 37, 204, 220, 214, 34, 184, 94, 182, 99, 72, 163, 63, 249, 237, 9, 103, 252, 187, 59, 238, 153, 20, 140, 61, 76;
 119, 65, 107, 238, 126, 2, 207, 120, 128, 192, 215, 194, 113, 79, 185, 98, 126, 212, 21, 239, 200, 131, 141, 172, 240, 169, 170, 152, 37, 187, 114, 241;
 57, 206, 75, 77, 52, 210, 199, 119, 36, 205, 254, 228, 19, 229, 182, 228, 88, 40, 23, 44, 233, 186, 100, 46, 122, 45, 166, 128, 223, 246, 248, 249;
 161, 185, 169, 248, 252, 141, 201, 223, 158, 29, 80, 84, 176, 200, 244, 0, 200, 42, 23, 29, 211, 46, 114, 179, 44, 25, 190, 248, 156, 8, 208, 249;
 6, 129, 164, 157, 245, 211, 188, 239, 31, 87, 92, 131, 204, 238, 62, 196, 223, 107, 179, 181, 150, 184, 107, 221, 47, 54, 207, 135, 151, 124, 189, 215;
 40, 158, 202, 72, 180, 151, 134, 83, 38, 73, 254, 225, 178, 149, 166, 228, 93, 56, 151, 8, 218, 171, 65, 63, 114, 13, 182, 137, 255, 164, 252, 187;
 12, 249, 55, 122, 155, 193, 7, 67, 207, 128, 75, 32, 180, 215, 32, 244, 200, 187, 147, 147, 75, 153, 114, 127, 237, 20, 142, 66, 48, 18, 164, 178;
 211, 225, 43, 156, 22, 212, 187, 103, 172, 69, 210, 131, 44, 142, 54, 96, 230, 163, 59, 197, 214, 141, 182, 231, 243, 45, 138, 201, 5, 4, 181, 94;
 107, 207, 102, 77, 182, 146, 174, 167, 141, 73, 94, 227, 232, 172, 150, 228, 78, 70, 183, 237, 197, 184, 69, 221, 46, 62, 191, 197, 79, 180, 248, 157;
 179, 25, 163, 92, 145, 223, 199, 111, 21, 74, 80, 2, 178, 180, 176, 228, 88, 186, 146, 73, 91, 174, 114, 47, 181, 166, 158, 10, 115, 12, 180, 124;
 30, 128, 110, 218, 63, 208, 219, 104, 205, 21, 213, 18, 105, 202, 190, 101, 250, 145, 159, 235, 158, 163, 46, 213, 82, 121, 138, 143, 55, 143, 244, 230;
 161, 163, 72, 153, 236, 15, 204, 191, 91, 113, 52, 252, 145, 9, 218, 29, 95, 132, 90, 61, 247, 126, 77, 84, 6, 27, 241, 244, 92, 136, 218, 136;
 6, 176, 98, 144, 243, 241, 56, 194, 47, 117, 77, 187, 12, 158, 110, 156, 167, 155, 147, 145, 22, 26, 32, 212, 30, 86, 154, 231, 149, 5, 37, 215;
 162, 194, 136, 217, 252, 145, 136, 215, 150, 25, 80, 210, 161, 142, 244, 96, 205, 58, 19, 217, 242, 14, 66, 183, 44, 17, 190, 232, 148, 136, 180, 136;
 4, 157, 51, 187, 155, 197, 23, 115, 207, 76, 220, 37, 174, 247, 34, 4, 200, 59, 79, 131, 94, 137, 114, 253, 239, 84, 30, 195, 50, 71, 132, 223;
 27, 9, 251, 229, 134, 162, 249, 67, 45, 193, 95, 178, 29, 175, 177, 104, 118, 191, 55, 141, 144, 145, 36, 194, 214, 239, 186, 128, 167, 227, 33, 225;
 67, 121, 115, 196, 69, 165, 235, 230, 122, 224, 46, 7, 56, 137, 117, 36, 123, 108, 51, 207, 129, 51, 152, 248, 95, 30, 19, 44, 79, 179, 99, 248;
 126, 129, 110, 232, 86, 82, 91, 249, 5, 5, 215, 2, 89, 103, 184, 116, 114, 144, 63, 234, 120, 131, 57, 205, 251, 235, 226, 204, 55, 139, 244, 32;
 49, 64, 234, 68, 70, 6, 253, 85, 192, 230, 214, 138, 17, 172, 247, 34, 126, 252, 19, 173, 197, 183, 164, 138, 114, 45, 175, 168, 101, 184, 112, 248;
 11, 16, 108, 169, 42, 133, 57, 24, 166, 217, 86, 231, 221, 223, 250, 72, 118, 17, 255, 149, 151, 0, 119, 213, 206, 65, 107, 204, 190, 132, 37, 211;
 10, 26, 125, 245, 108, 173, 185, 86, 140, 26, 52, 224, 188, 63, 165, 43, 134, 59, 215, 1, 129, 136, 99, 249, 70, 219, 122, 162, 20, 217, 5, 185;
 34, 240, 234, 145, 117, 207, 249, 71, 91, 237, 84, 43, 60, 28, 246, 1, 186, 169, 23, 149, 226, 254, 32, 221, 93, 27, 158, 227, 5, 12, 87, 251;
 67, 181, 169, 129, 180, 126, 169, 159, 106, 121, 30, 116, 148, 52, 222, 110, 167, 70, 60, 61, 147, 88, 165, 192, 141, 30, 191, 246, 140, 72, 145, 125;
 44, 120, 233, 227, 116, 71, 223, 208, 66, 232, 117, 38, 155, 29, 209, 40, 94, 252, 23, 251, 137, 182, 252, 136, 111, 205, 167, 164, 247, 187, 86, 243;
 51, 16, 17, 140, 79, 101, 128, 74, 206, 192, 136, 78, 52, 152, 101, 98, 232, 41, 91, 1, 1, 35, 211, 216, 17, 8, 139, 58, 25, 42, 113, 158;
 51, 93, 107, 190, 246, 192, 191, 102, 156, 66, 248, 231, 49, 238, 53, 65, 110, 123, 23, 195, 229, 171, 22, 239, 48, 46, 190, 136, 61, 90, 241, 219;
 3, 149, 99, 91, 214, 153, 175, 215, 92, 77, 90, 246, 185, 76, 190, 32, 252, 58, 23, 87, 246, 184, 116, 255, 39, 76, 186, 192, 117, 156, 245, 237;
 2, 17, 29, 217, 239, 237, 185, 67, 142, 91, 88, 50, 188, 63, 36, 75, 167, 59, 179, 17, 19, 24, 18, 209, 5, 58, 122, 162, 156, 72, 133, 187;
 90, 11, 70, 189, 178, 162, 60, 55, 188, 15, 90, 231, 45, 167, 178, 196, 102, 35, 175, 133, 148, 153, 4, 221, 148, 102, 250, 192, 62, 196, 185, 89;
 97, 221, 231, 79, 212, 14, 239, 190, 96, 193, 106, 68, 115, 113, 25, 50, 92, 230, 48, 109, 195, 184, 151, 45, 37, 46, 164, 0, 125, 242, 82, 56;
 92, 129, 77, 239, 140, 6, 79, 185, 5, 0, 155, 2, 215, 99, 56, 67, 80, 213, 29, 234, 88, 131, 89, 141, 241, 225, 238, 212, 54, 170, 176, 32;
 53, 20, 71, 234, 140, 102, 79, 152, 197, 26, 223, 66, 81, 247, 185, 237, 89, 128, 63, 186, 9, 5, 91, 144, 147, 239, 227, 148, 183, 251, 112, 33;
 74, 210, 12, 188, 44, 196, 88, 45, 132, 28, 146, 101, 239, 70, 40, 66, 204, 19, 191, 128, 77, 13, 67, 149, 192, 243, 250, 153, 24, 8, 61, 27;
 23, 100, 97, 201, 118, 103, 235, 222, 20, 72, 208, 194, 17, 87, 185, 45, 126, 200, 23, 255, 171, 3, 49, 223, 49, 12, 171, 236, 181, 177, 50, 161;
 3, 176, 242, 92, 125, 148, 176, 71, 203, 93, 124, 38, 172, 156, 246, 38, 206, 59, 151, 1, 134, 43, 178, 193, 7, 28, 18, 171, 95, 12, 115, 255;
 23, 203, 99, 65, 86, 131, 235, 244, 212, 168, 118, 226, 16, 133, 180, 36, 126, 232, 22, 254, 193, 185, 36, 238, 60, 12, 167, 192, 103, 153, 116, 237;
 65, 149, 163, 76, 16, 148, 111, 191, 78, 65, 104, 196, 176, 242, 188, 228, 86, 46, 58, 12, 215, 136, 246, 93, 110, 60, 2, 8, 88, 138, 225, 252;
 11, 167, 3, 14, 49, 144, 46, 103, 47, 73, 120, 229, 175, 226, 188, 212, 222, 43, 134, 133, 207, 154, 4, 253, 160, 116, 34, 138, 90, 70, 171, 221;
 82, 170, 179, 60, 66, 224, 185, 71, 191, 13, 122, 169, 47, 175, 96, 88, 38, 187, 167, 145, 18, 155, 130, 65, 153, 244, 58, 203, 193, 128, 167, 235;
 2, 161, 169, 133, 204, 69, 175, 237, 72, 224, 88, 195, 144, 188, 117, 34, 248, 111, 51, 231, 208, 58, 214, 192, 125, 0, 239, 172, 21, 122, 177, 232;
 3, 242, 62, 129, 38, 143, 184, 117, 205, 248, 18, 71, 156, 12, 52, 139, 166, 1, 95, 125, 208, 233, 18, 212, 141, 26, 123, 214, 76, 12, 153, 129;
 145, 29, 27, 173, 116, 2, 175, 115, 84, 130, 90, 70, 181, 227, 33, 65, 122, 41, 2, 239, 97, 144, 16, 14, 228, 161, 170, 0, 60, 248, 49, 168;
 23, 17, 104, 169, 18, 7, 219, 121, 4, 104, 213, 231, 81, 15, 179, 64, 126, 153, 23, 253, 221, 146, 117, 28, 240, 201, 171, 196, 61, 162, 49, 81;
 19, 91, 21, 169, 30, 167, 152, 94, 14, 25, 218, 70, 132, 154, 33, 64, 236, 13, 63, 149, 130, 137, 83, 213, 133, 176, 138, 214, 148, 8, 49, 11;
 27, 7, 250, 224, 150, 162, 233, 71, 173, 5, 78, 130, 13, 171, 48, 64, 126, 191, 27, 157, 24, 153, 4, 202, 248, 237, 142, 64, 165, 192, 177, 0;
 78, 24, 186, 212, 45, 244, 184, 2, 139, 142, 150, 2, 172, 250, 117, 110, 225, 245, 251, 145, 0, 71, 146, 232, 211, 119, 219, 139, 134, 97, 61, 38;
 6, 223, 106, 219, 150, 139, 238, 244, 92, 1, 92, 198, 169, 72, 190, 32, 126, 155, 23, 251, 242, 184, 28, 255, 110, 15, 190, 192, 125, 154, 249, 140;
 135, 177, 127, 211, 223, 214, 174, 205, 238, 209, 113, 66, 216, 254, 125, 235, 238, 91, 146, 243, 151, 208, 62, 228, 47, 25, 207, 70, 157, 19, 233, 180;
 26, 76, 226, 200, 151, 160, 238, 231, 164, 7, 218, 131, 9, 169, 62, 132, 107, 227, 19, 141, 16, 187, 4, 231, 48, 110, 158, 1, 231, 87, 189, 138;
 170, 214, 4, 221, 45, 217, 168, 47, 141, 90, 150, 54, 168, 30, 182, 231, 200, 18, 251, 129, 103, 237, 83, 207, 6, 18, 218, 147, 30, 12, 92, 31;
 127, 89, 99, 206, 183, 214, 79, 48, 85, 200, 223, 162, 107, 92, 183, 228, 126, 228, 149, 239, 205, 131, 53, 172, 51, 125, 142, 129, 47, 191, 120, 125;
 183, 221, 103, 148, 220, 133, 207, 253, 150, 216, 152, 199, 113, 236, 254, 98, 125, 234, 55, 239, 219, 107, 62, 181, 120, 10, 239, 252, 61, 190, 240, 241;
 35, 156, 18, 219, 61, 165, 178, 114, 158, 8, 88, 102, 180, 217, 32, 192, 201, 58, 23, 21, 163, 173, 26, 191, 129, 30, 186, 226, 24, 8, 113, 139;
 183, 221, 107, 234, 156, 197, 207, 220, 197, 88, 220, 38, 81, 221, 187, 96, 121, 202, 23, 251, 203, 35, 62, 191, 243, 233, 174, 140, 61, 219, 112, 123;
 10, 29, 66, 159, 215, 144, 186, 103, 15, 65, 94, 167, 44, 234, 54, 196, 118, 187, 147, 149, 70, 152, 20, 237, 62, 100, 142, 131, 191, 134, 185, 156;
 18, 191, 74, 161, 146, 192, 189, 247, 63, 117, 10, 247, 45, 15, 106, 64, 231, 155, 155, 145, 210, 152, 17, 247, 253, 7, 158, 199, 165, 196, 165, 217;
 43, 237, 99, 141, 84, 131, 235, 118, 84, 196, 88, 199, 177, 140, 182, 36, 126, 168, 18, 237, 197, 186, 36, 255, 36, 12, 170, 128, 125, 140, 112, 252;
 87, 74, 143, 254, 44, 4, 203, 184, 134, 218, 147, 198, 113, 238, 249, 106, 93, 192, 63, 255, 201, 71, 254, 232, 216, 170, 239, 136, 188, 251, 48, 56;
 13, 70, 140, 191, 236, 38, 190, 190, 28, 30, 91, 119, 213, 106, 59, 75, 247, 67, 63, 231, 244, 212, 11, 160, 236, 163, 255, 196, 156, 121, 185, 3;
 60, 29, 57, 225, 52, 103, 219, 216, 70, 233, 159, 34, 211, 57, 57, 96, 90, 84, 23, 123, 154, 177, 105, 188, 233, 205, 171, 245, 245, 139, 93, 3;
 63, 70, 110, 172, 39, 18, 94, 216, 69, 70, 252, 167, 73, 205, 191, 205, 126, 225, 151, 239, 236, 183, 36, 206, 114, 239, 226, 133, 127, 255, 124, 85;
 6, 206, 172, 183, 174, 39, 190, 173, 222, 154, 27, 247, 212, 120, 59, 75, 255, 67, 63, 183, 244, 225, 79, 224, 110, 3, 255, 133, 149, 123, 185, 131;
 122, 241, 42, 168, 30, 209, 154, 109, 142, 236, 213, 143, 213, 204, 122, 192, 222, 41, 187, 245, 214, 35, 186, 157, 251, 197, 175, 253, 53, 10, 189, 211;
 143, 196, 224, 154, 239, 52, 172, 205, 31, 91, 85, 215, 104, 238, 254, 237, 223, 27, 179, 181, 247, 86, 126, 211, 62, 58, 222, 234, 159, 220, 185, 253;
 122, 82, 240, 238, 79, 4, 88, 72, 11, 15, 241, 75, 105, 223, 60, 88, 254, 145, 183, 131, 202, 6, 138, 211, 83, 253, 218, 143, 55, 182, 102, 3;
 47, 163, 97, 192, 253, 157, 235, 249, 79, 232, 29, 78, 152, 192, 254, 164, 92, 10, 22, 126, 211, 58, 254, 208, 31, 24, 133, 252, 223, 143, 216, 245;
 51, 193, 109, 169, 28, 135, 203, 121, 4, 96, 148, 195, 145, 30, 182, 97, 92, 145, 95, 173, 223, 7, 117, 157, 243, 201, 171, 212, 61, 138, 176, 64;
 41, 177, 187, 233, 245, 239, 241, 71, 31, 105, 126, 16, 158, 159, 96, 96, 201, 59, 19, 25, 19, 184, 112, 130, 205, 221, 154, 67, 128, 72, 215, 242;
 6, 148, 122, 131, 83, 241, 185, 194, 47, 117, 77, 163, 12, 158, 110, 12, 175, 155, 147, 145, 22, 24, 58, 213, 31, 20, 155, 103, 149, 7, 37, 214;
 23, 1, 254, 221, 242, 18, 188, 109, 94, 137, 87, 226, 125, 238, 181, 105, 118, 125, 55, 189, 180, 209, 38, 200, 62, 46, 255, 128, 189, 176, 169, 141;
 170, 147, 12, 169, 60, 143, 152, 41, 142, 29, 145, 119, 197, 76, 184, 195, 222, 17, 159, 113, 119, 32, 75, 149, 140, 209, 171, 212, 28, 10, 157, 147;
 55, 76, 99, 200, 149, 150, 75, 208, 213, 192, 222, 66, 83, 215, 181, 228, 120, 168, 30, 250, 137, 129, 60, 206, 51, 236, 135, 140, 183, 187, 112, 36;
 243, 151, 101, 170, 62, 209, 73, 56, 205, 84, 208, 118, 242, 30, 190, 97, 206, 129, 31, 229, 255, 42, 117, 221, 254, 56, 138, 216, 53, 140, 116, 77;
 127, 144, 113, 232, 109, 20, 90, 184, 65, 89, 241, 18, 91, 95, 188, 116, 219, 149, 53, 234, 217, 6, 123, 213, 83, 254, 195, 206, 63, 171, 240, 55;
 125, 203, 108, 238, 44, 3, 79, 248, 64, 32, 245, 234, 83, 73, 187, 3, 88, 196, 21, 238, 200, 35, 77, 189, 242, 233, 225, 188, 55, 187, 120, 0;
 153, 92, 127, 108, 102, 118, 255, 114, 68, 202, 118, 102, 59, 189, 179, 97, 126, 244, 151, 238, 233, 181, 53, 175, 83, 235, 96, 128, 103, 185, 124, 249;
 18, 207, 35, 170, 150, 162, 170, 119, 14, 65, 90, 231, 41, 142, 178, 96, 126, 171, 31, 197, 210, 153, 5, 255, 184, 68, 170, 192, 61, 6, 177, 221;
 11, 12, 7, 252, 13, 246, 233, 2, 165, 138, 206, 2, 169, 63, 53, 239, 97, 183, 187, 137, 33, 141, 50, 200, 135, 255, 218, 129, 147, 228, 41, 172;
 62, 137, 114, 206, 199, 80, 251, 232, 73, 64, 125, 2, 121, 233, 190, 36, 126, 219, 23, 235, 211, 35, 174, 247, 18, 108, 2, 236, 119, 171, 251, 133;
 50, 141, 58, 78, 151, 223, 151, 111, 23, 7, 76, 2, 50, 180, 166, 100, 121, 186, 147, 8, 90, 155, 32, 191, 115, 111, 154, 91, 83, 74, 244, 110;
 164, 249, 122, 232, 246, 197, 191, 218, 222, 92, 112, 15, 17, 220, 119, 32, 255, 89, 23, 243, 214, 35, 58, 179, 123, 205, 175, 238, 213, 120, 245, 211;
 139, 56, 178, 88, 97, 244, 185, 67, 187, 85, 100, 17, 140, 159, 118, 255, 163, 43, 179, 28, 135, 94, 178, 240, 87, 89, 90, 107, 154, 4, 111, 254;
 146, 223, 230, 159, 134, 128, 173, 183, 28, 6, 86, 178, 45, 46, 179, 73, 103, 251, 191, 193, 226, 156, 39, 251, 116, 38, 254, 128, 53, 252, 181, 121;
 63, 88, 103, 74, 93, 182, 75, 208, 197, 64, 247, 6, 106, 69, 181, 252, 88, 160, 158, 254, 143, 163, 60, 252, 51, 121, 129, 88, 191, 191, 112, 116;
 218, 149, 23, 188, 43, 192, 180, 103, 141, 82, 136, 50, 44, 254, 36, 231, 226, 51, 138, 161, 117, 9, 18, 223, 177, 242, 74, 27, 22, 68, 165, 14;
 10, 146, 173, 185, 34, 245, 57, 19, 31, 125, 86, 183, 172, 14, 178, 104, 199, 27, 191, 149, 151, 156, 115, 213, 199, 115, 250, 195, 180, 140, 165, 119;
 10, 58, 50, 189, 119, 255, 184, 70, 29, 69, 84, 51, 172, 158, 50, 141, 166, 59, 147, 1, 166, 188, 48, 253, 71, 87, 26, 195, 214, 13, 13, 203;
 144, 23, 107, 168, 166, 6, 173, 119, 52, 196, 218, 231, 49, 167, 177, 64, 126, 41, 23, 165, 232, 155, 36, 14, 240, 133, 174, 128, 53, 120, 53, 249;
 10, 175, 178, 186, 187, 177, 150, 231, 143, 13, 248, 161, 172, 202, 102, 132, 206, 107, 207, 213, 94, 11, 66, 241, 186, 85, 26, 251, 210, 71, 175, 207;
 102, 135, 98, 202, 244, 160, 234, 232, 73, 68, 121, 143, 105, 232, 62, 64, 250, 203, 19, 231, 150, 51, 142, 247, 118, 61, 130, 233, 93, 143, 118, 208;
 33, 13, 120, 77, 244, 238, 199, 119, 84, 136, 254, 98, 51, 49, 177, 96, 89, 250, 22, 168, 89, 186, 97, 46, 103, 174, 52, 128, 121, 248, 224, 169;
 201, 187, 188, 219, 255, 220, 181, 191, 206, 125, 20, 50, 188, 29, 214, 230, 39, 82, 255, 25, 210, 72, 251, 247, 111, 77, 63, 251, 150, 132, 157, 123;
 147, 114, 80, 173, 54, 8, 184, 88, 73, 32, 208, 238, 175, 8, 157, 198, 126, 137, 23, 105, 227, 52, 196, 201, 180, 248, 170, 178, 61, 138, 89, 141;
 125, 132, 104, 225, 180, 191, 73, 19, 85, 105, 255, 92, 27, 1, 154, 116, 92, 128, 21, 60, 187, 186, 113, 150, 223, 221, 160, 196, 178, 136, 208, 97;
 56, 220, 117, 254, 207, 101, 213, 254, 17, 30, 188, 11, 58, 53, 41, 15, 73, 210, 55, 234, 104, 110, 123, 243, 117, 130, 212, 62, 115, 124, 244, 234;
 75, 147, 186, 218, 245, 180, 113, 91, 79, 77, 95, 52, 92, 215, 110, 244, 247, 27, 191, 24, 147, 137, 59, 213, 91, 253, 18, 78, 154, 142, 169, 119;
 8, 148, 56, 250, 243, 233, 244, 111, 62, 31, 121, 57, 143, 251, 40, 1, 187, 27, 135, 17, 54, 62, 10, 215, 247, 197, 58, 235, 248, 64, 135, 147;
 61, 190, 73, 249, 254, 35, 207, 250, 21, 18, 212, 254, 49, 105, 184, 5, 127, 202, 6, 175, 251, 111, 111, 191, 58, 138, 239, 252, 63, 232, 112, 185;
 87, 115, 107, 160, 52, 130, 203, 80, 169, 192, 145, 231, 81, 206, 244, 112, 126, 173, 29, 253, 201, 131, 132, 206, 184, 28, 171, 236, 45, 162, 50, 181;
 171, 72, 114, 200, 79, 211, 233, 88, 87, 112, 116, 138, 8, 141, 183, 253, 122, 136, 183, 249, 3, 55, 38, 213, 22, 56, 203, 238, 55, 141, 116, 228;
 26, 81, 35, 238, 13, 85, 94, 121, 133, 108, 157, 11, 110, 223, 32, 134, 124, 176, 223, 226, 72, 35, 58, 221, 243, 209, 131, 63, 51, 174, 60, 242;
 38, 144, 60, 161, 111, 75, 177, 99, 141, 62, 16, 63, 140, 29, 66, 11, 139, 17, 223, 33, 80, 109, 81, 212, 213, 18, 219, 247, 85, 12, 149, 211;
 10, 223, 109, 177, 178, 160, 63, 183, 30, 87, 14, 183, 173, 47, 146, 65, 103, 243, 155, 199, 242, 216, 63, 247, 236, 71, 222, 192, 45, 212, 181, 88;
 75, 130, 28, 169, 44, 15, 89, 62, 143, 125, 150, 99, 190, 30, 170, 66, 198, 1, 191, 5, 199, 13, 99, 149, 196, 211, 250, 150, 20, 8, 25, 91;
 247, 83, 98, 196, 230, 16, 238, 221, 65, 104, 244, 238, 11, 0, 255, 244, 126, 140, 22, 238, 207, 51, 164, 192, 54, 40, 166, 172, 111, 190, 250, 221;
 27, 205, 74, 160, 182, 128, 238, 231, 165, 0, 218, 130, 61, 139, 178, 193, 110, 227, 19, 221, 70, 155, 4, 237, 250, 233, 142, 200, 45, 128, 185, 136;
 98, 153, 241, 207, 207, 84, 199, 188, 11, 175, 188, 74, 224, 61, 77, 134, 73, 246, 179, 202, 89, 42, 249, 241, 47, 30, 220, 186, 215, 123, 212, 255;
 61, 92, 251, 111, 39, 118, 126, 80, 69, 202, 127, 34, 91, 61, 179, 224, 126, 245, 151, 234, 141, 177, 53, 170, 115, 237, 160, 128, 103, 255, 124, 243;
 181, 73, 107, 200, 212, 214, 79, 252, 85, 64, 84, 66, 17, 88, 183, 96, 120, 200, 22, 254, 205, 176, 61, 220, 50, 40, 166, 132, 53, 186, 112, 100;
 2, 89, 190, 219, 118, 255, 184, 71, 31, 77, 86, 19, 172, 159, 54, 76, 166, 59, 51, 17, 18, 184, 50, 245, 7, 54, 90, 195, 148, 9, 165, 223;
 67, 17, 5, 169, 31, 133, 185, 29, 142, 32, 218, 70, 189, 26, 49, 64, 204, 137, 63, 149, 11, 8, 83, 212, 133, 224, 138, 144, 61, 8, 49, 57;
 11, 129, 66, 142, 213, 146, 170, 105, 7, 5, 93, 167, 104, 206, 190, 196, 126, 171, 147, 213, 214, 154, 14, 253, 46, 116, 138, 203, 23, 14, 185, 204;
 10, 79, 230, 159, 87, 146, 190, 119, 157, 134, 94, 135, 237, 238, 51, 196, 102, 227, 191, 133, 196, 153, 6, 235, 102, 103, 158, 128, 191, 252, 161, 220;
 179, 89, 106, 76, 85, 151, 206, 113, 69, 192, 244, 6, 50, 200, 183, 228, 88, 168, 150, 238, 207, 175, 116, 171, 51, 41, 132, 9, 63, 190, 120, 124;
 69, 185, 190, 194, 220, 212, 190, 197, 206, 217, 188, 66, 52, 250, 119, 98, 232, 115, 90, 211, 215, 43, 186, 232, 121, 9, 175, 201, 137, 58, 249, 151;
 52, 124, 121, 165, 22, 195, 155, 98, 84, 228, 152, 163, 17, 28, 53, 32, 254, 185, 23, 227, 232, 187, 112, 190, 241, 141, 175, 180, 117, 41, 53, 218;
 130, 80, 182, 157, 43, 114, 188, 2, 141, 127, 23, 179, 204, 62, 38, 111, 231, 21, 187, 129, 36, 213, 35, 208, 7, 114, 218, 135, 150, 117, 37, 215;
 187, 65, 98, 200, 79, 83, 248, 76, 205, 104, 244, 10, 8, 156, 183, 237, 232, 161, 151, 225, 197, 39, 36, 220, 50, 88, 138, 191, 87, 28, 120, 140;
 11, 218, 226, 157, 119, 208, 190, 214, 127, 77, 92, 231, 169, 142, 183, 228, 126, 43, 151, 133, 135, 152, 38, 251, 38, 116, 186, 139, 31, 148, 61, 221;
 195, 29, 48, 153, 255, 244, 184, 7, 189, 78, 214, 55, 172, 158, 55, 237, 230, 63, 155, 149, 183, 28, 241, 222, 55, 116, 154, 139, 158, 84, 169, 223;
 29, 131, 156, 189, 174, 6, 93, 187, 22, 159, 86, 231, 221, 99, 107, 75, 87, 79, 45, 191, 124, 80, 75, 130, 200, 231, 255, 133, 182, 248, 185, 1;
 34, 167, 72, 59, 242, 177, 178, 235, 55, 5, 125, 163, 33, 239, 170, 80, 123, 139, 131, 133, 22, 186, 76, 119, 126, 37, 178, 239, 245, 134, 170, 198;
 175, 123, 224, 135, 213, 23, 238, 216, 83, 226, 245, 207, 1, 72, 223, 172, 93, 204, 150, 223, 207, 118, 252, 234, 54, 94, 133, 164, 111, 255, 218, 212;
 124, 77, 73, 233, 20, 14, 75, 188, 69, 160, 222, 2, 211, 113, 49, 64, 88, 196, 29, 250, 40, 176, 89, 190, 235, 239, 161, 84, 182, 187, 80, 34;
 10, 18, 166, 185, 173, 244, 176, 71, 206, 31, 218, 51, 172, 184, 54, 206, 201, 51, 179, 17, 22, 173, 3, 193, 13, 119, 218, 203, 211, 12, 253, 207;
 19, 77, 67, 140, 86, 211, 174, 230, 237, 72, 90, 227, 40, 236, 181, 164, 126, 171, 150, 237, 197, 185, 4, 237, 48, 12, 154, 130, 111, 156, 121, 205;
 171, 79, 231, 212, 101, 152, 253, 119, 201, 202, 52, 207, 169, 45, 183, 167, 46, 226, 215, 205, 229, 168, 36, 233, 102, 88, 210, 136, 71, 220, 114, 253;
 6, 214, 106, 138, 211, 243, 186, 206, 29, 69, 89, 167, 76, 206, 63, 196, 127, 27, 147, 181, 182, 147, 12, 255, 58, 20, 138, 207, 181, 15, 175, 215;
 27, 141, 109, 189, 182, 208, 239, 167, 159, 70, 30, 163, 189, 239, 179, 64, 103, 227, 191, 205, 98, 8, 46, 255, 238, 111, 255, 129, 52, 156, 57, 88;
 181, 203, 69, 188, 140, 1, 79, 253, 199, 18, 144, 66, 83, 225, 184, 231, 89, 192, 46, 239, 233, 47, 110, 177, 184, 138, 239, 220, 55, 186, 240, 32;
 53, 205, 107, 216, 252, 133, 207, 253, 214, 82, 216, 194, 113, 253, 184, 97, 95, 234, 23, 239, 235, 35, 46, 181, 120, 142, 239, 140, 53, 250, 240, 224;
 154, 146, 252, 249, 115, 226, 25, 90, 55, 93, 70, 183, 13, 23, 34, 92, 103, 153, 183, 144, 50, 156, 49, 215, 223, 247, 90, 199, 182, 132, 37, 115;
 19, 221, 47, 136, 148, 130, 175, 247, 20, 65, 218, 198, 57, 42, 176, 65, 126, 163, 31, 205, 243, 153, 21, 255, 176, 36, 170, 192, 61, 152, 177, 56;
 186, 207, 114, 237, 253, 212, 254, 231, 157, 14, 248, 3, 173, 175, 54, 196, 234, 187, 159, 197, 106, 171, 67, 255, 183, 252, 158, 155, 55, 92, 252, 207;
 8, 105, 171, 165, 132, 15, 239, 221, 86, 168, 86, 66, 181, 145, 113, 0, 120, 108, 19, 75, 193, 184, 81, 136, 101, 133, 175, 36, 53, 186, 212, 168;
 55, 113, 107, 128, 52, 130, 203, 80, 169, 192, 216, 230, 81, 203, 181, 112, 94, 169, 31, 253, 137, 131, 52, 204, 240, 156, 171, 152, 45, 163, 114, 241;
 199, 213, 111, 192, 198, 86, 175, 245, 232, 107, 150, 214, 80, 54, 254, 103, 103, 196, 59, 255, 241, 29, 189, 70, 61, 40, 239, 196, 173, 176, 177, 117;
 216, 241, 42, 168, 63, 211, 91, 252, 135, 236, 150, 167, 175, 159, 186, 64, 214, 221, 157, 227, 206, 131, 97, 189, 243, 225, 171, 245, 54, 143, 52, 91;
 11, 169, 103, 160, 125, 217, 216, 100, 139, 81, 24, 139, 188, 159, 116, 39, 138, 51, 87, 205, 19, 9, 32, 213, 235, 88, 138, 234, 6, 134, 87, 252;
 123, 53, 19, 232, 213, 117, 192, 71, 69, 105, 218, 74, 26, 57, 96, 228, 232, 158, 159, 17, 27, 187, 209, 192, 189, 248, 154, 90, 138, 78, 248, 31;
 73, 33, 187, 236, 124, 194, 235, 120, 204, 192, 94, 226, 221, 199, 242, 98, 94, 108, 63, 125, 129, 161, 230, 140, 204, 173, 171, 200, 28, 171, 113, 241;
 42, 194, 20, 253, 45, 223, 209, 38, 141, 63, 150, 50, 172, 24, 38, 237, 200, 16, 191, 1, 64, 252, 99, 149, 135, 243, 218, 151, 18, 12, 93, 239;
 2, 143, 34, 155, 215, 208, 172, 199, 190, 5, 90, 163, 168, 170, 182, 196, 235, 43, 131, 145, 22, 152, 38, 247, 44, 52, 158, 203, 148, 68, 189, 207;
 50, 207, 104, 152, 86, 129, 159, 239, 23, 21, 220, 167, 33, 201, 182, 64, 111, 170, 135, 197, 222, 42, 6, 189, 122, 5, 164, 203, 119, 156, 252, 219;
 211, 91, 231, 156, 50, 148, 175, 246, 245, 72, 82, 230, 61, 190, 177, 231, 102, 231, 62, 205, 229, 153, 52, 233, 176, 42, 254, 128, 45, 180, 49, 125;
 188, 70, 106, 228, 86, 3, 203, 112, 85, 164, 247, 134, 83, 73, 177, 5, 122, 172, 7, 235, 232, 183, 4, 158, 114, 235, 161, 1, 119, 171, 116, 160;
 189, 75, 97, 236, 44, 22, 79, 120, 65, 44, 244, 10, 91, 65, 179, 85, 88, 204, 21, 238, 200, 50, 233, 136, 242, 233, 225, 189, 55, 191, 116, 96;
 57, 158, 197, 221, 110, 51, 205, 123, 23, 226, 212, 230, 49, 45, 146, 161, 95, 138, 22, 173, 185, 248, 117, 159, 30, 207, 251, 132, 63, 232, 88, 249;
 152, 89, 127, 101, 55, 223, 251, 100, 237, 192, 126, 2, 27, 25, 53, 225, 174, 181, 159, 99, 193, 185, 53, 204, 115, 233, 34, 0, 111, 10, 101, 59;
 254, 74, 34, 174, 79, 209, 186, 96, 141, 68, 209, 131, 108, 204, 63, 197, 238, 177, 159, 231, 78, 7, 2, 253, 179, 112, 138, 187, 23, 63, 53, 214;
 43, 157, 122, 204, 125, 245, 90, 242, 87, 72, 252, 14, 42, 255, 183, 180, 220, 250, 151, 234, 137, 42, 112, 255, 51, 221, 129, 187, 94, 239, 120, 255;
 3, 77, 99, 154, 87, 211, 166, 101, 220, 192, 90, 98, 32, 216, 181, 228, 106, 170, 146, 217, 197, 187, 36, 238, 56, 12, 142, 131, 29, 30, 249, 140;
 27, 27, 254, 156, 110, 18, 233, 121, 198, 221, 214, 230, 121, 234, 246, 98, 126, 169, 55, 157, 145, 203, 39, 200, 88, 43, 239, 136, 189, 168, 41, 213;
 74, 250, 112, 251, 47, 217, 190, 181, 207, 125, 93, 167, 44, 221, 230, 229, 167, 123, 181, 195, 198, 120, 186, 245, 47, 217, 29, 235, 55, 150, 141, 95;
 66, 24, 148, 220, 111, 96, 180, 6, 15, 11, 80, 34, 188, 58, 165, 106, 198, 19, 191, 1, 2, 9, 67, 241, 20, 54, 218, 139, 156, 89, 53, 139;
 7, 132, 164, 153, 237, 52, 188, 171, 31, 123, 93, 147, 200, 254, 254, 175, 221, 91, 179, 183, 246, 86, 110, 208, 14, 26, 223, 239, 159, 108, 185, 199;
 37, 221, 107, 200, 84, 165, 234, 224, 80, 65, 120, 6, 17, 236, 62, 32, 248, 200, 18, 231, 183, 187, 54, 247, 123, 173, 162, 76, 213, 25, 120, 208;
 83, 157, 26, 136, 27, 247, 148, 103, 140, 65, 206, 39, 244, 182, 34, 228, 232, 179, 186, 129, 93, 9, 83, 221, 185, 38, 138, 90, 24, 14, 185, 30;
 11, 147, 99, 201, 244, 147, 237, 247, 93, 73, 94, 118, 24, 28, 182, 228, 110, 170, 23, 141, 213, 184, 52, 213, 62, 121, 186, 196, 31, 140, 249, 253;
 11, 191, 2, 164, 241, 134, 58, 119, 180, 9, 90, 197, 172, 163, 48, 192, 244, 47, 159, 157, 22, 155, 16, 207, 248, 117, 186, 192, 138, 6, 171, 155;
 14, 72, 184, 249, 33, 253, 121, 146, 47, 95, 84, 0, 189, 159, 99, 108, 167, 121, 191, 152, 6, 20, 50, 241, 199, 223, 26, 227, 146, 213, 13, 75;
 131, 153, 163, 157, 53, 214, 168, 39, 220, 73, 82, 86, 184, 252, 180, 228, 204, 42, 51, 141, 197, 156, 51, 239, 5, 62, 218, 130, 28, 12, 121, 253;
 3, 1, 230, 156, 125, 19, 152, 106, 223, 225, 214, 130, 108, 174, 182, 229, 254, 239, 159, 165, 189, 251, 53, 220, 154, 30, 155, 143, 23, 76, 57, 92;
 36, 201, 107, 202, 214, 199, 190, 196, 68, 1, 120, 3, 49, 204, 53, 96, 252, 185, 19, 209, 194, 178, 20, 189, 119, 45, 174, 64, 213, 27, 244, 226;
 42, 139, 82, 188, 243, 144, 188, 103, 137, 4, 124, 167, 45, 170, 166, 212, 238, 187, 135, 133, 86, 11, 134, 221, 118, 117, 186, 171, 55, 132, 171, 221;
 239, 218, 254, 198, 236, 30, 255, 181, 233, 235, 55, 124, 90, 189, 246, 122, 199, 196, 127, 90, 213, 237, 171, 226, 126, 255, 245, 212, 206, 186, 208, 85;
 248, 83, 110, 172, 126, 211, 91, 120, 5, 108, 214, 175, 23, 159, 179, 81, 118, 157, 157, 231, 236, 151, 33, 157, 210, 225, 160, 149, 62, 137, 52, 91;
 91, 6, 226, 196, 55, 114, 251, 113, 80, 206, 223, 183, 89, 239, 190, 228, 126, 164, 183, 175, 232, 151, 165, 142, 82, 111, 171, 129, 39, 166, 116, 113;
 38, 73, 42, 174, 109, 192, 190, 64, 141, 6, 216, 131, 108, 206, 55, 64, 254, 177, 159, 227, 76, 3, 2, 221, 179, 48, 138, 187, 21, 63, 52, 214;
 124, 65, 106, 101, 84, 22, 219, 56, 65, 160, 119, 2, 91, 73, 189, 96, 120, 188, 151, 234, 200, 178, 100, 156, 119, 201, 161, 133, 119, 186, 116, 160;
 170, 250, 163, 149, 69, 221, 181, 225, 155, 127, 17, 191, 140, 140, 118, 143, 205, 121, 179, 7, 231, 124, 186, 227, 13, 82, 223, 227, 7, 12, 215, 247;
 178, 141, 82, 159, 255, 213, 254, 231, 29, 14, 218, 19, 236, 174, 54, 197, 239, 251, 159, 129, 126, 191, 81, 255, 183, 246, 158, 139, 55, 76, 188, 223;
 3, 79, 99, 158, 86, 209, 172, 100, 220, 192, 90, 226, 104, 200, 181, 228, 122, 42, 146, 225, 197, 186, 38, 255, 52, 4, 142, 139, 61, 30, 121, 141;
 46, 167, 106, 138, 215, 241, 186, 202, 14, 77, 93, 163, 105, 206, 62, 196, 249, 11, 147, 245, 150, 130, 14, 247, 46, 85, 139, 239, 23, 79, 189, 199;
 2, 29, 59, 155, 230, 164, 190, 199, 172, 75, 90, 115, 188, 158, 52, 96, 231, 59, 51, 145, 214, 156, 2, 230, 37, 52, 158, 194, 148, 82, 165, 143;
 6, 217, 59, 219, 246, 231, 184, 197, 30, 73, 83, 83, 188, 222, 60, 72, 246, 59, 51, 211, 82, 184, 26, 245, 101, 38, 62, 192, 148, 27, 165, 155;
 90, 144, 94, 248, 115, 246, 56, 66, 191, 85, 78, 179, 13, 159, 36, 216, 231, 157, 183, 148, 18, 158, 16, 215, 95, 247, 154, 199, 183, 132, 37, 243;
 42, 254, 226, 140, 95, 83, 186, 238, 203, 228, 156, 175, 40, 172, 182, 166, 239, 213, 211, 225, 196, 47, 174, 255, 62, 22, 143, 255, 23, 63, 63, 223;
 43, 3, 210, 204, 125, 23, 90, 88, 77, 133, 252, 15, 10, 137, 55, 212, 218, 172, 134, 124, 156, 163, 80, 138, 18, 253, 128, 27, 158, 174, 122, 134;
 189, 92, 250, 92, 118, 214, 239, 86, 212, 194, 126, 2, 57, 189, 183, 100, 110, 252, 23, 206, 225, 191, 52, 234, 115, 111, 162, 128, 111, 249, 112, 249;
 34, 1, 166, 156, 245, 211, 188, 97, 92, 193, 83, 130, 76, 138, 54, 105, 250, 173, 179, 225, 212, 250, 69, 204, 20, 50, 218, 3, 21, 12, 185, 142;
 43, 199, 97, 143, 85, 215, 203, 253, 85, 69, 92, 199, 40, 44, 190, 228, 92, 10, 146, 237, 231, 186, 116, 253, 39, 124, 138, 130, 23, 142, 244, 220;
 91, 15, 110, 172, 62, 146, 158, 118, 205, 164, 220, 231, 45, 170, 182, 100, 102, 229, 63, 239, 196, 139, 4, 236, 242, 111, 239, 152, 55, 172, 57, 13;
 35, 203, 104, 207, 116, 149, 253, 181, 95, 77, 124, 6, 56, 12, 182, 100, 94, 170, 22, 140, 199, 184, 109, 255, 102, 29, 180, 130, 127, 158, 220, 221;
 62, 112, 242, 204, 85, 93, 114, 88, 73, 128, 245, 10, 10, 217, 125, 164, 250, 136, 151, 106, 136, 163, 176, 192, 147, 248, 1, 47, 103, 191, 122, 134;
 57, 113, 99, 200, 52, 194, 203, 112, 204, 200, 220, 230, 157, 199, 177, 228, 94, 168, 31, 236, 201, 131, 36, 204, 240, 188, 170, 152, 14, 191, 115, 113;
 205, 185, 188, 174, 188, 196, 147, 185, 198, 200, 149, 34, 252, 94, 211, 99, 200, 113, 94, 243, 231, 107, 235, 237, 125, 9, 175, 248, 25, 42, 121, 27;
 58, 135, 98, 172, 243, 16, 186, 111, 9, 77, 252, 183, 45, 174, 182, 196, 110, 139, 135, 197, 214, 10, 6, 253, 118, 117, 186, 235, 63, 140, 175, 223;
 43, 209, 163, 76, 125, 213, 231, 220, 95, 73, 84, 102, 184, 221, 188, 228, 92, 72, 147, 77, 195, 50, 54, 251, 55, 60, 130, 170, 95, 158, 112, 253;
 34, 128, 119, 193, 101, 221, 184, 64, 237, 49, 115, 18, 140, 152, 124, 196, 232, 9, 147, 49, 18, 185, 16, 212, 13, 24, 154, 103, 149, 15, 81, 134;
 15, 11, 92, 169, 238, 60, 248, 216, 173, 92, 92, 135, 173, 235, 243, 79, 46, 3, 159, 237, 150, 33, 142, 209, 214, 89, 106, 172, 190, 231, 41, 213;
 194, 141, 22, 156, 15, 226, 184, 35, 140, 28, 218, 35, 236, 190, 34, 196, 224, 51, 187, 129, 20, 137, 3, 247, 157, 50, 202, 203, 20, 44, 61, 71;
 106, 184, 33, 212, 109, 196, 203, 51, 137, 202, 149, 26, 184, 29, 20, 166, 205, 177, 87, 143, 233, 110, 240, 239, 71, 30, 154, 186, 71, 36, 86, 250;
 49, 77, 106, 206, 85, 211, 198, 96, 69, 64, 221, 2, 114, 220, 182, 164, 88, 232, 146, 106, 205, 162, 116, 173, 51, 105, 128, 9, 119, 171, 124, 228;
 11, 197, 199, 158, 119, 146, 190, 103, 157, 65, 90, 135, 108, 238, 54, 196, 126, 43, 59, 141, 71, 153, 22, 239, 54, 124, 158, 130, 63, 158, 177, 220;
 249, 72, 114, 228, 69, 31, 83, 80, 197, 172, 182, 15, 11, 153, 51, 82, 232, 164, 79, 110, 76, 183, 48, 136, 211, 249, 129, 54, 50, 190, 80, 70;
 189, 2, 110, 204, 22, 54, 203, 120, 84, 76, 215, 135, 89, 205, 191, 229, 124, 164, 183, 239, 172, 167, 39, 142, 82, 111, 163, 201, 63, 175, 120, 241;
 134, 27, 35, 154, 233, 181, 184, 210, 143, 92, 89, 213, 140, 238, 127, 203, 228, 107, 151, 199, 151, 80, 186, 241, 7, 16, 234, 238, 154, 101, 7, 215;
 219, 17, 2, 169, 31, 141, 169, 93, 13, 33, 215, 22, 189, 24, 56, 69, 106, 145, 31, 177, 3, 57, 113, 213, 149, 192, 138, 144, 60, 8, 49, 58;
 138, 166, 44, 177, 61, 212, 249, 23, 173, 127, 214, 23, 173, 13, 22, 207, 198, 39, 205, 133, 166, 220, 241, 199, 199, 123, 154, 211, 6, 132, 221, 79;
 35, 85, 98, 200, 109, 17, 156, 77, 205, 194, 185, 43, 40, 216, 63, 165, 250, 177, 219, 163, 196, 35, 6, 220, 50, 24, 139, 187, 95, 30, 120, 135;
 52, 93, 233, 239, 30, 7, 207, 248, 86, 160, 220, 2, 115, 61, 49, 96, 124, 252, 23, 235, 232, 179, 125, 63, 241, 143, 171, 148, 53, 187, 112, 40;
 26, 250, 188, 189, 111, 85, 156, 112, 139, 62, 149, 47, 44, 159, 78, 15, 172, 217, 247, 195, 206, 86, 218, 241, 151, 81, 218, 191, 31, 36, 47, 219;
 167, 235, 224, 159, 230, 19, 254, 236, 83, 230, 116, 143, 0, 172, 247, 164, 124, 203, 151, 215, 206, 250, 108, 226, 30, 92, 157, 167, 127, 255, 122, 220;
 9, 203, 67, 207, 180, 151, 103, 245, 71, 160, 94, 66, 177, 193, 240, 228, 80, 104, 18, 234, 209, 152, 109, 156, 46, 140, 167, 4, 62, 186, 240, 172;
 2, 150, 184, 153, 114, 240, 184, 23, 158, 77, 92, 247, 172, 158, 166, 72, 231, 59, 151, 145, 151, 156, 34, 215, 6, 119, 58, 195, 156, 4, 45, 223;
 3, 142, 98, 145, 118, 131, 188, 103, 92, 3, 82, 247, 172, 8, 180, 197, 255, 43, 19, 165, 244, 188, 4, 223, 44, 22, 218, 194, 93, 12, 241, 141;
 142, 179, 62, 248, 166, 152, 189, 57, 169, 28, 85, 181, 141, 207, 234, 75, 166, 25, 167, 119, 214, 64, 166, 193, 198, 209, 111, 239, 6, 172, 165, 209;
 90, 139, 67, 204, 11, 209, 38, 164, 133, 0, 218, 226, 105, 172, 180, 228, 110, 50, 170, 193, 93, 137, 39, 189, 54, 116, 138, 203, 55, 142, 188, 109;
 186, 147, 237, 229, 116, 95, 185, 59, 151, 205, 87, 247, 59, 61, 246, 66, 238, 177, 183, 21, 153, 184, 113, 139, 78, 255, 185, 135, 127, 172, 116, 251;
 11, 217, 99, 217, 244, 144, 255, 247, 205, 65, 94, 230, 184, 158, 182, 228, 110, 43, 151, 205, 215, 184, 52, 245, 46, 125, 190, 194, 31, 140, 241, 253;
 171, 152, 225, 221, 118, 219, 233, 51, 93, 233, 86, 246, 185, 45, 182, 228, 110, 172, 23, 140, 185, 188, 101, 143, 78, 255, 186, 128, 190, 172, 208, 253;
 10, 150, 121, 89, 123, 240, 177, 23, 190, 29, 124, 179, 12, 23, 164, 80, 199, 19, 139, 144, 50, 12, 97, 215, 79, 231, 50, 195, 147, 132, 165, 251;
 127, 7, 98, 12, 246, 18, 206, 113, 65, 196, 252, 239, 91, 236, 191, 181, 126, 168, 22, 238, 221, 179, 100, 142, 50, 108, 161, 168, 127, 174, 122, 213;
 139, 152, 35, 191, 61, 148, 168, 37, 222, 73, 80, 86, 172, 152, 52, 229, 204, 43, 51, 69, 199, 188, 114, 245, 133, 120, 154, 74, 24, 12, 57, 140;
 186, 223, 110, 154, 134, 145, 190, 246, 133, 14, 222, 231, 35, 173, 162, 193, 108, 242, 175, 198, 232, 187, 6, 181, 242, 99, 254, 193, 55, 221, 188, 89;
 138, 146, 186, 185, 163, 208, 188, 7, 191, 95, 86, 49, 140, 158, 230, 230, 163, 43, 183, 129, 214, 29, 162, 211, 70, 117, 154, 207, 22, 4, 173, 199;
 237, 218, 251, 246, 236, 8, 255, 176, 121, 202, 118, 124, 95, 253, 254, 114, 183, 87, 55, 94, 241, 255, 163, 226, 90, 255, 54, 202, 78, 184, 97, 113;
 56, 2, 232, 109, 85, 31, 219, 88, 81, 140, 125, 135, 75, 205, 183, 0, 120, 168, 135, 40, 140, 178, 32, 139, 67, 237, 160, 169, 115, 174, 92, 211;
 2, 243, 250, 169, 46, 25, 125, 252, 47, 30, 84, 167, 141, 143, 226, 74, 166, 25, 167, 70, 210, 12, 162, 193, 198, 209, 127, 173, 52, 172, 37, 241;
 11, 189, 18, 184, 211, 181, 16, 71, 31, 5, 76, 15, 44, 154, 98, 196, 243, 43, 131, 21, 22, 26, 50, 247, 31, 84, 24, 107, 146, 76, 173, 223;
 34, 184, 249, 217, 199, 228, 185, 71, 11, 89, 88, 43, 28, 190, 68, 42, 205, 187, 147, 145, 131, 26, 242, 192, 95, 52, 222, 239, 141, 68, 151, 251;
 223, 92, 107, 222, 78, 240, 203, 120, 212, 198, 215, 134, 121, 207, 187, 109, 126, 232, 55, 239, 169, 135, 62, 206, 83, 47, 235, 136, 55, 175, 52, 112;
 43, 209, 99, 200, 117, 221, 175, 253, 95, 72, 92, 102, 184, 220, 182, 228, 94, 40, 150, 77, 199, 58, 54, 213, 38, 60, 2, 174, 94, 158, 217, 253;
 2, 52, 171, 149, 87, 249, 177, 66, 143, 119, 77, 151, 172, 252, 118, 12, 175, 59, 147, 21, 2, 208, 50, 209, 71, 22, 155, 39, 150, 76, 21, 246;
 140, 217, 19, 187, 214, 198, 175, 212, 62, 73, 90, 118, 253, 215, 40, 192, 118, 59, 19, 219, 115, 152, 27, 247, 109, 167, 174, 192, 156, 83, 161, 185;
 60, 236, 42, 186, 214, 243, 191, 207, 22, 69, 92, 163, 29, 207, 59, 64, 123, 27, 147, 241, 6, 18, 44, 191, 127, 69, 175, 237, 181, 95, 189, 210;
 162, 201, 38, 153, 205, 211, 188, 103, 220, 17, 82, 19, 140, 138, 54, 65, 232, 45, 179, 209, 86, 250, 82, 196, 21, 48, 218, 67, 21, 12, 189, 134;
 2, 141, 114, 159, 245, 237, 254, 238, 157, 79, 218, 51, 236, 254, 62, 69, 255, 251, 159, 161, 118, 184, 74, 255, 181, 62, 218, 195, 21, 76, 189, 207;
 210, 16, 16, 137, 6, 217, 120, 87, 13, 1, 151, 18, 191, 27, 120, 76, 98, 153, 31, 129, 2, 13, 101, 209, 150, 208, 154, 146, 54, 136, 49, 41;
 182, 64, 122, 224, 21, 15, 218, 72, 77, 128, 177, 11, 3, 88, 63, 72, 248, 129, 31, 115, 12, 163, 16, 132, 211, 217, 138, 87, 245, 11, 125, 2;
 194, 143, 18, 156, 247, 224, 184, 35, 156, 13, 218, 51, 140, 190, 34, 192, 230, 63, 187, 129, 116, 139, 128, 215, 149, 52, 154, 203, 20, 68, 189, 143;
 4, 223, 19, 187, 246, 132, 175, 215, 188, 9, 90, 102, 188, 211, 168, 64, 103, 59, 51, 219, 211, 152, 10, 245, 44, 36, 174, 192, 156, 82, 161, 185;
 35, 201, 104, 203, 116, 155, 239, 85, 95, 105, 125, 135, 57, 12, 190, 100, 126, 10, 23, 205, 199, 184, 109, 247, 38, 28, 158, 224, 87, 158, 213, 220;
 106, 48, 161, 220, 109, 252, 217, 43, 139, 74, 28, 40, 172, 221, 156, 174, 200, 50, 215, 9, 147, 43, 242, 245, 7, 126, 154, 250, 6, 13, 86, 247;
 43, 133, 40, 139, 213, 247, 170, 175, 15, 73, 93, 135, 136, 12, 190, 228, 221, 10, 147, 133, 215, 184, 109, 223, 47, 93, 138, 199, 31, 78, 248, 213;
 42, 250, 184, 181, 107, 149, 152, 208, 139, 126, 148, 239, 172, 158, 70, 10, 206, 121, 183, 195, 206, 22, 210, 241, 198, 81, 218, 187, 31, 37, 31, 215;
 202, 146, 59, 176, 37, 252, 249, 7, 189, 79, 86, 53, 172, 142, 54, 77, 135, 3, 253, 149, 166, 173, 178, 215, 199, 119, 154, 195, 134, 4, 29, 95;
 223, 223, 102, 158, 174, 180, 158, 247, 223, 206, 156, 231, 105, 232, 183, 199, 255, 227, 183, 231, 238, 7, 14, 255, 50, 127, 207, 139, 31, 255, 185, 93;
 155, 89, 51, 225, 39, 196, 113, 80, 229, 72, 210, 102, 60, 159, 97, 100, 238, 57, 31, 194, 201, 153, 33, 196, 215, 248, 170, 194, 38, 8, 52, 251;
 27, 73, 66, 190, 30, 150, 206, 112, 197, 192, 218, 70, 41, 232, 183, 196, 110, 231, 63, 207, 205, 187, 20, 237, 50, 110, 202, 128, 63, 191, 57, 28;
 35, 237, 234, 135, 78, 67, 190, 238, 30, 228, 88, 167, 32, 236, 247, 0, 254, 233, 19, 231, 196, 122, 238, 249, 62, 12, 143, 175, 85, 63, 116, 222;
 134, 148, 149, 185, 135, 110, 181, 11, 158, 55, 3, 23, 204, 62, 32, 75, 167, 19, 171, 17, 48, 220, 19, 210, 141, 150, 90, 71, 144, 72, 165, 51;
 3, 197, 66, 158, 87, 210, 174, 101, 157, 65, 91, 199, 108, 206, 60, 196, 122, 171, 147, 133, 71, 155, 14, 207, 54, 124, 142, 202, 23, 14, 185, 156;
 26, 151, 96, 168, 243, 242, 186, 254, 7, 77, 252, 231, 9, 47, 190, 196, 126, 139, 135, 245, 150, 27, 37, 213, 126, 101, 186, 199, 63, 142, 173, 223;
 163, 219, 227, 93, 86, 151, 190, 222, 94, 69, 116, 231, 40, 204, 182, 100, 126, 123, 179, 197, 231, 188, 54, 251, 38, 44, 154, 130, 95, 156, 117, 253;
 121, 212, 113, 197, 117, 31, 193, 113, 89, 57, 181, 122, 30, 29, 156, 167, 238, 148, 150, 56, 153, 254, 241, 196, 155, 249, 112, 246, 103, 136, 210, 165;
 191, 6, 98, 76, 86, 50, 234, 89, 85, 194, 255, 198, 105, 200, 183, 228, 126, 168, 22, 174, 237, 167, 52, 202, 50, 105, 130, 136, 127, 237, 120, 196;
 170, 26, 226, 30, 103, 249, 185, 71, 221, 94, 85, 183, 40, 140, 246, 141, 238, 43, 179, 133, 230, 126, 38, 193, 22, 121, 218, 171, 87, 204, 125, 255;
 130, 254, 114, 158, 107, 213, 158, 228, 159, 76, 144, 167, 44, 222, 38, 4, 182, 121, 183, 195, 230, 7, 154, 255, 51, 80, 143, 187, 23, 20, 165, 223;
 3, 219, 71, 153, 22, 131, 173, 103, 28, 75, 90, 246, 172, 42, 180, 68, 127, 43, 19, 133, 245, 184, 5, 223, 36, 6, 186, 194, 29, 12, 177, 221;
 163, 243, 82, 67, 118, 131, 171, 244, 124, 9, 112, 230, 52, 144, 188, 36, 126, 41, 22, 253, 211, 186, 12, 111, 52, 12, 42, 192, 109, 154, 163, 169;
 18, 151, 26, 154, 179, 225, 176, 71, 143, 77, 89, 247, 44, 158, 162, 68, 231, 27, 159, 17, 18, 137, 2, 215, 184, 4, 58, 195, 148, 12, 165, 95;
 64, 88, 242, 132, 103, 232, 112, 64, 233, 224, 115, 43, 12, 154, 103, 90, 162, 181, 223, 83, 4, 183, 128, 192, 87, 48, 2, 3, 4, 27, 101, 195;
 11, 176, 115, 200, 109, 253, 249, 90, 207, 89, 125, 16, 156, 158, 254, 228, 199, 9, 151, 29, 135, 32, 182, 209, 7, 89, 10, 238, 30, 142, 121, 245;
 99, 131, 0, 171, 125, 141, 201, 93, 15, 93, 157, 207, 172, 8, 58, 69, 204, 138, 31, 221, 222, 43, 75, 213, 244, 80, 170, 248, 30, 142, 153, 221;
 82, 82, 107, 172, 38, 202, 92, 23, 61, 100, 210, 239, 31, 14, 179, 89, 230, 189, 189, 133, 205, 151, 37, 204, 208, 225, 250, 147, 52, 136, 180, 81;
 160, 255, 90, 198, 114, 131, 175, 244, 48, 8, 120, 230, 49, 199, 164, 53, 126, 184, 6, 226, 225, 146, 4, 127, 52, 4, 170, 160, 45, 146, 34, 185;
 131, 154, 234, 217, 118, 150, 232, 18, 95, 73, 86, 247, 185, 14, 150, 108, 78, 46, 55, 157, 167, 156, 101, 231, 70, 127, 186, 192, 46, 141, 121, 253;
 210, 65, 28, 172, 47, 64, 92, 6, 13, 42, 146, 19, 140, 14, 101, 202, 230, 149, 191, 195, 72, 7, 193, 192, 151, 240, 202, 139, 52, 80, 45, 15;
 38, 69, 42, 140, 108, 0, 158, 73, 141, 4, 217, 131, 100, 206, 61, 64, 248, 177, 159, 163, 72, 35, 2, 222, 177, 52, 138, 187, 21, 122, 60, 130;
 147, 217, 122, 220, 54, 144, 189, 247, 221, 72, 86, 166, 189, 158, 182, 101, 230, 59, 23, 193, 231, 141, 38, 255, 162, 248, 186, 130, 29, 152, 177, 253;
 57, 82, 120, 224, 100, 31, 218, 122, 73, 233, 188, 110, 27, 8, 182, 176, 254, 132, 22, 47, 141, 187, 117, 132, 210, 221, 160, 244, 127, 143, 216, 149;
 3, 157, 40, 171, 180, 247, 186, 167, 14, 77, 93, 167, 145, 44, 190, 96, 221, 11, 151, 133, 150, 152, 109, 189, 110, 93, 170, 197, 157, 78, 185, 215;
 43, 219, 98, 136, 119, 151, 190, 255, 77, 72, 84, 238, 44, 28, 182, 164, 254, 9, 150, 69, 213, 187, 36, 253, 62, 88, 166, 234, 95, 156, 217, 221;
 122, 201, 67, 237, 108, 66, 104, 65, 13, 1, 210, 195, 153, 143, 52, 192, 238, 157, 191, 193, 73, 155, 65, 193, 213, 176, 138, 128, 20, 10, 48, 138;
 3, 159, 7, 157, 150, 131, 172, 39, 30, 73, 90, 231, 172, 142, 176, 68, 110, 43, 51, 133, 215, 184, 39, 245, 36, 38, 154, 130, 29, 12, 177, 221;
 137, 160, 153, 225, 124, 141, 233, 151, 142, 113, 20, 18, 157, 23, 208, 98, 239, 8, 95, 29, 19, 120, 241, 209, 205, 221, 191, 100, 158, 136, 17, 184;
 19, 72, 99, 237, 76, 4, 237, 86, 133, 194, 210, 134, 185, 143, 181, 99, 110, 237, 59, 205, 201, 187, 85, 232, 52, 40, 154, 0, 61, 184, 112, 184;
 1, 206, 22, 155, 114, 128, 174, 246, 172, 24, 90, 98, 188, 194, 161, 194, 231, 107, 58, 201, 67, 156, 10, 127, 44, 36, 46, 192, 28, 18, 41, 137;
 34, 184, 179, 193, 119, 228, 185, 87, 11, 73, 124, 102, 60, 158, 68, 164, 239, 27, 151, 145, 147, 58, 178, 192, 31, 60, 186, 234, 205, 4, 63, 255;
 189, 4, 90, 232, 84, 35, 75, 88, 5, 2, 253, 58, 27, 73, 177, 49, 122, 128, 23, 234, 41, 183, 33, 142, 210, 201, 161, 196, 119, 169, 112, 128;
 157, 221, 19, 187, 22, 198, 175, 252, 22, 72, 84, 70, 253, 211, 184, 228, 119, 123, 151, 219, 227, 152, 26, 255, 237, 231, 175, 196, 62, 154, 41, 185;
 50, 147, 194, 188, 87, 144, 152, 103, 29, 77, 216, 167, 40, 138, 54, 192, 254, 171, 151, 133, 222, 139, 4, 223, 50, 52, 154, 139, 31, 4, 252, 95;
 35, 201, 106, 203, 244, 155, 191, 229, 94, 97, 126, 131, 56, 204, 190, 96, 126, 11, 19, 77, 210, 184, 44, 247, 102, 28, 138, 224, 85, 142, 209, 252;
 139, 177, 51, 218, 109, 245, 184, 80, 207, 89, 117, 16, 156, 158, 108, 237, 199, 27, 147, 17, 151, 33, 58, 213, 7, 89, 26, 239, 22, 13, 37, 247;
 11, 12, 232, 129, 245, 58, 237, 23, 116, 227, 94, 150, 153, 36, 210, 236, 39, 14, 183, 157, 181, 220, 165, 194, 110, 79, 190, 196, 175, 212, 217, 253;
 3, 129, 66, 156, 84, 128, 174, 105, 159, 65, 219, 67, 104, 202, 60, 224, 250, 43, 19, 165, 215, 139, 14, 223, 50, 60, 138, 202, 29, 14, 185, 132;
 190, 12, 106, 220, 77, 114, 219, 80, 212, 198, 213, 146, 89, 205, 183, 108, 122, 188, 183, 175, 168, 167, 38, 138, 83, 111, 235, 137, 55, 255, 124, 240;
 28, 229, 42, 171, 151, 211, 159, 220, 22, 69, 220, 131, 77, 207, 59, 64, 123, 122, 151, 243, 74, 179, 44, 191, 251, 199, 175, 229, 183, 223, 180, 202;
 10, 40, 170, 152, 87, 243, 185, 67, 142, 69, 92, 163, 140, 189, 118, 8, 171, 59, 147, 17, 18, 153, 38, 209, 71, 21, 26, 107, 151, 76, 53, 246;
 134, 58, 242, 162, 98, 232, 184, 64, 168, 29, 115, 178, 12, 158, 99, 74, 166, 57, 135, 211, 2, 183, 130, 224, 20, 208, 42, 171, 132, 19, 39, 131;
 2, 158, 246, 157, 117, 230, 254, 238, 159, 79, 218, 35, 236, 254, 54, 197, 255, 251, 191, 161, 54, 185, 3, 255, 189, 54, 222, 195, 148, 108, 181, 223;
 75, 82, 58, 189, 116, 188, 185, 23, 172, 77, 86, 181, 189, 142, 51, 74, 166, 55, 223, 5, 128, 153, 176, 192, 199, 245, 58, 139, 132, 148, 173, 121;
 223, 207, 238, 190, 190, 144, 222, 247, 154, 206, 152, 247, 105, 234, 183, 195, 255, 227, 191, 199, 236, 79, 14, 255, 242, 103, 239, 137, 61, 252, 185, 95;
 1, 157, 123, 220, 118, 248, 187, 115, 252, 65, 95, 242, 125, 255, 180, 96, 54, 59, 23, 13, 179, 185, 52, 239, 127, 109, 34, 192, 164, 139, 165, 241;
 2, 159, 10, 157, 182, 128, 188, 103, 140, 11, 90, 247, 164, 170, 34, 192, 231, 63, 187, 129, 86, 152, 130, 199, 36, 52, 154, 195, 28, 8, 189, 31;
 219, 91, 98, 156, 92, 148, 206, 246, 149, 76, 214, 199, 41, 171, 55, 196, 110, 235, 55, 205, 204, 139, 22, 239, 242, 105, 138, 136, 63, 188, 120, 216;
 55, 50, 122, 192, 118, 95, 219, 88, 73, 236, 189, 175, 11, 13, 183, 24, 62, 133, 135, 118, 141, 163, 52, 204, 82, 93, 33, 159, 111, 175, 102, 215;
 246, 75, 99, 192, 86, 80, 123, 113, 33, 204, 244, 234, 9, 15, 165, 117, 110, 152, 151, 250, 200, 59, 164, 204, 126, 200, 162, 239, 39, 174, 102, 245;
 147, 17, 91, 200, 54, 18, 88, 113, 77, 64, 209, 98, 126, 91, 168, 228, 254, 145, 31, 106, 201, 163, 64, 204, 178, 184, 34, 154, 61, 138, 41, 33;
 138, 200, 54, 153, 101, 210, 184, 231, 156, 21, 210, 3, 140, 138, 50, 197, 232, 45, 187, 193, 70, 157, 3, 245, 5, 115, 218, 195, 22, 12, 189, 202;
 188, 88, 232, 75, 70, 67, 207, 216, 86, 230, 117, 162, 81, 93, 249, 40, 126, 216, 23, 250, 169, 182, 124, 58, 119, 141, 165, 164, 255, 251, 116, 176;
 19, 91, 67, 156, 84, 132, 206, 118, 149, 204, 208, 199, 41, 238, 55, 64, 108, 234, 31, 207, 205, 139, 22, 239, 50, 108, 142, 136, 63, 189, 112, 92;
 34, 236, 107, 142, 94, 193, 171, 236, 26, 228, 88, 139, 113, 204, 126, 0, 126, 233, 19, 231, 194, 242, 174, 191, 124, 12, 175, 232, 85, 31, 118, 218;
 3, 156, 123, 219, 116, 170, 251, 147, 188, 67, 82, 246, 181, 206, 180, 104, 231, 43, 23, 29, 183, 156, 36, 255, 68, 46, 186, 192, 140, 137, 241, 241;
 150, 28, 63, 254, 78, 230, 187, 98, 148, 222, 211, 183, 124, 158, 183, 75, 238, 117, 187, 227, 224, 199, 34, 238, 19, 35, 250, 130, 53, 121, 37, 251;
 102, 53, 115, 202, 251, 209, 185, 89, 11, 220, 185, 239, 12, 222, 108, 241, 246, 153, 151, 179, 151, 67, 170, 208, 59, 16, 175, 175, 21, 23, 167, 247;
 57, 65, 90, 236, 6, 18, 91, 96, 76, 0, 229, 2, 95, 90, 191, 113, 122, 137, 30, 234, 77, 163, 100, 204, 240, 169, 2, 25, 53, 170, 105, 0;
 35, 207, 66, 136, 215, 144, 190, 231, 141, 69, 88, 199, 40, 138, 54, 192, 238, 171, 147, 197, 214, 154, 4, 253, 54, 52, 142, 203, 29, 30, 248, 220;
 147, 221, 99, 140, 87, 150, 175, 246, 93, 64, 90, 198, 121, 204, 180, 228, 126, 233, 19, 239, 229, 185, 52, 239, 52, 44, 142, 128, 63, 190, 113, 252;
 87, 95, 130, 172, 190, 54, 206, 246, 144, 202, 216, 231, 125, 232, 179, 195, 255, 231, 29, 239, 237, 195, 140, 234, 184, 111, 239, 152, 61, 126, 185, 29;
 83, 72, 199, 253, 77, 0, 233, 68, 165, 128, 194, 130, 185, 11, 49, 107, 104, 161, 123, 205, 72, 131, 245, 200, 149, 168, 218, 0, 37, 152, 113, 168;
 2, 218, 190, 189, 125, 207, 187, 238, 143, 77, 218, 39, 172, 190, 54, 64, 239, 251, 191, 193, 134, 187, 115, 253, 189, 55, 218, 195, 149, 14, 53, 223;
 3, 159, 11, 143, 150, 128, 172, 39, 12, 73, 90, 231, 180, 134, 48, 64, 230, 43, 59, 133, 215, 152, 7, 245, 36, 36, 186, 192, 28, 10, 177, 217;
 3, 193, 98, 201, 212, 223, 239, 229, 95, 64, 92, 131, 168, 204, 62, 36, 122, 43, 19, 253, 214, 184, 52, 223, 47, 28, 142, 100, 85, 142, 241, 252;
 182, 4, 104, 225, 164, 47, 76, 82, 85, 42, 243, 90, 3, 27, 48, 93, 248, 140, 23, 170, 184, 182, 113, 194, 147, 216, 210, 86, 181, 217, 240, 2;
 181, 89, 127, 75, 206, 71, 207, 216, 196, 234, 244, 98, 113, 213, 181, 45, 126, 248, 22, 234, 233, 183, 60, 56, 115, 11, 229, 164, 119, 251, 112, 241;
 49, 155, 120, 161, 116, 63, 218, 82, 73, 105, 190, 110, 159, 24, 146, 34, 238, 133, 94, 13, 141, 59, 85, 133, 214, 221, 170, 244, 109, 138, 89, 149;
 19, 137, 3, 136, 157, 194, 174, 111, 157, 64, 217, 66, 8, 138, 52, 192, 248, 43, 27, 225, 87, 139, 8, 223, 49, 60, 138, 206, 29, 14, 177, 132;
 60, 253, 106, 234, 151, 211, 95, 252, 23, 228, 220, 131, 107, 247, 42, 68, 123, 248, 151, 251, 106, 187, 56, 191, 251, 199, 143, 55, 55, 190, 52, 250;
 25, 149, 123, 236, 182, 226, 187, 255, 60, 69, 94, 166, 29, 191, 160, 96, 246, 31, 151, 161, 241, 153, 32, 223, 250, 239, 42, 196, 53, 128, 165, 249;
 183, 76, 99, 158, 84, 198, 238, 96, 148, 192, 210, 199, 112, 214, 53, 97, 104, 237, 27, 207, 233, 135, 20, 238, 48, 40, 170, 136, 13, 59, 48, 248;
 188, 148, 126, 106, 214, 115, 82, 120, 85, 2, 245, 178, 91, 95, 188, 113, 127, 152, 151, 234, 184, 182, 121, 159, 115, 239, 224, 69, 119, 235, 228, 179;
 114, 129, 75, 170, 30, 193, 200, 96, 5, 0, 251, 139, 159, 143, 48, 192, 106, 137, 159, 193, 73, 171, 65, 213, 145, 225, 138, 89, 53, 10, 124, 40;
 87, 72, 82, 192, 66, 18, 104, 64, 41, 160, 178, 138, 13, 11, 245, 222, 110, 165, 127, 220, 137, 147, 148, 200, 150, 200, 203, 32, 45, 161, 107, 132;
 163, 201, 65, 141, 213, 159, 238, 181, 85, 96, 86, 86, 81, 8, 182, 228, 88, 204, 18, 237, 237, 190, 117, 223, 46, 60, 133, 68, 31, 156, 216, 156;
 215, 75, 134, 186, 172, 146, 78, 216, 140, 202, 146, 199, 205, 202, 187, 235, 246, 225, 60, 255, 205, 3, 14, 232, 176, 105, 239, 140, 156, 247, 185, 85;
 169, 207, 99, 74, 86, 147, 239, 244, 85, 68, 116, 230, 48, 200, 181, 229, 90, 234, 22, 206, 207, 186, 108, 253, 118, 8, 161, 136, 119, 159, 112, 253;
 143, 86, 106, 155, 230, 179, 238, 80, 29, 110, 215, 247, 93, 207, 191, 109, 126, 173, 151, 255, 231, 183, 60, 202, 86, 121, 170, 128, 63, 223, 249, 209;
 66, 16, 58, 186, 100, 140, 57, 87, 169, 93, 82, 149, 188, 143, 50, 75, 230, 51, 63, 21, 130, 13, 178, 193, 199, 56, 58, 136, 140, 0, 37, 249;
 184, 67, 123, 108, 84, 194, 203, 112, 229, 140, 244, 74, 19, 203, 180, 48, 124, 168, 6, 234, 200, 179, 32, 142, 114, 233, 162, 136, 103, 170, 114, 161;
 134, 122, 26, 147, 226, 232, 184, 212, 172, 28, 114, 243, 140, 206, 225, 75, 174, 57, 143, 211, 146, 181, 130, 224, 4, 144, 42, 235, 128, 81, 165, 131;
 39, 161, 5, 217, 221, 151, 168, 201, 94, 177, 208, 66, 200, 200, 253, 165, 249, 138, 218, 185, 63, 251, 85, 220, 189, 22, 143, 119, 157, 12, 249, 164;
 35, 232, 58, 170, 109, 133, 169, 196, 136, 21, 124, 6, 188, 206, 62, 0, 206, 19, 19, 209, 2, 42, 114, 245, 69, 25, 154, 232, 20, 11, 113, 234;
 15, 147, 225, 171, 180, 227, 187, 152, 14, 109, 95, 167, 221, 237, 250, 96, 95, 11, 23, 157, 146, 152, 109, 183, 76, 22, 186, 228, 158, 207, 149, 243;
 128, 148, 123, 253, 118, 236, 185, 54, 124, 11, 114, 18, 181, 153, 32, 96, 167, 59, 19, 9, 179, 188, 16, 71, 69, 175, 58, 64, 68, 0, 101, 171;
 90, 72, 166, 189, 13, 86, 92, 38, 165, 22, 198, 131, 237, 46, 51, 79, 192, 101, 185, 207, 76, 197, 247, 168, 131, 243, 218, 17, 38, 117, 61, 78;
 45, 201, 106, 79, 85, 148, 235, 112, 85, 64, 125, 2, 121, 200, 183, 228, 120, 104, 18, 206, 197, 180, 60, 239, 39, 45, 130, 8, 119, 175, 120, 236]