[21, 194, 78, 225, 36, 143, 240, 208, 237, 56, 178, 99, 86, 217, 253, 2, 172, 232, 127, 127, 200, 181, 0, 192, 194, 217, 99, 196, 109, 187, 120, 131;
 162, 234, 42, 156, 109, 148, 248, 103, 185, 86, 212, 151, 168, 140, 86, 133, 204, 41, 147, 133, 238, 239, 214, 231, 6, 113, 154, 235, 7, 132, 126, 220;
 103, 171, 193, 69, 252, 18, 234, 177, 66, 168, 188, 238, 65, 97, 213, 134, 95, 236, 38, 220, 129, 114, 204, 136, 62, 12, 165, 188, 207, 170, 90, 181;
 85, 12, 235, 172, 146, 38, 107, 26, 52, 193, 94, 135, 81, 167, 179, 104, 118, 237, 55, 221, 153, 152, 53, 44, 216, 175, 170, 192, 189, 163, 49, 120;
 3, 5, 111, 155, 214, 243, 185, 71, 28, 197, 94, 131, 188, 236, 55, 232, 126, 59, 147, 181, 150, 152, 36, 204, 103, 15, 30, 129, 149, 206, 45, 253;
 47, 243, 226, 2, 243, 208, 187, 216, 99, 85, 60, 231, 72, 206, 254, 244, 119, 203, 149, 247, 214, 18, 172, 228, 62, 92, 175, 239, 183, 151, 175, 245;
 116, 9, 147, 168, 213, 224, 66, 3, 3, 1, 232, 8, 151, 179, 97, 112, 241, 255, 4, 144, 27, 26, 144, 160, 185, 245, 142, 107, 184, 99, 224, 34;
 59, 118, 178, 45, 19, 54, 178, 95, 117, 79, 241, 96, 40, 62, 175, 189, 253, 153, 206, 177, 175, 167, 36, 201, 49, 94, 154, 151, 195, 84, 175, 207;
 165, 37, 113, 67, 84, 95, 231, 97, 92, 160, 125, 74, 19, 220, 252, 165, 88, 184, 18, 106, 249, 176, 124, 154, 39, 136, 165, 32, 117, 235, 212, 164;
 186, 102, 102, 148, 79, 211, 184, 100, 129, 244, 149, 139, 104, 204, 86, 135, 174, 177, 211, 229, 236, 103, 44, 222, 59, 83, 203, 175, 103, 22, 63, 222;
 82, 79, 123, 188, 234, 224, 190, 198, 173, 6, 216, 163, 44, 142, 33, 75, 226, 251, 159, 195, 68, 139, 6, 232, 176, 32, 174, 139, 53, 116, 165, 203;
 91, 139, 165, 165, 157, 118, 89, 148, 135, 253, 142, 3, 205, 47, 18, 238, 192, 231, 189, 156, 156, 201, 243, 228, 139, 255, 223, 215, 130, 102, 189, 110;
 44, 14, 111, 45, 102, 99, 251, 250, 100, 78, 124, 231, 113, 45, 179, 9, 42, 64, 23, 111, 133, 186, 47, 61, 70, 47, 96, 132, 125, 171, 118, 209;
 59, 241, 107, 76, 86, 212, 235, 252, 96, 64, 124, 230, 57, 204, 191, 100, 126, 216, 23, 237, 199, 178, 180, 221, 118, 109, 170, 172, 127, 150, 114, 253;
 60, 19, 248, 108, 234, 118, 27, 120, 113, 12, 252, 42, 91, 255, 162, 48, 94, 185, 165, 224, 152, 42, 96, 19, 211, 237, 99, 207, 243, 227, 46, 227;
 47, 94, 250, 200, 119, 251, 179, 210, 91, 109, 93, 255, 12, 220, 183, 228, 247, 57, 151, 21, 135, 178, 60, 215, 118, 93, 33, 231, 191, 223, 223, 215;
 95, 11, 206, 165, 134, 62, 110, 186, 37, 192, 218, 199, 93, 42, 51, 202, 102, 229, 189, 239, 157, 144, 21, 200, 178, 111, 235, 132, 173, 247, 56, 20;
 237, 249, 233, 247, 238, 95, 237, 240, 82, 242, 116, 206, 81, 45, 215, 43, 111, 236, 55, 207, 197, 126, 253, 232, 94, 11, 253, 172, 109, 251, 90, 216;
 71, 25, 119, 145, 239, 63, 188, 174, 94, 241, 18, 198, 156, 62, 247, 237, 231, 71, 186, 125, 181, 217, 63, 252, 60, 26, 95, 214, 156, 93, 137, 253;
 46, 76, 227, 154, 245, 211, 239, 65, 151, 198, 214, 163, 105, 204, 183, 236, 122, 169, 151, 223, 225, 151, 46, 238, 48, 126, 143, 137, 23, 254, 116, 244;
 175, 191, 229, 65, 245, 191, 234, 211, 91, 251, 60, 127, 152, 56, 215, 191, 143, 206, 23, 188, 183, 122, 236, 210, 46, 89, 165, 230, 207, 253, 218, 213;
 25, 223, 94, 191, 50, 26, 62, 255, 52, 202, 90, 231, 125, 102, 162, 193, 55, 107, 149, 238, 229, 216, 13, 191, 230, 239, 239, 128, 61, 246, 169, 217;
 2, 214, 103, 159, 102, 197, 188, 119, 29, 67, 83, 247, 172, 46, 62, 193, 255, 27, 147, 133, 229, 156, 53, 215, 37, 62, 218, 194, 29, 12, 165, 255;
 203, 31, 102, 137, 126, 144, 185, 87, 141, 69, 214, 231, 173, 14, 183, 71, 78, 35, 223, 157, 247, 155, 117, 204, 118, 56, 154, 128, 143, 132, 185, 221;
 3, 220, 186, 196, 109, 253, 187, 82, 207, 238, 60, 45, 190, 189, 103, 32, 167, 57, 223, 5, 132, 33, 176, 218, 199, 221, 1, 186, 214, 254, 5, 223;
 35, 36, 232, 73, 89, 116, 248, 67, 232, 85, 236, 16, 136, 30, 87, 114, 200, 10, 89, 157, 134, 147, 244, 192, 7, 125, 138, 3, 130, 68, 122, 206;
 49, 171, 74, 161, 208, 6, 107, 219, 1, 1, 108, 199, 17, 3, 114, 80, 124, 140, 19, 252, 154, 154, 196, 93, 127, 173, 165, 108, 33, 128, 162, 128;
 43, 255, 98, 72, 119, 244, 187, 222, 107, 69, 124, 167, 40, 142, 191, 244, 126, 171, 151, 205, 135, 146, 164, 223, 54, 124, 154, 174, 31, 215, 122, 253;
 11, 86, 226, 15, 115, 176, 190, 95, 95, 79, 125, 231, 40, 174, 191, 228, 255, 43, 134, 133, 135, 146, 44, 251, 38, 60, 158, 139, 215, 214, 173, 221;
 29, 16, 172, 253, 141, 86, 93, 62, 197, 94, 134, 2, 219, 63, 51, 238, 77, 244, 189, 168, 141, 132, 119, 136, 195, 255, 250, 151, 182, 254, 60, 118;
 46, 157, 53, 240, 237, 223, 252, 230, 207, 121, 52, 9, 156, 61, 55, 169, 201, 115, 151, 113, 180, 122, 122, 180, 63, 219, 221, 255, 218, 29, 214, 211;
 39, 194, 232, 136, 236, 189, 232, 202, 11, 93, 88, 207, 4, 204, 63, 152, 221, 137, 183, 21, 134, 34, 70, 209, 22, 61, 155, 255, 157, 93, 91, 213;
 61, 231, 225, 73, 252, 23, 79, 217, 71, 121, 188, 198, 73, 64, 255, 188, 93, 200, 22, 254, 191, 2, 109, 214, 46, 76, 165, 252, 251, 223, 232, 245;
 44, 222, 249, 233, 172, 75, 223, 255, 94, 123, 28, 122, 159, 253, 248, 96, 223, 90, 31, 15, 194, 48, 104, 179, 230, 221, 175, 180, 54, 248, 213, 227;
 18, 23, 119, 188, 98, 75, 156, 97, 57, 74, 89, 239, 111, 125, 60, 17, 190, 185, 23, 163, 237, 163, 0, 205, 176, 254, 105, 130, 125, 250, 163, 151;
 63, 199, 96, 10, 242, 17, 238, 252, 85, 89, 253, 247, 75, 76, 190, 229, 127, 194, 150, 255, 255, 35, 47, 247, 58, 93, 166, 206, 255, 159, 248, 213;
 171, 234, 34, 187, 117, 215, 169, 118, 94, 236, 120, 7, 56, 140, 119, 96, 204, 41, 151, 213, 230, 190, 100, 222, 111, 93, 190, 232, 93, 14, 117, 222;
 75, 209, 183, 205, 237, 52, 189, 143, 175, 83, 75, 19, 220, 190, 124, 230, 247, 23, 187, 133, 195, 16, 187, 209, 181, 120, 222, 6, 158, 118, 177, 126;
 75, 254, 106, 202, 53, 220, 250, 246, 45, 76, 222, 236, 173, 156, 183, 228, 206, 57, 223, 79, 207, 61, 244, 255, 182, 125, 138, 147, 15, 151, 95, 127;
 5, 223, 75, 207, 214, 195, 239, 253, 86, 96, 88, 226, 81, 110, 180, 96, 127, 249, 18, 233, 211, 178, 45, 95, 60, 46, 175, 196, 61, 186, 177, 176;
 21, 145, 233, 251, 164, 5, 111, 253, 86, 91, 81, 227, 211, 253, 120, 104, 127, 219, 55, 207, 219, 176, 79, 113, 197, 143, 254, 236, 189, 218, 240, 251;
 83, 251, 97, 40, 118, 192, 203, 248, 105, 72, 216, 239, 57, 222, 156, 116, 182, 201, 21, 231, 207, 3, 190, 245, 176, 124, 170, 174, 29, 7, 51, 93;
 10, 138, 114, 152, 123, 208, 187, 106, 63, 4, 84, 163, 44, 238, 166, 100, 255, 59, 151, 133, 38, 15, 46, 255, 94, 119, 154, 235, 151, 133, 39, 223;
 40, 192, 184, 184, 29, 141, 209, 140, 150, 53, 148, 11, 151, 217, 114, 8, 201, 185, 35, 81, 10, 110, 90, 21, 201, 131, 249, 125, 208, 8, 28, 138;
 2, 248, 42, 154, 79, 245, 180, 198, 159, 95, 92, 11, 172, 220, 118, 140, 205, 59, 147, 135, 70, 107, 50, 241, 7, 20, 154, 171, 18, 92, 61, 223;
 8, 182, 56, 171, 90, 160, 185, 111, 6, 21, 93, 167, 181, 142, 42, 64, 111, 27, 139, 145, 86, 139, 14, 93, 100, 37, 186, 173, 156, 66, 173, 218;
 3, 254, 106, 153, 118, 148, 190, 119, 61, 79, 92, 183, 44, 140, 150, 132, 191, 41, 151, 133, 199, 188, 54, 231, 54, 93, 158, 195, 79, 148, 191, 221;
 13, 91, 225, 76, 44, 125, 207, 222, 71, 77, 220, 236, 171, 237, 255, 164, 94, 202, 158, 77, 143, 34, 111, 177, 226, 221, 32, 188, 255, 255, 84, 125;
 2, 58, 122, 144, 87, 241, 184, 71, 189, 69, 94, 163, 44, 158, 54, 172, 174, 59, 147, 145, 134, 184, 38, 221, 23, 23, 154, 195, 197, 68, 47, 223;
 15, 163, 160, 211, 229, 159, 227, 107, 95, 109, 93, 214, 140, 72, 254, 164, 153, 10, 130, 29, 211, 184, 110, 247, 12, 94, 23, 230, 222, 142, 217, 229;
 43, 133, 225, 207, 244, 117, 255, 95, 75, 77, 93, 30, 168, 172, 222, 36, 219, 138, 23, 141, 151, 58, 254, 243, 39, 124, 146, 235, 215, 206, 214, 252;
 111, 201, 228, 65, 205, 93, 78, 154, 71, 242, 156, 14, 75, 45, 87, 174, 205, 196, 187, 221, 157, 96, 127, 192, 15, 95, 197, 124, 159, 255, 88, 84;
 171, 245, 97, 72, 209, 215, 206, 111, 83, 65, 109, 23, 56, 12, 54, 180, 216, 138, 147, 156, 247, 30, 116, 223, 63, 29, 144, 104, 91, 132, 254, 214;
 26, 124, 103, 253, 39, 214, 252, 115, 181, 130, 215, 147, 205, 31, 16, 173, 111, 177, 159, 171, 233, 204, 17, 206, 227, 255, 222, 131, 47, 228, 249, 19;
 195, 33, 163, 248, 141, 229, 233, 3, 159, 113, 131, 18, 148, 151, 117, 109, 200, 25, 59, 157, 19, 71, 242, 209, 5, 24, 154, 124, 16, 25, 241, 224;
 153, 69, 111, 231, 38, 86, 111, 117, 100, 192, 255, 162, 123, 31, 187, 97, 126, 132, 20, 238, 233, 177, 37, 140, 243, 233, 166, 128, 39, 146, 240, 248;
 3, 151, 38, 25, 239, 241, 180, 107, 221, 95, 89, 247, 172, 204, 190, 205, 239, 43, 130, 149, 246, 188, 38, 213, 14, 50, 90, 203, 95, 76, 173, 215;
 7, 151, 100, 155, 237, 155, 252, 253, 95, 95, 93, 183, 200, 76, 190, 13, 255, 131, 147, 191, 247, 124, 127, 245, 46, 90, 222, 199, 95, 143, 249, 212;
 11, 216, 87, 144, 51, 150, 60, 119, 141, 66, 214, 198, 172, 6, 166, 197, 102, 163, 158, 140, 101, 141, 48, 239, 162, 118, 94, 130, 14, 156, 169, 92;
 171, 179, 97, 91, 117, 180, 184, 248, 91, 77, 125, 247, 168, 204, 222, 164, 93, 11, 151, 157, 183, 186, 236, 247, 14, 93, 186, 234, 95, 134, 122, 221;
 187, 246, 107, 192, 118, 211, 109, 125, 49, 200, 244, 162, 59, 215, 190, 180, 126, 184, 151, 236, 233, 150, 36, 223, 115, 77, 161, 168, 39, 150, 246, 241;
 3, 223, 131, 158, 246, 134, 174, 247, 95, 9, 90, 231, 108, 202, 188, 196, 255, 75, 7, 207, 211, 156, 12, 247, 52, 54, 186, 198, 29, 31, 185, 141;
 55, 13, 237, 72, 252, 39, 203, 154, 78, 233, 186, 206, 83, 60, 183, 104, 93, 192, 94, 255, 191, 35, 109, 126, 58, 15, 165, 212, 221, 251, 112, 84;
 135, 116, 172, 152, 220, 245, 184, 206, 206, 119, 12, 23, 140, 220, 127, 43, 205, 9, 147, 145, 166, 103, 62, 208, 79, 1, 255, 111, 148, 92, 61, 214;
 76, 157, 254, 119, 230, 104, 189, 147, 233, 91, 126, 166, 249, 125, 159, 106, 23, 95, 55, 139, 211, 244, 247, 225, 71, 56, 100, 128, 238, 241, 132, 243;
 63, 79, 65, 204, 85, 183, 79, 248, 5, 64, 108, 70, 121, 67, 183, 244, 120, 232, 18, 238, 141, 2, 52, 255, 51, 44, 129, 8, 59, 191, 122, 228;
 255, 30, 246, 31, 99, 56, 176, 48, 237, 206, 119, 239, 106, 104, 159, 222, 38, 161, 238, 7, 132, 181, 39, 236, 22, 123, 80, 147, 231, 239, 72, 85;
 169, 63, 42, 33, 222, 157, 181, 119, 196, 236, 214, 239, 179, 12, 51, 1, 108, 34, 219, 21, 244, 187, 117, 140, 124, 65, 62, 208, 205, 12, 185, 223;
 107, 50, 105, 237, 124, 132, 201, 26, 131, 77, 85, 229, 145, 141, 150, 114, 204, 44, 181, 141, 139, 10, 246, 213, 71, 121, 170, 232, 31, 132, 118, 241;
 185, 205, 4, 190, 141, 20, 134, 239, 132, 18, 207, 18, 104, 115, 56, 199, 73, 210, 186, 239, 105, 7, 91, 181, 177, 227, 206, 29, 27, 126, 184, 48;
 27, 23, 54, 179, 223, 253, 176, 68, 101, 205, 154, 107, 110, 56, 63, 173, 172, 131, 206, 177, 190, 171, 33, 236, 159, 86, 82, 67, 227, 79, 45, 207;
 26, 144, 44, 193, 141, 247, 185, 227, 173, 119, 142, 147, 200, 60, 30, 38, 173, 151, 251, 133, 180, 173, 117, 215, 95, 94, 219, 87, 199, 4, 189, 118;
 55, 51, 232, 200, 118, 49, 219, 88, 75, 77, 221, 175, 25, 204, 247, 48, 254, 153, 23, 245, 143, 35, 124, 217, 210, 92, 171, 190, 157, 167, 115, 213;
 39, 128, 232, 222, 77, 116, 250, 73, 75, 71, 205, 19, 232, 252, 126, 40, 217, 139, 179, 135, 150, 34, 254, 241, 87, 60, 218, 123, 213, 79, 252, 198;
 48, 28, 165, 172, 44, 103, 193, 11, 6, 10, 217, 35, 246, 61, 33, 74, 200, 149, 63, 33, 8, 42, 107, 25, 129, 166, 122, 30, 80, 107, 52, 122;
 79, 94, 37, 231, 48, 54, 27, 24, 0, 200, 155, 230, 253, 71, 153, 230, 214, 101, 61, 239, 201, 132, 249, 207, 194, 63, 171, 128, 14, 167, 49, 113;
 203, 149, 118, 215, 102, 24, 189, 55, 121, 91, 95, 146, 249, 59, 158, 103, 166, 55, 253, 168, 245, 216, 229, 237, 102, 122, 254, 194, 15, 192, 211, 141;
 3, 147, 43, 168, 52, 195, 185, 125, 44, 76, 216, 111, 156, 158, 176, 0, 190, 17, 95, 245, 214, 139, 32, 220, 248, 24, 170, 220, 28, 10, 165, 91;
 17, 205, 79, 221, 20, 135, 237, 231, 84, 0, 74, 2, 177, 11, 48, 97, 104, 34, 27, 200, 115, 184, 119, 191, 229, 175, 158, 0, 53, 136, 240, 168;
 31, 89, 99, 73, 243, 214, 174, 119, 116, 200, 94, 226, 57, 214, 181, 228, 118, 57, 21, 252, 213, 152, 52, 190, 62, 109, 174, 192, 191, 151, 171, 189;
 180, 29, 71, 161, 192, 66, 100, 99, 165, 194, 163, 51, 2, 54, 101, 219, 233, 180, 166, 178, 125, 187, 17, 140, 184, 130, 193, 70, 169, 41, 232, 148;
 191, 253, 97, 200, 79, 247, 239, 254, 87, 122, 188, 206, 25, 221, 253, 165, 63, 152, 151, 239, 235, 35, 62, 223, 51, 72, 133, 252, 127, 223, 82, 180;
 168, 80, 173, 213, 69, 95, 145, 28, 82, 255, 117, 31, 122, 29, 86, 47, 12, 92, 179, 13, 169, 244, 116, 153, 71, 11, 209, 33, 79, 13, 214, 242;
 47, 27, 103, 250, 189, 228, 251, 176, 173, 220, 255, 103, 109, 237, 191, 111, 204, 115, 191, 247, 185, 171, 123, 236, 91, 123, 250, 200, 159, 143, 116, 121;
 226, 183, 105, 140, 126, 192, 191, 121, 152, 78, 153, 239, 48, 206, 188, 81, 222, 185, 87, 167, 243, 3, 230, 95, 112, 44, 171, 188, 29, 34, 183, 241;
 147, 223, 104, 158, 71, 181, 254, 248, 95, 94, 92, 230, 104, 200, 191, 228, 127, 202, 151, 239, 199, 50, 46, 247, 54, 89, 202, 139, 95, 223, 121, 205;
 155, 79, 242, 92, 195, 242, 189, 71, 253, 70, 126, 179, 40, 174, 167, 237, 110, 59, 130, 129, 229, 191, 38, 235, 55, 52, 94, 131, 247, 244, 165, 253;
 236, 66, 169, 225, 233, 4, 111, 148, 53, 79, 199, 149, 153, 7, 91, 94, 93, 212, 223, 222, 216, 22, 241, 162, 87, 215, 190, 140, 162, 213, 166, 242;
 15, 189, 232, 131, 228, 88, 255, 255, 235, 90, 28, 163, 190, 188, 223, 103, 35, 194, 159, 93, 215, 120, 172, 227, 110, 89, 166, 133, 175, 222, 221, 221;
 75, 149, 108, 190, 127, 84, 189, 189, 169, 93, 157, 183, 236, 126, 190, 119, 230, 147, 191, 133, 246, 11, 254, 253, 246, 121, 202, 155, 30, 198, 185, 95;
 163, 240, 106, 222, 93, 213, 248, 93, 91, 77, 85, 30, 40, 220, 190, 36, 184, 170, 22, 29, 239, 110, 254, 239, 55, 25, 148, 234, 79, 14, 250, 253;
 204, 222, 151, 243, 173, 36, 182, 144, 140, 59, 179, 119, 220, 123, 173, 203, 239, 87, 255, 115, 240, 101, 10, 226, 126, 255, 111, 214, 159, 123, 193, 147;
 50, 75, 98, 156, 215, 179, 190, 199, 199, 5, 248, 131, 40, 232, 55, 100, 232, 171, 147, 213, 134, 187, 38, 255, 48, 124, 138, 139, 183, 92, 253, 206;
 63, 92, 226, 187, 118, 167, 235, 82, 92, 202, 89, 103, 121, 216, 55, 232, 126, 235, 23, 159, 163, 182, 20, 234, 84, 109, 170, 128, 255, 255, 113, 211;
 75, 212, 121, 232, 118, 156, 127, 191, 43, 89, 29, 167, 188, 95, 190, 112, 247, 155, 159, 181, 214, 8, 168, 215, 127, 125, 190, 238, 22, 134, 165, 127;
 61, 5, 105, 173, 198, 111, 239, 105, 80, 230, 233, 10, 83, 60, 51, 121, 120, 140, 18, 47, 121, 182, 117, 14, 117, 175, 192, 4, 253, 234, 116, 242;
 39, 27, 118, 72, 93, 183, 162, 72, 207, 45, 124, 206, 72, 232, 188, 173, 220, 184, 130, 124, 148, 43, 62, 220, 31, 30, 1, 62, 223, 239, 88, 181;
 5, 150, 15, 165, 52, 47, 96, 56, 108, 59, 91, 124, 214, 48, 168, 105, 181, 4, 126, 45, 177, 144, 65, 29, 132, 174, 120, 212, 136, 11, 16, 161;
 221, 36, 169, 182, 95, 244, 90, 200, 219, 232, 156, 71, 125, 252, 123, 227, 178, 103, 28, 127, 165, 103, 172, 234, 187, 93, 47, 184, 140, 119, 57, 93;
 59, 113, 237, 109, 44, 84, 157, 88, 194, 218, 212, 134, 185, 220, 215, 162, 222, 77, 245, 231, 207, 66, 247, 137, 65, 233, 171, 188, 29, 119, 123, 213;
 94, 193, 44, 170, 141, 80, 86, 232, 151, 92, 133, 3, 75, 238, 59, 200, 217, 192, 173, 230, 94, 3, 107, 181, 243, 247, 206, 31, 18, 31, 188, 86;
 95, 211, 103, 8, 118, 18, 234, 184, 233, 80, 218, 231, 73, 78, 190, 246, 118, 197, 253, 237, 197, 147, 37, 213, 62, 122, 175, 198, 47, 166, 122, 85;
 86, 217, 51, 178, 161, 237, 60, 215, 175, 93, 154, 77, 174, 142, 101, 92, 229, 19, 191, 71, 155, 9, 178, 241, 153, 208, 218, 250, 144, 93, 135, 127;
 47, 241, 226, 138, 247, 20, 250, 220, 139, 85, 93, 135, 72, 236, 254, 70, 255, 203, 151, 215, 151, 3, 190, 241, 58, 125, 142, 239, 255, 151, 251, 212;
 7, 147, 41, 241, 172, 93, 253, 249, 94, 123, 80, 71, 219, 252, 222, 41, 223, 9, 55, 37, 223, 112, 127, 213, 207, 223, 255, 236, 212, 168, 213, 247;
 179, 78, 86, 254, 21, 150, 94, 240, 213, 10, 246, 70, 107, 27, 35, 197, 232, 225, 142, 246, 110, 175, 17, 238, 179, 250, 130, 19, 43, 141, 104, 13;
 194, 63, 186, 146, 219, 225, 177, 198, 191, 157, 122, 179, 44, 158, 103, 11, 166, 123, 239, 209, 34, 219, 178, 224, 127, 17, 14, 171, 133, 85, 39, 251;
 15, 58, 233, 77, 102, 114, 171, 90, 66, 203, 93, 230, 185, 13, 151, 42, 94, 120, 19, 157, 131, 242, 231, 64, 70, 13, 171, 140, 207, 243, 55, 241;
 150, 135, 41, 235, 128, 225, 75, 232, 102, 89, 73, 80, 145, 99, 248, 240, 81, 138, 23, 137, 27, 26, 111, 23, 205, 132, 170, 237, 52, 195, 246, 240;
 63, 219, 108, 42, 182, 83, 222, 249, 71, 93, 221, 231, 75, 76, 191, 97, 126, 193, 159, 247, 223, 163, 45, 149, 250, 75, 175, 213, 255, 159, 188, 85;
 58, 102, 110, 148, 79, 209, 248, 100, 137, 198, 212, 131, 40, 204, 118, 133, 234, 161, 211, 231, 204, 215, 182, 205, 19, 83, 219, 171, 39, 29, 127, 222;
 239, 120, 225, 81, 237, 87, 233, 144, 91, 242, 52, 222, 25, 140, 215, 174, 111, 204, 183, 223, 173, 118, 253, 194, 30, 88, 197, 172, 255, 189, 88, 244;
 138, 6, 230, 155, 87, 179, 184, 75, 28, 69, 95, 147, 109, 238, 62, 225, 126, 43, 147, 157, 182, 216, 47, 207, 79, 15, 186, 193, 151, 206, 189, 241;
 8, 179, 125, 233, 60, 198, 105, 57, 134, 76, 86, 230, 247, 87, 184, 96, 126, 24, 63, 120, 211, 184, 99, 21, 204, 169, 162, 196, 52, 138, 181, 113;
 62, 217, 50, 243, 103, 221, 178, 224, 143, 120, 124, 43, 156, 157, 100, 160, 171, 121, 183, 81, 65, 56, 26, 244, 207, 217, 79, 239, 90, 14, 93, 219;
 56, 19, 248, 108, 123, 86, 91, 120, 131, 12, 253, 33, 91, 191, 34, 18, 222, 253, 197, 224, 152, 139, 96, 140, 251, 253, 34, 215, 115, 167, 38, 243;
 120, 17, 224, 239, 173, 118, 87, 29, 71, 229, 143, 3, 219, 63, 122, 230, 212, 84, 189, 16, 156, 1, 123, 128, 195, 253, 150, 19, 182, 238, 212, 126;
 3, 209, 231, 155, 199, 21, 188, 253, 31, 91, 91, 215, 220, 126, 60, 233, 255, 27, 179, 135, 215, 144, 31, 245, 37, 58, 218, 198, 29, 94, 177, 245;
 11, 177, 113, 201, 114, 130, 127, 255, 43, 97, 125, 163, 29, 95, 190, 116, 246, 155, 151, 165, 210, 26, 60, 213, 119, 124, 138, 230, 23, 134, 167, 241;
 63, 171, 232, 3, 254, 19, 238, 217, 70, 236, 188, 231, 65, 44, 247, 162, 127, 200, 134, 252, 141, 58, 237, 168, 110, 77, 167, 173, 255, 254, 120, 221;
 51, 151, 105, 140, 46, 66, 141, 127, 8, 74, 217, 255, 213, 46, 184, 33, 94, 145, 23, 173, 241, 2, 100, 93, 240, 38, 250, 188, 29, 224, 183, 241;
 239, 122, 224, 81, 237, 21, 236, 212, 91, 246, 148, 238, 9, 12, 215, 191, 95, 204, 183, 255, 229, 118, 252, 192, 30, 88, 197, 188, 47, 188, 90, 212;
 10, 95, 43, 134, 98, 65, 189, 117, 44, 206, 222, 231, 181, 63, 177, 33, 110, 59, 223, 135, 193, 139, 33, 104, 240, 1, 254, 136, 4, 218, 37, 249;
 67, 158, 249, 252, 118, 209, 186, 250, 95, 202, 120, 227, 237, 254, 244, 224, 247, 121, 183, 133, 245, 106, 174, 219, 26, 223, 255, 239, 151, 172, 45, 253;
 58, 230, 99, 236, 119, 147, 95, 118, 81, 100, 252, 239, 9, 15, 178, 148, 126, 189, 151, 237, 200, 190, 36, 223, 118, 221, 130, 168, 55, 158, 246, 249;
 11, 216, 51, 201, 85, 220, 184, 230, 173, 81, 106, 3, 60, 156, 54, 228, 170, 57, 179, 197, 67, 185, 178, 245, 31, 124, 10, 67, 15, 12, 37, 254;
 11, 52, 251, 228, 119, 253, 251, 83, 91, 205, 60, 11, 190, 188, 119, 32, 191, 59, 151, 5, 164, 171, 176, 202, 243, 221, 26, 186, 215, 236, 5, 255;
 42, 54, 47, 136, 125, 103, 201, 83, 37, 221, 213, 93, 152, 13, 19, 173, 220, 129, 223, 189, 169, 163, 116, 204, 215, 89, 170, 144, 206, 196, 54, 114;
 43, 151, 226, 11, 243, 247, 190, 95, 95, 71, 125, 151, 40, 238, 190, 228, 127, 11, 147, 175, 215, 146, 60, 251, 54, 92, 138, 175, 159, 214, 251, 213;
 39, 191, 100, 209, 237, 223, 248, 243, 207, 252, 60, 167, 200, 44, 215, 166, 143, 33, 215, 157, 151, 120, 110, 212, 14, 94, 207, 247, 223, 172, 88, 213;
 39, 207, 106, 10, 118, 145, 186, 244, 45, 69, 92, 231, 104, 204, 190, 132, 126, 171, 151, 215, 214, 154, 12, 255, 62, 28, 142, 203, 127, 135, 123, 221;
 19, 254, 107, 161, 54, 199, 191, 119, 28, 201, 90, 247, 181, 159, 178, 96, 127, 59, 23, 149, 227, 156, 52, 255, 232, 141, 190, 192, 45, 136, 177, 249;
 3, 159, 3, 153, 246, 130, 174, 227, 30, 8, 90, 231, 44, 234, 180, 196, 254, 107, 6, 199, 215, 153, 12, 255, 52, 52, 174, 194, 29, 14, 57, 157;
 8, 147, 145, 237, 51, 90, 32, 63, 108, 73, 90, 100, 159, 53, 128, 228, 54, 26, 140, 8, 147, 184, 97, 131, 132, 245, 50, 198, 186, 132, 133, 57;
 73, 89, 123, 86, 119, 221, 179, 48, 237, 204, 63, 46, 124, 221, 191, 164, 166, 49, 215, 74, 199, 33, 54, 237, 87, 89, 32, 139, 79, 143, 77, 255;
 130, 191, 22, 218, 87, 180, 176, 242, 187, 29, 88, 119, 44, 250, 36, 132, 239, 59, 131, 129, 166, 171, 18, 255, 11, 54, 26, 203, 223, 69, 47, 159;
 183, 114, 226, 152, 239, 20, 186, 200, 91, 86, 149, 247, 8, 204, 255, 173, 127, 201, 151, 247, 183, 103, 238, 208, 30, 88, 155, 238, 255, 181, 123, 213;
 3, 252, 107, 155, 86, 247, 191, 67, 30, 79, 93, 183, 57, 206, 182, 32, 255, 187, 151, 135, 231, 188, 60, 247, 119, 15, 186, 131, 93, 198, 189, 223;
 157, 4, 107, 161, 22, 166, 105, 18, 52, 192, 95, 147, 117, 95, 59, 105, 118, 175, 53, 189, 169, 148, 117, 46, 221, 169, 170, 192, 173, 129, 48, 112;
 18, 10, 106, 156, 115, 177, 186, 98, 159, 13, 84, 227, 44, 206, 182, 64, 238, 57, 151, 197, 38, 27, 4, 255, 94, 119, 186, 235, 21, 5, 61, 143;
 83, 232, 42, 232, 29, 157, 250, 246, 205, 97, 254, 6, 184, 158, 54, 96, 236, 173, 59, 205, 207, 57, 144, 245, 247, 125, 138, 80, 13, 30, 121, 222;
 0, 147, 121, 233, 162, 111, 57, 63, 46, 111, 95, 245, 157, 39, 168, 68, 23, 27, 47, 136, 145, 152, 33, 87, 204, 182, 58, 196, 184, 192, 133, 113;
 239, 64, 68, 92, 77, 121, 64, 168, 203, 50, 165, 26, 74, 104, 255, 255, 73, 208, 234, 106, 29, 98, 126, 209, 30, 91, 193, 127, 215, 253, 88, 36;
 130, 222, 54, 220, 103, 177, 188, 103, 253, 7, 84, 55, 44, 184, 182, 133, 175, 59, 147, 129, 230, 189, 6, 255, 54, 82, 218, 131, 71, 84, 189, 143;
 34, 170, 42, 152, 69, 244, 188, 103, 153, 87, 84, 151, 172, 140, 54, 9, 204, 59, 147, 133, 134, 90, 242, 245, 7, 49, 218, 235, 6, 4, 255, 222;
 54, 219, 106, 73, 242, 146, 239, 253, 117, 12, 124, 230, 25, 201, 182, 52, 126, 136, 23, 252, 210, 154, 4, 223, 126, 12, 175, 196, 63, 134, 250, 185;
 59, 94, 106, 232, 119, 189, 254, 246, 45, 78, 92, 207, 61, 28, 183, 112, 254, 187, 151, 133, 207, 186, 52, 255, 247, 221, 170, 131, 63, 220, 127, 221;
 123, 219, 224, 196, 85, 22, 75, 153, 67, 236, 156, 143, 9, 44, 215, 182, 92, 204, 183, 221, 205, 26, 245, 202, 127, 93, 165, 172, 175, 172, 124, 124;
 45, 56, 233, 231, 108, 13, 233, 112, 66, 226, 124, 206, 113, 61, 219, 34, 126, 108, 55, 207, 193, 242, 253, 168, 78, 201, 239, 160, 109, 170, 80, 248;
 255, 78, 230, 12, 99, 57, 184, 98, 173, 70, 126, 175, 105, 44, 183, 142, 46, 129, 247, 165, 132, 183, 39, 203, 18, 127, 88, 131, 103, 165, 79, 220;
 155, 122, 109, 187, 167, 215, 220, 87, 77, 236, 214, 175, 175, 29, 151, 45, 142, 189, 183, 149, 220, 252, 101, 188, 226, 91, 248, 211, 38, 140, 156, 95;
 211, 211, 99, 12, 102, 18, 169, 120, 121, 112, 82, 230, 25, 140, 183, 245, 126, 141, 55, 237, 197, 186, 164, 221, 20, 40, 234, 132, 45, 164, 115, 221;
 46, 116, 230, 193, 243, 248, 121, 146, 175, 93, 30, 165, 136, 223, 207, 222, 199, 138, 223, 148, 14, 144, 240, 192, 207, 121, 138, 199, 166, 215, 94, 243;
 57, 155, 254, 45, 52, 67, 223, 115, 68, 79, 254, 229, 219, 60, 178, 32, 94, 133, 20, 231, 221, 187, 101, 12, 224, 175, 106, 148, 125, 225, 164, 115;
 243, 211, 67, 164, 118, 2, 107, 248, 33, 96, 90, 230, 81, 7, 145, 180, 126, 204, 21, 239, 201, 146, 180, 207, 176, 108, 170, 132, 47, 166, 114, 253;
 235, 18, 105, 186, 110, 213, 80, 84, 85, 78, 214, 239, 42, 29, 251, 237, 76, 154, 223, 149, 175, 62, 103, 162, 22, 87, 48, 155, 127, 140, 60, 125;
 15, 50, 164, 152, 235, 113, 152, 200, 207, 125, 149, 183, 140, 76, 255, 142, 207, 17, 239, 149, 150, 99, 111, 208, 142, 83, 75, 191, 223, 77, 45, 215;
 243, 114, 108, 141, 110, 2, 249, 56, 169, 196, 85, 231, 13, 15, 151, 27, 110, 165, 23, 231, 193, 20, 148, 200, 22, 56, 234, 132, 45, 166, 115, 209;
 75, 50, 113, 204, 111, 149, 89, 30, 15, 236, 220, 238, 61, 156, 151, 172, 158, 153, 247, 157, 135, 46, 103, 213, 18, 91, 184, 186, 23, 141, 60, 125;
 119, 211, 97, 168, 118, 6, 207, 184, 3, 104, 217, 231, 81, 77, 153, 84, 126, 140, 21, 239, 201, 18, 109, 159, 240, 236, 171, 204, 61, 162, 114, 113;
 89, 91, 105, 173, 34, 4, 219, 48, 96, 104, 221, 239, 185, 15, 146, 112, 118, 173, 21, 239, 201, 18, 164, 93, 212, 45, 170, 176, 61, 163, 115, 121;
 98, 59, 235, 232, 242, 228, 187, 214, 43, 77, 124, 165, 52, 159, 39, 80, 222, 187, 149, 213, 146, 26, 160, 231, 119, 125, 170, 235, 165, 83, 182, 251;
 31, 86, 67, 163, 150, 134, 171, 212, 52, 226, 82, 199, 221, 138, 177, 72, 119, 109, 19, 253, 129, 148, 29, 78, 172, 38, 175, 196, 173, 179, 49, 153;
 147, 201, 102, 156, 246, 150, 173, 247, 151, 86, 210, 199, 41, 206, 182, 101, 239, 107, 51, 207, 244, 159, 38, 253, 32, 122, 222, 128, 21, 188, 241, 252;
 9, 192, 169, 237, 52, 79, 73, 29, 86, 105, 212, 2, 151, 29, 184, 96, 94, 25, 31, 173, 139, 188, 113, 153, 237, 207, 191, 180, 52, 168, 84, 121;
 221, 195, 110, 231, 38, 82, 95, 57, 101, 66, 215, 178, 91, 63, 186, 103, 126, 148, 189, 238, 233, 209, 45, 141, 226, 235, 230, 133, 39, 182, 252, 97;
 63, 17, 99, 168, 118, 135, 74, 88, 5, 72, 248, 231, 25, 79, 177, 32, 126, 137, 23, 253, 155, 178, 84, 159, 240, 205, 171, 204, 63, 175, 114, 177;
 144, 205, 31, 253, 12, 198, 205, 230, 148, 18, 194, 18, 245, 3, 48, 97, 200, 98, 59, 202, 104, 141, 19, 63, 225, 171, 218, 16, 16, 24, 113, 42;
 109, 123, 233, 164, 44, 20, 79, 152, 2, 238, 156, 238, 249, 231, 219, 234, 92, 204, 189, 206, 201, 67, 255, 160, 194, 109, 175, 188, 14, 255, 84, 113;
 23, 50, 182, 73, 123, 180, 185, 66, 237, 93, 251, 167, 8, 62, 175, 174, 236, 145, 206, 177, 142, 51, 53, 197, 29, 22, 154, 135, 203, 6, 39, 215;
 254, 104, 170, 220, 77, 116, 253, 114, 81, 214, 220, 19, 9, 253, 86, 174, 205, 253, 177, 143, 140, 118, 242, 192, 83, 121, 203, 47, 103, 245, 126, 230;
 11, 90, 38, 17, 37, 221, 244, 87, 253, 94, 118, 37, 174, 204, 183, 236, 169, 42, 134, 5, 199, 188, 38, 240, 7, 91, 114, 131, 70, 12, 125, 95;
 79, 132, 179, 244, 93, 84, 184, 43, 255, 83, 131, 18, 156, 255, 124, 230, 229, 21, 187, 165, 49, 15, 178, 211, 155, 125, 219, 111, 154, 36, 169, 118;
 127, 89, 105, 232, 60, 80, 91, 152, 69, 200, 183, 230, 123, 79, 251, 240, 126, 209, 189, 254, 139, 163, 127, 172, 250, 233, 162, 152, 63, 159, 120, 113;
 8, 158, 253, 253, 54, 139, 121, 51, 223, 127, 20, 250, 159, 61, 176, 96, 79, 56, 31, 8, 163, 56, 96, 155, 198, 223, 51, 180, 182, 232, 85, 233;
 8, 155, 51, 241, 118, 167, 185, 119, 28, 137, 90, 66, 189, 191, 48, 196, 230, 59, 51, 29, 131, 184, 48, 205, 77, 223, 58, 192, 132, 136, 37, 233;
 79, 155, 226, 14, 242, 144, 190, 208, 171, 69, 124, 231, 104, 238, 255, 246, 246, 111, 183, 213, 215, 27, 174, 224, 62, 60, 14, 235, 223, 183, 171, 213;
 51, 51, 105, 169, 118, 195, 203, 81, 15, 232, 249, 231, 19, 12, 149, 48, 222, 169, 23, 189, 141, 178, 100, 222, 208, 220, 170, 228, 125, 142, 118, 241;
 139, 152, 42, 155, 100, 148, 184, 55, 253, 78, 86, 183, 188, 142, 182, 237, 230, 43, 183, 141, 231, 156, 102, 199, 70, 59, 250, 138, 30, 132, 57, 221;
 2, 60, 183, 212, 123, 253, 184, 66, 171, 255, 16, 189, 172, 188, 103, 11, 167, 57, 223, 17, 164, 111, 178, 202, 19, 16, 95, 171, 192, 108, 39, 255;
 167, 179, 109, 203, 252, 145, 171, 121, 71, 81, 245, 247, 89, 204, 254, 33, 94, 139, 23, 239, 187, 98, 110, 245, 78, 89, 171, 236, 93, 143, 242, 245;
 31, 29, 123, 200, 247, 247, 186, 210, 15, 77, 125, 167, 12, 252, 183, 36, 190, 187, 151, 117, 151, 187, 60, 254, 122, 93, 11, 231, 255, 207, 109, 215;
 135, 153, 118, 147, 239, 145, 186, 166, 206, 241, 146, 226, 188, 58, 247, 238, 231, 119, 186, 215, 149, 221, 63, 244, 28, 26, 95, 194, 156, 14, 41, 29;
 168, 208, 17, 201, 45, 205, 65, 156, 7, 60, 180, 8, 182, 87, 232, 68, 73, 24, 46, 88, 74, 38, 123, 145, 205, 208, 133, 124, 18, 8, 84, 170;
 26, 20, 230, 229, 167, 118, 220, 59, 21, 131, 223, 147, 201, 63, 52, 236, 127, 147, 191, 171, 253, 148, 81, 198, 131, 255, 218, 131, 175, 228, 248, 18;
 43, 155, 225, 76, 245, 95, 207, 219, 71, 108, 92, 236, 139, 173, 247, 164, 30, 202, 150, 237, 219, 58, 108, 219, 102, 93, 165, 188, 94, 254, 222, 253;
 139, 74, 98, 157, 79, 150, 169, 119, 29, 76, 214, 151, 169, 142, 182, 237, 110, 175, 191, 141, 228, 158, 231, 207, 87, 105, 250, 129, 63, 140, 61, 252;
 125, 137, 227, 225, 182, 90, 90, 48, 123, 225, 183, 235, 91, 127, 220, 240, 118, 253, 21, 252, 153, 146, 229, 212, 218, 253, 163, 196, 175, 167, 114, 113;
 72, 77, 19, 229, 52, 202, 101, 55, 196, 168, 170, 64, 183, 17, 161, 224, 96, 116, 12, 72, 73, 169, 49, 14, 165, 188, 54, 16, 64, 184, 69, 40;
 11, 59, 227, 133, 246, 112, 186, 70, 41, 69, 90, 231, 40, 174, 183, 168, 174, 127, 147, 133, 133, 144, 164, 224, 6, 61, 154, 131, 133, 247, 55, 221;
 31, 94, 108, 249, 50, 242, 187, 150, 20, 77, 94, 247, 221, 31, 179, 104, 119, 25, 149, 189, 187, 144, 101, 254, 204, 239, 186, 196, 188, 133, 165, 113;
 20, 80, 186, 168, 10, 225, 145, 204, 14, 5, 140, 167, 148, 215, 43, 72, 255, 25, 43, 145, 10, 3, 50, 81, 209, 135, 187, 108, 144, 19, 37, 114;
 107, 0, 224, 77, 199, 124, 248, 7, 123, 99, 108, 145, 8, 190, 86, 254, 179, 15, 177, 157, 150, 28, 244, 194, 15, 124, 158, 47, 151, 228, 219, 198;
 24, 21, 127, 189, 62, 203, 81, 121, 199, 204, 90, 35, 243, 124, 162, 96, 251, 34, 14, 36, 244, 176, 119, 159, 239, 207, 101, 18, 52, 170, 84, 119;
 44, 70, 254, 213, 230, 58, 118, 55, 153, 171, 62, 179, 107, 59, 175, 223, 63, 247, 151, 56, 48, 244, 0, 238, 110, 255, 116, 195, 231, 253, 201, 131;
 179, 220, 111, 219, 71, 215, 238, 247, 149, 66, 86, 199, 56, 220, 182, 101, 125, 232, 151, 207, 253, 190, 54, 255, 38, 10, 254, 194, 63, 156, 248, 220;
 23, 116, 122, 64, 182, 127, 83, 212, 125, 73, 255, 238, 26, 28, 191, 41, 62, 152, 222, 61, 189, 163, 53, 204, 90, 31, 52, 254, 239, 159, 250, 117;
 51, 30, 104, 205, 222, 23, 238, 255, 95, 106, 84, 110, 104, 56, 183, 164, 127, 201, 151, 173, 229, 62, 61, 223, 54, 79, 239, 175, 255, 252, 120, 221;
 72, 134, 190, 247, 164, 36, 125, 19, 168, 159, 15, 50, 237, 99, 40, 74, 225, 118, 45, 136, 16, 205, 163, 162, 195, 243, 254, 129, 130, 224, 181, 43;
 51, 223, 73, 201, 86, 131, 238, 125, 21, 104, 120, 231, 49, 9, 180, 64, 126, 168, 23, 237, 201, 186, 69, 223, 62, 12, 166, 196, 125, 130, 250, 153;
 221, 21, 243, 228, 151, 124, 83, 24, 87, 227, 79, 18, 95, 253, 106, 228, 118, 220, 189, 106, 156, 52, 185, 130, 243, 253, 1, 103, 166, 255, 84, 114;
 2, 74, 106, 188, 118, 131, 186, 66, 159, 12, 80, 231, 44, 138, 183, 64, 238, 41, 151, 209, 134, 155, 6, 253, 86, 55, 186, 235, 21, 5, 45, 139;
 110, 72, 170, 252, 77, 84, 217, 2, 195, 214, 196, 11, 56, 157, 87, 111, 201, 124, 241, 141, 204, 110, 242, 192, 87, 123, 218, 43, 195, 52, 118, 238;
 9, 145, 61, 169, 176, 198, 121, 55, 174, 125, 30, 165, 189, 55, 162, 82, 166, 23, 127, 12, 211, 153, 49, 85, 238, 57, 58, 208, 26, 128, 133, 123;
 103, 159, 123, 196, 246, 238, 171, 176, 104, 232, 94, 230, 120, 117, 181, 116, 54, 126, 23, 110, 209, 152, 60, 206, 126, 44, 165, 196, 47, 250, 81, 177;
 3, 61, 62, 240, 245, 255, 185, 87, 201, 77, 188, 27, 190, 29, 54, 39, 174, 51, 223, 17, 182, 171, 48, 204, 251, 216, 26, 219, 198, 12, 167, 255;
 27, 5, 125, 225, 182, 250, 121, 51, 108, 65, 30, 147, 159, 31, 146, 96, 231, 23, 157, 29, 148, 152, 53, 220, 207, 239, 186, 193, 164, 128, 165, 99;
 51, 159, 232, 205, 86, 151, 188, 119, 94, 233, 94, 231, 49, 56, 182, 96, 238, 175, 23, 141, 213, 184, 101, 223, 118, 47, 190, 130, 125, 108, 249, 223;
 186, 19, 126, 236, 123, 134, 88, 120, 169, 12, 117, 173, 143, 223, 42, 211, 222, 189, 135, 244, 184, 210, 80, 204, 218, 241, 170, 239, 127, 167, 14, 83;
 65, 211, 123, 233, 108, 198, 105, 52, 100, 72, 86, 228, 149, 23, 176, 100, 70, 28, 62, 236, 201, 152, 103, 21, 197, 169, 162, 140, 54, 130, 116, 121;
 104, 155, 174, 164, 37, 94, 89, 112, 69, 124, 214, 165, 159, 61, 178, 103, 206, 52, 191, 109, 217, 59, 113, 140, 211, 243, 234, 145, 110, 172, 52, 115;
 62, 191, 98, 200, 247, 243, 254, 235, 95, 101, 125, 171, 8, 220, 254, 228, 123, 155, 151, 163, 214, 58, 44, 247, 118, 93, 143, 239, 119, 223, 252, 199;
 19, 159, 3, 141, 86, 134, 170, 115, 12, 72, 91, 230, 244, 194, 176, 228, 126, 43, 22, 239, 209, 152, 20, 223, 36, 44, 171, 128, 29, 42, 177, 181;
 57, 123, 105, 229, 116, 143, 203, 48, 69, 232, 94, 110, 243, 29, 145, 96, 94, 236, 21, 239, 201, 184, 101, 46, 236, 205, 165, 128, 109, 171, 80, 121;
 27, 145, 234, 155, 214, 213, 191, 235, 30, 77, 93, 135, 89, 252, 62, 96, 255, 59, 147, 229, 183, 178, 60, 255, 119, 77, 170, 133, 157, 127, 253, 215;
 127, 89, 105, 237, 60, 86, 91, 16, 69, 224, 181, 130, 59, 31, 151, 113, 78, 180, 221, 254, 203, 34, 125, 220, 243, 249, 163, 156, 63, 187, 112, 113;
 226, 88, 245, 253, 126, 230, 153, 150, 27, 105, 210, 239, 220, 63, 181, 94, 198, 181, 191, 197, 129, 203, 113, 220, 215, 122, 218, 146, 158, 156, 21, 123;
 119, 89, 254, 68, 141, 31, 84, 197, 203, 252, 182, 11, 10, 152, 103, 246, 232, 228, 238, 96, 204, 35, 52, 216, 59, 88, 69, 55, 99, 60, 216, 78;
 7, 250, 236, 153, 111, 55, 184, 202, 30, 117, 148, 167, 136, 76, 223, 41, 239, 145, 223, 245, 134, 67, 119, 208, 30, 31, 219, 230, 149, 93, 61, 213;
 58, 79, 98, 76, 82, 146, 250, 124, 5, 140, 252, 231, 105, 207, 183, 212, 126, 185, 151, 231, 200, 155, 36, 255, 114, 109, 170, 137, 55, 150, 124, 221;
 130, 18, 238, 150, 36, 249, 240, 23, 255, 95, 86, 183, 174, 220, 182, 108, 230, 59, 191, 5, 198, 169, 38, 209, 194, 91, 122, 131, 70, 204, 93, 95;
 43, 18, 105, 201, 108, 93, 121, 93, 13, 93, 212, 237, 184, 28, 223, 252, 220, 152, 223, 157, 143, 54, 101, 193, 70, 25, 240, 187, 94, 140, 92, 253;
 86, 82, 231, 188, 106, 80, 184, 218, 137, 78, 210, 231, 108, 238, 191, 78, 247, 209, 191, 167, 143, 71, 174, 225, 146, 118, 250, 139, 47, 253, 53, 119;
 8, 147, 61, 233, 52, 143, 121, 53, 6, 125, 86, 100, 151, 23, 128, 64, 70, 61, 63, 28, 211, 184, 113, 21, 199, 201, 50, 192, 60, 136, 133, 123;
 7, 143, 107, 75, 118, 167, 171, 240, 76, 72, 91, 198, 81, 140, 190, 96, 126, 171, 23, 223, 147, 184, 44, 125, 108, 12, 171, 196, 253, 139, 113, 241;
 27, 89, 122, 246, 39, 221, 251, 112, 233, 76, 117, 42, 127, 221, 190, 32, 190, 57, 215, 67, 199, 161, 178, 237, 211, 249, 34, 139, 103, 175, 69, 255;
 142, 134, 38, 187, 93, 246, 184, 122, 28, 95, 83, 147, 205, 207, 60, 73, 255, 25, 179, 181, 182, 213, 47, 215, 79, 91, 218, 197, 151, 13, 189, 210;
 183, 169, 109, 201, 206, 7, 143, 248, 21, 81, 149, 215, 89, 77, 188, 161, 126, 209, 95, 239, 251, 35, 111, 247, 124, 8, 171, 252, 125, 141, 241, 241;
 10, 156, 54, 146, 15, 253, 177, 39, 205, 95, 30, 57, 174, 188, 38, 46, 161, 51, 251, 1, 54, 45, 50, 215, 203, 87, 90, 91, 210, 12, 149, 95;
 22, 59, 236, 169, 42, 49, 152, 154, 15, 253, 144, 239, 141, 140, 215, 10, 206, 193, 255, 215, 134, 67, 111, 240, 154, 80, 203, 191, 189, 109, 29, 87;
 26, 16, 251, 164, 55, 217, 176, 64, 143, 236, 213, 163, 46, 223, 102, 128, 190, 185, 151, 129, 4, 185, 34, 216, 147, 209, 11, 187, 55, 46, 45, 247;
 58, 206, 99, 204, 85, 215, 126, 119, 21, 103, 124, 131, 41, 143, 54, 148, 126, 171, 151, 173, 232, 190, 52, 223, 55, 93, 146, 129, 55, 220, 246, 252;
 59, 206, 106, 138, 87, 145, 186, 228, 143, 69, 220, 135, 41, 204, 54, 0, 254, 171, 147, 215, 198, 171, 44, 255, 58, 77, 142, 203, 117, 142, 57, 222;
 25, 48, 252, 229, 52, 79, 249, 19, 79, 233, 22, 35, 159, 29, 210, 42, 142, 29, 93, 29, 137, 248, 229, 136, 199, 217, 185, 144, 110, 136, 93, 249;
 2, 158, 50, 154, 115, 181, 184, 199, 159, 31, 80, 119, 172, 202, 38, 140, 239, 59, 135, 145, 166, 45, 2, 247, 10, 86, 26, 203, 215, 4, 45, 159;
 191, 211, 101, 169, 190, 19, 220, 249, 69, 84, 212, 239, 75, 76, 191, 227, 127, 145, 191, 247, 255, 38, 111, 156, 250, 75, 239, 220, 63, 172, 52, 85;
 43, 18, 224, 193, 119, 217, 233, 88, 83, 237, 118, 238, 105, 76, 214, 164, 126, 172, 182, 157, 133, 178, 101, 220, 30, 93, 161, 224, 255, 140, 88, 245;
 138, 156, 62, 253, 55, 239, 177, 119, 141, 91, 94, 55, 188, 159, 34, 75, 167, 51, 155, 1, 183, 253, 18, 205, 203, 211, 90, 83, 24, 8, 141, 219;
 131, 154, 101, 145, 125, 221, 185, 35, 223, 253, 54, 255, 140, 156, 246, 36, 142, 33, 247, 29, 181, 120, 38, 212, 14, 24, 203, 230, 95, 12, 81, 221;
 11, 128, 98, 155, 100, 240, 185, 17, 253, 95, 85, 183, 172, 206, 190, 109, 231, 43, 183, 141, 150, 84, 166, 209, 70, 127, 250, 139, 30, 132, 57, 221;
 55, 82, 235, 64, 34, 86, 93, 212, 121, 234, 244, 230, 26, 30, 247, 124, 254, 220, 149, 220, 205, 147, 244, 192, 83, 221, 180, 179, 231, 178, 110, 253;
 54, 191, 107, 234, 242, 192, 191, 215, 42, 77, 120, 231, 53, 159, 177, 80, 254, 59, 23, 213, 211, 154, 0, 127, 124, 36, 174, 202, 189, 131, 183, 251;
 42, 181, 184, 248, 253, 205, 152, 239, 143, 93, 16, 57, 188, 255, 124, 131, 207, 27, 223, 5, 178, 11, 66, 241, 239, 89, 158, 251, 20, 12, 133, 219;
 59, 93, 98, 172, 87, 183, 255, 87, 61, 66, 92, 7, 44, 191, 55, 116, 238, 187, 147, 133, 197, 186, 48, 255, 119, 124, 154, 130, 63, 220, 121, 222;
 10, 57, 175, 160, 37, 197, 249, 19, 172, 204, 94, 37, 188, 223, 115, 74, 192, 41, 191, 213, 74, 137, 51, 192, 195, 81, 186, 129, 140, 20, 53, 91;
 138, 151, 39, 218, 247, 213, 188, 247, 143, 93, 30, 183, 44, 156, 46, 1, 167, 51, 159, 145, 246, 9, 34, 247, 123, 81, 158, 203, 22, 4, 189, 223;
 93, 135, 109, 229, 178, 82, 105, 57, 36, 224, 159, 226, 221, 39, 146, 99, 118, 164, 125, 237, 217, 145, 37, 92, 250, 169, 171, 196, 39, 162, 49, 113;
 174, 17, 116, 237, 45, 221, 88, 25, 207, 200, 253, 33, 238, 223, 119, 118, 198, 189, 191, 17, 142, 36, 99, 214, 207, 253, 131, 219, 18, 174, 76, 87;
 2, 249, 51, 208, 223, 220, 176, 71, 235, 93, 24, 7, 44, 156, 86, 160, 173, 59, 211, 17, 214, 41, 178, 245, 63, 92, 158, 235, 195, 4, 215, 223;
 51, 83, 75, 198, 86, 6, 234, 112, 49, 64, 115, 230, 81, 14, 188, 112, 126, 172, 23, 238, 201, 146, 60, 93, 54, 44, 162, 132, 45, 179, 114, 253;
 90, 58, 105, 121, 43, 244, 121, 18, 165, 220, 214, 165, 169, 159, 199, 255, 230, 189, 191, 144, 143, 24, 243, 192, 215, 249, 186, 131, 163, 132, 36, 127;
 30, 123, 99, 142, 114, 192, 191, 85, 173, 204, 220, 231, 41, 207, 183, 84, 126, 249, 151, 199, 194, 147, 38, 233, 114, 100, 174, 137, 55, 183, 165, 253;
 91, 123, 122, 108, 58, 156, 255, 112, 233, 232, 124, 231, 61, 159, 182, 230, 166, 117, 149, 239, 197, 25, 180, 237, 114, 249, 170, 186, 63, 182, 79, 125;
 186, 88, 110, 156, 79, 213, 185, 98, 153, 70, 212, 159, 40, 204, 54, 0, 232, 177, 179, 197, 108, 207, 54, 195, 83, 87, 218, 11, 39, 60, 62, 222;
 111, 129, 224, 204, 254, 16, 239, 217, 75, 65, 92, 167, 105, 238, 255, 244, 126, 203, 183, 253, 151, 18, 238, 193, 62, 60, 143, 236, 191, 190, 120, 212;
 107, 147, 225, 204, 126, 22, 75, 25, 67, 232, 156, 238, 89, 44, 222, 230, 94, 204, 183, 253, 157, 26, 229, 217, 62, 125, 165, 188, 63, 174, 88, 125;
 39, 120, 232, 209, 101, 23, 236, 198, 91, 250, 54, 143, 8, 140, 215, 175, 111, 172, 151, 157, 197, 246, 244, 192, 30, 24, 223, 167, 207, 188, 90, 220;
 39, 207, 66, 72, 214, 146, 234, 252, 87, 136, 88, 230, 72, 194, 189, 228, 126, 232, 22, 254, 211, 186, 44, 252, 60, 44, 175, 204, 191, 182, 112, 141;
 3, 58, 233, 207, 118, 18, 169, 80, 120, 98, 87, 230, 49, 12, 151, 104, 126, 45, 23, 143, 129, 180, 165, 202, 20, 44, 186, 128, 45, 162, 115, 253;
 106, 152, 40, 216, 73, 245, 153, 67, 143, 77, 156, 159, 168, 62, 54, 0, 205, 147, 247, 129, 30, 11, 114, 209, 87, 119, 154, 251, 147, 68, 182, 255;
 2, 138, 186, 153, 119, 153, 176, 71, 222, 7, 84, 179, 172, 140, 102, 0, 175, 59, 131, 17, 246, 188, 6, 211, 14, 23, 26, 107, 85, 12, 141, 207;
 49, 247, 107, 167, 118, 6, 239, 117, 32, 224, 95, 238, 117, 7, 146, 36, 62, 237, 23, 239, 201, 146, 45, 204, 252, 13, 175, 132, 45, 178, 51, 249;
 135, 153, 96, 137, 239, 5, 190, 234, 31, 121, 210, 215, 152, 188, 116, 224, 239, 157, 191, 213, 215, 58, 95, 241, 28, 24, 207, 238, 157, 44, 185, 213;
 227, 192, 236, 237, 126, 81, 248, 29, 87, 209, 117, 218, 121, 207, 220, 96, 127, 153, 55, 173, 135, 118, 239, 215, 94, 207, 235, 237, 61, 138, 120, 145;
 119, 219, 226, 10, 211, 144, 186, 204, 43, 77, 125, 231, 104, 238, 254, 116, 246, 219, 151, 215, 150, 19, 172, 225, 62, 124, 142, 239, 191, 151, 239, 221;
 222, 195, 100, 229, 39, 18, 92, 49, 101, 54, 182, 182, 75, 107, 158, 231, 126, 148, 189, 238, 252, 245, 37, 204, 242, 235, 227, 149, 39, 172, 252, 69;
 25, 80, 61, 239, 52, 207, 89, 20, 94, 105, 215, 34, 189, 31, 178, 105, 198, 22, 31, 29, 131, 221, 97, 189, 195, 235, 186, 144, 54, 152, 21, 123;
 23, 95, 67, 139, 246, 130, 175, 241, 21, 196, 91, 230, 105, 102, 183, 132, 126, 232, 23, 239, 193, 144, 44, 238, 52, 44, 175, 128, 111, 246, 177, 245;
 10, 220, 62, 156, 79, 217, 188, 103, 141, 86, 28, 131, 44, 188, 38, 130, 171, 51, 179, 129, 68, 45, 50, 247, 87, 87, 90, 43, 23, 12, 61, 222;
 59, 51, 97, 233, 118, 3, 202, 88, 21, 232, 121, 230, 91, 9, 185, 164, 126, 169, 23, 253, 137, 178, 69, 158, 148, 204, 170, 160, 127, 143, 112, 177;
 19, 26, 179, 136, 123, 151, 153, 83, 173, 77, 218, 231, 12, 158, 182, 228, 238, 145, 223, 149, 133, 43, 36, 192, 18, 20, 138, 206, 207, 4, 37, 117;
 10, 249, 40, 192, 245, 221, 248, 103, 15, 109, 28, 15, 172, 156, 86, 32, 172, 59, 215, 149, 222, 58, 112, 245, 127, 93, 158, 235, 6, 12, 159, 95;
 170, 48, 109, 209, 95, 125, 145, 75, 27, 127, 53, 27, 8, 157, 70, 15, 141, 153, 211, 145, 62, 118, 242, 210, 95, 81, 153, 255, 243, 12, 214, 247;
 37, 120, 251, 64, 246, 95, 219, 208, 109, 73, 254, 238, 26, 28, 191, 56, 254, 153, 23, 253, 135, 179, 101, 68, 90, 13, 36, 212, 205, 155, 114, 85;
 23, 69, 99, 197, 214, 6, 239, 244, 85, 200, 94, 198, 81, 77, 177, 36, 126, 232, 23, 239, 225, 178, 52, 206, 114, 12, 175, 132, 47, 190, 240, 245;
 43, 50, 234, 193, 118, 56, 249, 91, 65, 205, 125, 235, 25, 29, 150, 52, 94, 152, 151, 156, 154, 186, 228, 192, 70, 93, 160, 232, 231, 143, 86, 245;
 42, 88, 46, 252, 77, 197, 153, 98, 137, 94, 212, 15, 40, 157, 54, 10, 200, 177, 243, 129, 204, 43, 178, 209, 83, 115, 218, 139, 23, 12, 116, 255;
 195, 26, 118, 0, 103, 221, 184, 86, 237, 89, 215, 255, 14, 28, 182, 173, 166, 33, 223, 21, 135, 47, 38, 192, 22, 88, 24, 171, 79, 140, 57, 87;
 137, 149, 19, 219, 244, 229, 185, 87, 158, 73, 93, 82, 188, 215, 176, 228, 206, 59, 19, 153, 51, 184, 50, 247, 37, 221, 186, 200, 158, 136, 161, 185;
 58, 223, 106, 204, 114, 210, 191, 119, 5, 68, 220, 166, 41, 206, 182, 100, 126, 187, 151, 227, 207, 155, 36, 255, 114, 45, 174, 139, 55, 150, 188, 253;
 157, 113, 111, 231, 38, 30, 123, 80, 33, 192, 85, 230, 217, 95, 155, 175, 62, 17, 213, 238, 225, 148, 52, 204, 195, 249, 162, 128, 38, 167, 98, 241;
 251, 218, 225, 236, 106, 32, 88, 154, 19, 82, 208, 255, 25, 31, 247, 250, 127, 213, 183, 167, 239, 6, 207, 211, 146, 127, 251, 158, 63, 245, 48, 89;
 90, 216, 186, 188, 35, 196, 29, 55, 185, 78, 84, 33, 172, 191, 34, 120, 167, 59, 189, 129, 198, 13, 178, 227, 211, 247, 122, 139, 18, 4, 39, 123;
 7, 78, 107, 203, 116, 163, 235, 208, 92, 201, 88, 230, 113, 204, 189, 96, 126, 168, 23, 253, 131, 178, 36, 252, 28, 12, 170, 192, 221, 155, 113, 249;
 15, 105, 164, 161, 111, 183, 184, 196, 142, 253, 146, 135, 136, 140, 215, 42, 238, 193, 255, 213, 134, 81, 127, 240, 92, 25, 251, 181, 151, 31, 61, 222;
 18, 131, 242, 158, 203, 240, 180, 103, 143, 5, 88, 179, 44, 238, 38, 132, 234, 59, 163, 129, 22, 139, 6, 241, 18, 102, 90, 139, 215, 68, 173, 222;
 62, 153, 106, 200, 247, 211, 187, 232, 95, 229, 252, 163, 9, 252, 247, 32, 255, 185, 151, 241, 148, 187, 44, 220, 123, 77, 175, 239, 247, 46, 116, 247;
 153, 113, 107, 229, 118, 82, 239, 113, 32, 224, 87, 134, 81, 71, 154, 32, 62, 140, 23, 238, 201, 146, 52, 15, 246, 205, 171, 128, 39, 162, 115, 241;
 27, 145, 111, 169, 23, 87, 155, 248, 4, 85, 214, 163, 93, 94, 58, 97, 254, 153, 159, 245, 222, 137, 61, 157, 251, 235, 171, 197, 55, 46, 53, 243;
 202, 222, 58, 254, 35, 132, 188, 183, 189, 27, 18, 241, 172, 191, 36, 201, 231, 51, 191, 129, 226, 13, 130, 247, 229, 119, 122, 139, 28, 20, 169, 27;
 154, 253, 43, 186, 215, 197, 187, 231, 150, 69, 84, 147, 56, 159, 114, 64, 233, 59, 147, 213, 114, 30, 50, 247, 121, 69, 158, 235, 53, 12, 181, 250;
 106, 48, 114, 232, 125, 223, 89, 83, 205, 237, 245, 33, 143, 159, 54, 244, 222, 185, 159, 33, 156, 33, 240, 220, 215, 221, 146, 251, 22, 140, 84, 119;
 90, 80, 60, 233, 55, 220, 89, 23, 5, 77, 214, 34, 255, 31, 11, 92, 230, 177, 189, 24, 138, 144, 115, 157, 215, 255, 186, 147, 182, 156, 4, 123;
 34, 144, 185, 232, 117, 229, 217, 23, 79, 105, 124, 59, 28, 159, 118, 56, 205, 155, 151, 145, 158, 58, 112, 209, 87, 93, 186, 254, 151, 76, 4, 251;
 25, 145, 97, 237, 52, 68, 107, 121, 5, 72, 220, 230, 189, 87, 152, 100, 126, 152, 31, 236, 203, 16, 113, 129, 213, 172, 170, 132, 62, 170, 48, 113;
 90, 80, 127, 228, 38, 217, 249, 64, 173, 200, 183, 42, 255, 221, 189, 99, 166, 177, 223, 99, 192, 165, 34, 201, 211, 217, 42, 155, 7, 170, 37, 99;
 55, 115, 251, 69, 102, 86, 91, 80, 73, 204, 244, 230, 19, 28, 246, 48, 126, 156, 21, 238, 205, 178, 228, 64, 82, 168, 160, 132, 109, 170, 102, 245;
 2, 168, 58, 152, 195, 253, 185, 71, 158, 85, 64, 147, 172, 140, 118, 8, 175, 59, 131, 149, 22, 56, 50, 245, 93, 20, 26, 107, 213, 12, 165, 222;
 91, 147, 96, 109, 103, 148, 249, 55, 97, 108, 116, 230, 185, 30, 150, 244, 110, 29, 149, 173, 205, 26, 244, 213, 70, 253, 170, 128, 47, 132, 115, 253;
 219, 194, 244, 245, 38, 26, 124, 55, 105, 50, 178, 247, 143, 43, 148, 223, 230, 133, 189, 141, 236, 124, 133, 192, 146, 250, 218, 150, 47, 180, 249, 29;
 2, 153, 55, 208, 125, 205, 185, 119, 205, 93, 114, 26, 174, 29, 52, 45, 142, 51, 151, 17, 146, 235, 50, 196, 159, 218, 90, 194, 130, 12, 165, 255;
 117, 115, 105, 232, 124, 6, 75, 88, 65, 72, 181, 110, 19, 13, 221, 112, 92, 136, 21, 254, 203, 35, 233, 12, 115, 173, 161, 188, 117, 171, 114, 113;
 245, 83, 105, 228, 52, 15, 75, 56, 65, 232, 189, 110, 83, 25, 181, 112, 92, 172, 29, 110, 201, 50, 108, 158, 242, 205, 161, 180, 61, 170, 80, 97;
 19, 15, 66, 141, 214, 179, 170, 119, 85, 128, 90, 231, 41, 138, 182, 196, 126, 171, 151, 237, 149, 152, 4, 221, 52, 12, 170, 192, 63, 135, 57, 141;
 42, 177, 60, 248, 125, 205, 152, 111, 143, 29, 52, 41, 188, 31, 62, 3, 206, 19, 223, 17, 18, 75, 66, 213, 79, 89, 186, 251, 20, 12, 157, 203;
 26, 219, 99, 142, 122, 208, 190, 244, 133, 64, 220, 231, 41, 206, 183, 228, 126, 251, 151, 231, 203, 139, 38, 237, 50, 101, 170, 136, 63, 182, 39, 253;
 2, 150, 18, 152, 115, 149, 184, 71, 159, 29, 88, 247, 44, 206, 38, 196, 231, 43, 131, 149, 182, 15, 2, 215, 26, 22, 154, 203, 157, 4, 169, 223;
 154, 50, 122, 232, 51, 211, 184, 80, 141, 12, 148, 163, 44, 158, 38, 136, 174, 185, 207, 129, 134, 175, 32, 208, 147, 81, 26, 155, 23, 12, 45, 87;
 10, 153, 182, 189, 67, 245, 177, 103, 189, 87, 66, 147, 172, 190, 34, 73, 230, 51, 187, 1, 22, 217, 50, 245, 199, 243, 90, 75, 18, 76, 165, 218;
 202, 144, 167, 208, 97, 244, 185, 71, 191, 95, 86, 53, 140, 158, 118, 220, 165, 63, 183, 145, 150, 157, 34, 210, 31, 118, 154, 195, 130, 4, 183, 255;
 62, 82, 86, 168, 99, 154, 120, 112, 169, 4, 116, 175, 15, 159, 34, 217, 254, 185, 151, 244, 76, 150, 18, 196, 214, 249, 234, 239, 127, 135, 42, 211;
 14, 218, 166, 185, 77, 247, 185, 216, 14, 93, 210, 199, 204, 239, 123, 76, 239, 145, 187, 181, 146, 81, 55, 212, 93, 86, 219, 207, 151, 13, 53, 211;
 67, 136, 104, 137, 110, 129, 184, 224, 15, 112, 144, 131, 140, 158, 118, 229, 239, 189, 63, 213, 199, 27, 221, 213, 28, 24, 139, 230, 29, 44, 57, 220;
 106, 104, 163, 220, 109, 244, 217, 66, 203, 213, 196, 17, 168, 157, 87, 14, 200, 61, 249, 145, 12, 111, 242, 192, 67, 121, 218, 59, 135, 36, 118, 238;
 138, 160, 163, 145, 23, 253, 185, 67, 63, 103, 6, 155, 12, 156, 86, 44, 175, 155, 219, 149, 150, 28, 53, 210, 95, 92, 26, 103, 199, 12, 151, 86;
 2, 154, 34, 155, 113, 184, 184, 231, 189, 93, 82, 183, 172, 142, 54, 68, 239, 59, 147, 149, 182, 152, 6, 247, 12, 22, 154, 195, 148, 4, 165, 223;
 126, 75, 100, 224, 127, 155, 90, 16, 175, 248, 182, 235, 15, 31, 213, 214, 238, 181, 253, 245, 140, 3, 69, 220, 146, 217, 139, 247, 55, 167, 88, 87;
 138, 94, 47, 156, 75, 241, 185, 98, 156, 86, 220, 179, 44, 190, 55, 11, 175, 51, 179, 129, 36, 79, 50, 253, 83, 19, 218, 139, 23, 68, 55, 219;
 1, 19, 121, 225, 52, 141, 235, 54, 12, 72, 86, 230, 149, 23, 176, 96, 78, 16, 31, 108, 209, 152, 113, 215, 197, 156, 170, 208, 28, 136, 17, 249;
 75, 49, 248, 237, 124, 188, 249, 19, 75, 73, 88, 239, 188, 156, 214, 42, 142, 27, 223, 21, 151, 40, 227, 192, 206, 125, 58, 250, 204, 204, 27, 221;
 67, 48, 99, 144, 118, 217, 184, 66, 205, 233, 18, 239, 188, 156, 246, 173, 174, 33, 255, 21, 135, 121, 38, 220, 30, 24, 155, 234, 77, 12, 81, 221;
 186, 96, 120, 236, 39, 28, 88, 88, 41, 0, 245, 139, 43, 223, 94, 51, 190, 153, 213, 235, 206, 34, 194, 193, 211, 217, 168, 175, 103, 175, 94, 3;
 135, 219, 99, 129, 246, 151, 174, 241, 60, 64, 82, 230, 49, 12, 180, 228, 126, 42, 23, 255, 241, 184, 52, 255, 44, 12, 174, 192, 61, 142, 113, 253;
 53, 113, 235, 64, 118, 71, 203, 80, 76, 232, 248, 238, 19, 29, 181, 48, 126, 153, 23, 253, 201, 178, 101, 72, 80, 12, 166, 132, 237, 170, 114, 249;
 119, 16, 123, 228, 108, 221, 123, 16, 141, 232, 183, 10, 255, 223, 53, 114, 230, 177, 95, 111, 204, 161, 48, 200, 215, 249, 162, 177, 37, 171, 84, 99;
 27, 123, 114, 236, 118, 150, 250, 112, 233, 200, 124, 231, 61, 159, 183, 180, 166, 189, 149, 239, 196, 187, 180, 204, 114, 249, 42, 170, 111, 182, 107, 221;
 51, 31, 106, 13, 244, 55, 174, 119, 84, 200, 92, 199, 9, 44, 183, 164, 124, 174, 151, 173, 157, 186, 52, 206, 54, 109, 170, 128, 127, 255, 248, 212;
 218, 85, 63, 254, 189, 198, 95, 117, 181, 66, 215, 3, 253, 127, 57, 97, 254, 243, 191, 227, 104, 137, 27, 253, 243, 251, 206, 129, 54, 158, 181, 122;
 187, 114, 103, 37, 52, 31, 235, 112, 69, 228, 151, 231, 219, 12, 158, 163, 46, 132, 221, 239, 237, 245, 117, 140, 234, 89, 169, 148, 111, 140, 88, 85;
 10, 187, 170, 152, 219, 208, 176, 199, 155, 85, 64, 179, 44, 190, 102, 72, 235, 59, 131, 145, 22, 11, 162, 243, 95, 87, 158, 235, 151, 4, 191, 223;
 75, 152, 187, 244, 39, 220, 120, 48, 237, 78, 150, 37, 174, 158, 102, 238, 166, 177, 255, 5, 196, 45, 178, 193, 215, 253, 90, 155, 70, 172, 45, 95;
 43, 99, 106, 65, 118, 211, 248, 80, 71, 228, 118, 166, 9, 140, 246, 164, 126, 172, 151, 253, 199, 178, 164, 220, 22, 73, 169, 227, 103, 142, 120, 245;
 27, 145, 121, 233, 49, 214, 249, 86, 45, 77, 180, 5, 185, 30, 182, 240, 238, 147, 159, 156, 159, 139, 113, 205, 211, 221, 186, 209, 31, 132, 111, 251;
 139, 146, 253, 217, 110, 189, 185, 27, 31, 93, 85, 245, 236, 28, 190, 105, 166, 19, 191, 5, 134, 164, 39, 209, 70, 123, 122, 143, 86, 140, 37, 95;
 35, 106, 238, 211, 119, 251, 184, 198, 95, 243, 118, 163, 136, 24, 215, 171, 235, 109, 147, 213, 166, 244, 108, 232, 14, 95, 223, 167, 199, 93, 89, 207;
 9, 209, 125, 233, 36, 141, 121, 20, 4, 24, 118, 100, 191, 23, 176, 96, 70, 56, 63, 76, 201, 152, 113, 149, 199, 233, 48, 192, 62, 136, 64, 57;
 47, 251, 106, 10, 114, 144, 186, 212, 139, 204, 124, 231, 40, 206, 255, 244, 126, 233, 151, 215, 198, 27, 174, 247, 126, 45, 175, 235, 63, 151, 108, 221;
 170, 88, 170, 188, 77, 208, 176, 71, 143, 87, 80, 19, 168, 156, 54, 202, 200, 43, 179, 129, 6, 46, 178, 241, 87, 113, 218, 11, 87, 12, 124, 222;
 74, 153, 187, 190, 203, 228, 185, 71, 175, 21, 79, 3, 172, 191, 34, 64, 228, 59, 187, 129, 18, 9, 178, 241, 79, 245, 26, 75, 146, 4, 165, 250;
 147, 219, 102, 26, 82, 151, 190, 244, 221, 72, 80, 231, 40, 200, 182, 165, 110, 105, 147, 199, 231, 155, 20, 253, 48, 40, 142, 194, 31, 156, 185, 221;
 67, 24, 190, 220, 107, 244, 185, 18, 170, 91, 94, 82, 188, 190, 103, 238, 167, 51, 187, 1, 131, 93, 178, 224, 5, 63, 90, 170, 136, 68, 9, 255;
 34, 179, 124, 232, 124, 201, 185, 111, 143, 61, 61, 171, 156, 31, 62, 0, 142, 17, 95, 49, 210, 43, 66, 213, 78, 24, 186, 255, 20, 136, 149, 131;
 130, 188, 59, 184, 95, 193, 176, 231, 158, 85, 64, 147, 44, 220, 102, 65, 235, 59, 147, 145, 118, 79, 18, 247, 57, 16, 158, 107, 21, 12, 181, 218;
 138, 12, 170, 188, 75, 229, 185, 67, 159, 95, 92, 179, 44, 175, 54, 9, 237, 59, 179, 133, 50, 79, 50, 211, 87, 86, 218, 171, 151, 68, 53, 218;
 3, 156, 74, 152, 83, 241, 184, 71, 30, 77, 88, 247, 44, 158, 166, 68, 127, 59, 147, 149, 183, 158, 6, 215, 60, 4, 186, 203, 157, 76, 169, 223;
 19, 73, 107, 196, 86, 150, 239, 117, 84, 200, 86, 198, 113, 205, 180, 100, 126, 236, 23, 237, 225, 185, 52, 206, 54, 46, 174, 128, 45, 186, 112, 253;
 29, 79, 67, 173, 22, 2, 239, 244, 84, 200, 90, 198, 89, 105, 177, 229, 126, 236, 22, 239, 233, 176, 5, 238, 32, 44, 170, 128, 111, 183, 113, 177;
 74, 145, 177, 216, 251, 252, 184, 67, 139, 89, 61, 41, 140, 158, 110, 238, 167, 27, 183, 17, 147, 11, 178, 209, 31, 125, 26, 235, 146, 4, 133, 247;
 55, 75, 98, 78, 102, 146, 238, 240, 193, 72, 124, 231, 104, 204, 183, 164, 126, 232, 151, 239, 197, 179, 44, 252, 50, 104, 171, 136, 127, 191, 122, 213;
 154, 80, 123, 236, 38, 81, 91, 88, 133, 76, 244, 162, 31, 221, 175, 96, 126, 177, 159, 226, 201, 167, 32, 206, 211, 201, 32, 155, 63, 154, 36, 115;
 2, 145, 63, 216, 124, 204, 249, 23, 205, 25, 113, 120, 188, 159, 36, 33, 206, 51, 55, 17, 147, 42, 50, 213, 15, 24, 122, 202, 208, 8, 165, 127;
 90, 16, 115, 225, 103, 240, 177, 65, 173, 77, 115, 51, 12, 159, 38, 92, 230, 25, 183, 17, 6, 151, 32, 192, 211, 241, 186, 195, 55, 7, 37, 211;
 10, 178, 171, 209, 97, 252, 184, 87, 191, 95, 118, 181, 172, 158, 230, 249, 167, 59, 151, 145, 151, 220, 178, 208, 71, 89, 250, 195, 142, 4, 175, 223;
 123, 50, 101, 168, 111, 19, 216, 88, 13, 104, 209, 239, 15, 14, 191, 237, 254, 153, 151, 181, 141, 54, 117, 204, 146, 120, 170, 158, 63, 140, 41, 85;
 55, 67, 75, 201, 118, 151, 234, 120, 69, 200, 127, 198, 81, 66, 191, 100, 126, 168, 22, 238, 205, 178, 36, 220, 54, 44, 161, 196, 61, 187, 120, 149;
 34, 48, 248, 224, 101, 228, 152, 82, 9, 95, 181, 187, 14, 29, 86, 10, 143, 145, 213, 145, 158, 110, 194, 192, 211, 93, 122, 251, 197, 13, 47, 211;
 235, 211, 97, 76, 124, 22, 75, 57, 65, 104, 244, 108, 27, 29, 150, 244, 92, 132, 21, 238, 201, 50, 244, 221, 114, 121, 160, 188, 95, 134, 82, 125;
 178, 32, 120, 232, 110, 8, 216, 72, 9, 26, 177, 187, 159, 31, 93, 27, 174, 153, 87, 161, 10, 102, 194, 192, 214, 217, 122, 191, 101, 136, 67, 131;
 122, 74, 106, 224, 54, 25, 88, 16, 41, 160, 178, 235, 43, 15, 213, 209, 238, 181, 221, 245, 204, 3, 5, 220, 146, 217, 138, 179, 47, 140, 88, 15;
 74, 0, 126, 192, 109, 120, 248, 2, 237, 27, 55, 48, 156, 30, 220, 254, 231, 17, 255, 25, 129, 37, 34, 192, 6, 223, 250, 203, 134, 133, 111, 167;
 98, 90, 110, 192, 105, 116, 184, 80, 137, 92, 183, 167, 140, 14, 247, 75, 206, 17, 223, 199, 132, 1, 112, 192, 86, 121, 218, 147, 87, 141, 29, 223;
 146, 25, 143, 157, 203, 224, 184, 71, 158, 65, 64, 247, 188, 254, 33, 79, 230, 59, 179, 145, 35, 201, 146, 235, 21, 34, 218, 139, 157, 100, 37, 251;
 10, 152, 52, 251, 41, 221, 184, 99, 173, 93, 148, 33, 172, 158, 38, 239, 238, 51, 223, 129, 134, 9, 50, 245, 151, 89, 218, 219, 18, 4, 37, 95;
 138, 181, 49, 184, 221, 197, 185, 247, 158, 89, 80, 83, 188, 157, 112, 33, 205, 59, 147, 145, 243, 110, 114, 215, 109, 19, 158, 234, 16, 12, 181, 251;
 58, 48, 227, 228, 87, 127, 105, 88, 67, 101, 253, 143, 11, 13, 181, 140, 126, 140, 151, 189, 139, 178, 244, 192, 87, 237, 160, 164, 239, 174, 126, 240;
 179, 32, 106, 169, 78, 193, 169, 72, 142, 116, 208, 135, 60, 142, 118, 65, 238, 173, 31, 229, 133, 19, 212, 220, 148, 8, 139, 224, 29, 12, 49, 216;
 92, 30, 129, 180, 140, 110, 71, 153, 18, 242, 138, 201, 215, 103, 73, 202, 85, 212, 253, 51, 105, 64, 217, 2, 249, 166, 237, 188, 162, 250, 20, 114;
 27, 57, 122, 228, 102, 150, 252, 115, 169, 200, 252, 231, 60, 159, 183, 38, 174, 177, 215, 229, 197, 171, 52, 204, 114, 121, 42, 130, 79, 164, 107, 223;
 8, 48, 122, 225, 52, 205, 249, 80, 100, 204, 124, 37, 159, 29, 83, 32, 238, 57, 151, 185, 136, 184, 112, 140, 207, 221, 42, 224, 103, 138, 71, 251;
 134, 6, 133, 181, 162, 38, 172, 50, 56, 186, 83, 240, 213, 123, 153, 11, 151, 87, 125, 175, 176, 208, 201, 76, 204, 162, 255, 132, 140, 241, 1, 161;
 39, 50, 103, 201, 108, 203, 233, 89, 207, 121, 117, 230, 153, 159, 244, 100, 110, 173, 127, 249, 131, 177, 230, 209, 84, 24, 171, 164, 63, 136, 81, 241;
 202, 18, 250, 221, 118, 184, 185, 19, 61, 65, 87, 247, 173, 223, 190, 236, 246, 27, 183, 149, 163, 156, 243, 195, 6, 127, 186, 138, 142, 140, 13, 253;
 116, 80, 122, 236, 102, 72, 91, 88, 105, 136, 253, 106, 55, 89, 181, 112, 122, 177, 23, 234, 200, 167, 36, 205, 211, 169, 160, 153, 37, 171, 116, 35;
 139, 146, 245, 249, 111, 255, 185, 91, 31, 93, 85, 247, 140, 158, 62, 204, 231, 17, 191, 133, 151, 53, 35, 209, 71, 123, 122, 134, 223, 12, 37, 245;
 27, 64, 103, 161, 36, 159, 249, 16, 109, 124, 150, 199, 155, 12, 151, 171, 38, 132, 93, 111, 205, 245, 53, 140, 210, 91, 224, 132, 111, 140, 80, 85;
 61, 49, 106, 233, 86, 55, 250, 88, 71, 225, 125, 230, 25, 29, 191, 160, 126, 152, 151, 184, 139, 178, 52, 140, 86, 205, 162, 164, 255, 139, 122, 240;
 99, 56, 112, 209, 101, 157, 249, 22, 235, 121, 52, 92, 152, 159, 214, 126, 206, 61, 247, 220, 134, 56, 240, 209, 71, 56, 146, 242, 94, 132, 198, 253;
 115, 17, 122, 228, 116, 93, 89, 118, 109, 73, 246, 139, 27, 31, 54, 112, 110, 148, 23, 204, 200, 58, 49, 196, 211, 249, 160, 193, 119, 136, 120, 123;
 27, 217, 106, 236, 82, 144, 190, 252, 133, 64, 220, 163, 57, 206, 182, 96, 126, 251, 151, 231, 207, 139, 38, 253, 114, 105, 174, 137, 63, 150, 169, 221;
 66, 184, 167, 190, 11, 192, 177, 35, 174, 81, 195, 163, 188, 254, 36, 226, 166, 117, 249, 129, 83, 73, 154, 97, 157, 34, 218, 203, 0, 6, 165, 114;
 57, 147, 106, 233, 54, 151, 123, 121, 68, 76, 255, 103, 91, 25, 178, 96, 126, 136, 23, 236, 216, 184, 53, 157, 250, 237, 162, 197, 127, 138, 244, 209;
 202, 58, 154, 176, 99, 233, 185, 18, 191, 29, 86, 247, 172, 143, 102, 73, 166, 57, 175, 17, 6, 92, 130, 193, 214, 81, 58, 203, 132, 13, 13, 219;
 56, 112, 113, 225, 110, 73, 49, 80, 73, 232, 48, 106, 159, 31, 192, 122, 230, 29, 159, 81, 131, 52, 192, 128, 215, 209, 58, 242, 62, 8, 71, 179;
 131, 149, 20, 217, 244, 165, 169, 27, 94, 25, 92, 86, 188, 18, 184, 109, 79, 10, 18, 157, 179, 24, 119, 215, 12, 24, 186, 200, 156, 200, 177, 173;
 121, 145, 123, 200, 118, 91, 107, 120, 69, 96, 255, 106, 27, 23, 184, 244, 126, 156, 30, 234, 217, 178, 53, 145, 86, 237, 160, 196, 63, 170, 112, 33;
 138, 155, 54, 209, 119, 141, 176, 71, 173, 29, 82, 51, 172, 158, 102, 205, 230, 27, 187, 17, 22, 185, 16, 213, 23, 48, 26, 195, 134, 12, 173, 223;
 108, 239, 173, 165, 140, 14, 79, 159, 2, 190, 128, 77, 211, 39, 81, 91, 69, 196, 121, 126, 248, 66, 249, 0, 237, 131, 237, 124, 144, 249, 212, 112;
 9, 89, 62, 233, 97, 157, 120, 17, 173, 25, 118, 64, 191, 151, 32, 240, 166, 57, 191, 72, 195, 152, 18, 145, 199, 249, 50, 130, 58, 136, 9, 59;
 93, 192, 180, 37, 141, 91, 148, 136, 206, 181, 130, 8, 207, 56, 87, 174, 129, 69, 236, 81, 156, 97, 239, 128, 136, 215, 85, 55, 198, 127, 89, 68;
 67, 8, 186, 212, 111, 180, 184, 6, 170, 25, 86, 2, 188, 186, 103, 106, 167, 59, 51, 145, 134, 88, 162, 225, 71, 60, 90, 170, 128, 64, 41, 143;
 236, 253, 129, 230, 185, 76, 71, 184, 19, 226, 143, 136, 215, 247, 193, 214, 17, 244, 125, 122, 105, 64, 249, 42, 185, 180, 69, 60, 162, 250, 20, 112;
 245, 188, 152, 182, 158, 76, 87, 189, 210, 227, 135, 25, 246, 249, 67, 114, 129, 102, 120, 17, 124, 109, 217, 42, 249, 135, 117, 125, 168, 122, 28, 74;
 90, 34, 167, 181, 18, 162, 41, 51, 52, 141, 199, 247, 109, 7, 16, 196, 54, 183, 237, 157, 146, 217, 165, 79, 217, 103, 186, 193, 167, 132, 53, 121;
 195, 16, 250, 217, 100, 188, 184, 11, 63, 65, 87, 150, 157, 222, 62, 104, 126, 25, 179, 149, 147, 148, 183, 209, 71, 127, 154, 192, 157, 136, 41, 244;
 3, 156, 20, 217, 172, 133, 169, 55, 206, 27, 88, 116, 188, 18, 180, 109, 199, 11, 62, 156, 211, 140, 71, 213, 12, 26, 250, 200, 156, 136, 161, 141;
 93, 213, 149, 229, 137, 111, 77, 191, 20, 250, 142, 82, 223, 55, 137, 175, 21, 86, 125, 43, 121, 208, 121, 130, 169, 198, 255, 148, 170, 240, 145, 49;
 90, 30, 110, 181, 19, 134, 57, 55, 53, 199, 198, 151, 237, 41, 18, 71, 38, 167, 249, 165, 172, 220, 21, 143, 204, 103, 218, 192, 47, 132, 57, 88;
 154, 156, 155, 184, 19, 224, 176, 67, 158, 7, 64, 51, 172, 223, 32, 200, 231, 59, 147, 145, 50, 157, 18, 211, 195, 231, 26, 75, 144, 4, 37, 219;
 218, 207, 102, 190, 50, 192, 158, 231, 141, 12, 154, 167, 45, 46, 162, 65, 230, 51, 141, 229, 124, 137, 6, 253, 242, 115, 46, 211, 54, 140, 189, 95;
 101, 224, 165, 179, 173, 77, 71, 136, 155, 123, 17, 25, 214, 125, 89, 10, 145, 74, 125, 95, 27, 100, 250, 163, 205, 222, 85, 116, 128, 91, 210, 114;
 77, 27, 133, 167, 172, 38, 174, 176, 172, 160, 138, 196, 253, 99, 17, 202, 6, 117, 121, 205, 145, 208, 217, 172, 204, 166, 239, 144, 142, 227, 17, 32;
 98, 147, 113, 200, 127, 201, 217, 123, 79, 53, 185, 106, 140, 27, 244, 164, 238, 145, 151, 177, 211, 42, 112, 213, 159, 220, 139, 254, 87, 136, 85, 163;
 85, 153, 190, 119, 179, 86, 49, 167, 248, 225, 38, 32, 124, 114, 195, 114, 179, 119, 124, 144, 53, 217, 179, 106, 217, 175, 119, 66, 168, 112, 33, 31;
 203, 133, 39, 29, 49, 246, 168, 39, 252, 75, 90, 244, 232, 46, 148, 231, 230, 39, 188, 173, 245, 217, 37, 207, 32, 122, 250, 194, 14, 4, 233, 125;
 161, 73, 107, 79, 244, 151, 206, 246, 85, 72, 84, 70, 51, 24, 181, 37, 72, 106, 22, 111, 239, 186, 116, 189, 38, 120, 164, 128, 95, 154, 120, 173;
 61, 112, 235, 78, 116, 87, 235, 88, 64, 200, 253, 166, 81, 157, 191, 32, 124, 188, 23, 238, 137, 178, 188, 136, 86, 173, 160, 164, 111, 187, 122, 241;
 79, 195, 144, 197, 170, 16, 110, 189, 35, 169, 143, 236, 205, 99, 200, 214, 22, 197, 236, 248, 209, 64, 203, 192, 174, 252, 37, 244, 46, 182, 137, 1;
 253, 248, 160, 181, 173, 78, 69, 188, 19, 254, 6, 13, 215, 49, 83, 95, 145, 100, 125, 92, 104, 92, 249, 8, 205, 219, 245, 52, 170, 60, 82, 122;
 179, 203, 105, 204, 124, 149, 207, 245, 5, 72, 216, 198, 49, 140, 180, 100, 204, 168, 23, 207, 203, 26, 116, 189, 55, 88, 174, 248, 53, 158, 240, 252;
 130, 28, 175, 157, 211, 198, 189, 71, 148, 195, 70, 147, 188, 151, 32, 96, 111, 59, 187, 145, 115, 156, 50, 206, 109, 38, 158, 75, 181, 4, 181, 250;
 210, 34, 34, 169, 26, 160, 57, 72, 46, 21, 195, 247, 141, 134, 106, 72, 102, 9, 43, 149, 150, 29, 167, 83, 212, 32, 186, 200, 176, 5, 165, 195;
 208, 45, 185, 164, 188, 89, 16, 11, 202, 188, 146, 40, 151, 184, 193, 99, 131, 117, 236, 17, 76, 107, 231, 0, 153, 193, 125, 63, 164, 104, 28, 107;
 125, 80, 122, 228, 71, 90, 91, 88, 97, 196, 247, 10, 91, 25, 159, 120, 122, 132, 23, 234, 204, 55, 53, 192, 211, 233, 194, 133, 103, 191, 126, 66;
 61, 49, 106, 232, 86, 39, 235, 88, 68, 200, 125, 134, 17, 205, 179, 32, 126, 184, 23, 255, 137, 178, 52, 8, 86, 205, 163, 132, 125, 171, 114, 241;
 63, 34, 225, 193, 100, 59, 232, 89, 75, 187, 177, 122, 9, 24, 221, 174, 255, 141, 23, 189, 157, 118, 205, 192, 14, 88, 227, 246, 239, 239, 90, 133;
 212, 177, 188, 248, 190, 105, 147, 201, 198, 29, 153, 58, 214, 248, 106, 43, 187, 83, 236, 115, 62, 99, 170, 51, 219, 193, 101, 127, 208, 73, 149, 67;
 113, 82, 119, 237, 38, 6, 77, 52, 101, 72, 246, 231, 123, 31, 180, 113, 118, 132, 29, 238, 201, 183, 21, 141, 243, 235, 224, 128, 63, 186, 112, 121;
 108, 249, 133, 229, 157, 14, 73, 180, 131, 252, 6, 12, 215, 39, 65, 87, 128, 100, 125, 124, 73, 88, 241, 136, 237, 250, 197, 52, 130, 188, 84, 120;
 56, 240, 113, 97, 49, 251, 112, 214, 103, 112, 62, 41, 27, 157, 85, 52, 171, 156, 245, 208, 79, 48, 185, 144, 99, 221, 17, 103, 123, 150, 198, 250;
 118, 120, 211, 240, 151, 198, 208, 67, 59, 225, 178, 42, 30, 223, 68, 186, 175, 253, 117, 209, 25, 239, 208, 196, 153, 222, 13, 122, 233, 32, 98, 19;
 95, 249, 235, 102, 180, 150, 223, 240, 245, 204, 159, 6, 123, 253, 213, 32, 254, 244, 125, 239, 201, 241, 61, 236, 251, 221, 175, 132, 47, 243, 112, 115;
 183, 106, 168, 188, 140, 181, 206, 74, 214, 198, 212, 146, 163, 204, 247, 232, 217, 232, 252, 223, 174, 167, 238, 186, 147, 117, 139, 25, 149, 253, 124, 100;
 88, 156, 222, 69, 42, 82, 16, 163, 234, 240, 166, 168, 95, 54, 199, 115, 39, 245, 236, 160, 109, 217, 173, 76, 218, 231, 103, 151, 168, 160, 15, 31;
 105, 253, 184, 164, 125, 76, 86, 111, 201, 234, 188, 43, 62, 57, 70, 18, 136, 228, 213, 33, 229, 107, 208, 143, 123, 127, 117, 58, 90, 44, 218, 155;
 36, 207, 91, 65, 244, 203, 111, 241, 44, 12, 121, 160, 147, 197, 172, 16, 26, 24, 6, 110, 81, 176, 32, 20, 103, 156, 32, 68, 192, 203, 198, 176;
 136, 93, 126, 92, 111, 249, 181, 230, 237, 18, 108, 56, 62, 177, 165, 55, 34, 114, 250, 74, 97, 41, 50, 253, 119, 155, 86, 59, 90, 88, 207, 171;
 107, 235, 103, 84, 91, 148, 173, 231, 169, 12, 170, 206, 40, 198, 181, 246, 228, 182, 218, 204, 195, 11, 166, 237, 55, 56, 134, 170, 3, 20, 118, 125;
 235, 78, 36, 125, 77, 189, 205, 182, 205, 62, 168, 8, 170, 40, 23, 255, 201, 226, 122, 79, 236, 42, 118, 177, 165, 250, 208, 58, 82, 92, 86, 236;
 187, 71, 88, 233, 231, 63, 126, 127, 93, 44, 255, 26, 11, 11, 55, 145, 122, 139, 151, 238, 252, 178, 97, 222, 247, 221, 162, 129, 55, 221, 248, 65;
 207, 85, 102, 238, 108, 98, 207, 184, 200, 90, 156, 166, 92, 255, 191, 107, 250, 65, 63, 239, 225, 3, 42, 253, 112, 58, 234, 156, 30, 127, 113, 113;
 114, 25, 117, 124, 15, 237, 208, 40, 11, 113, 177, 43, 62, 93, 20, 185, 138, 147, 245, 65, 27, 106, 83, 189, 145, 250, 88, 122, 125, 13, 82, 54;
 2, 178, 57, 184, 251, 229, 185, 83, 142, 93, 81, 119, 156, 222, 104, 201, 231, 27, 151, 149, 147, 14, 50, 241, 13, 81, 186, 234, 144, 4, 165, 243;
 25, 35, 248, 97, 227, 125, 117, 87, 230, 108, 60, 40, 47, 167, 227, 180, 38, 26, 198, 8, 70, 56, 36, 144, 119, 205, 52, 49, 115, 220, 205, 251;
 210, 183, 254, 100, 18, 66, 57, 55, 161, 172, 174, 170, 105, 46, 68, 115, 166, 247, 237, 160, 252, 223, 165, 76, 123, 227, 127, 129, 33, 224, 39, 123;
 170, 207, 100, 154, 95, 209, 150, 231, 159, 68, 88, 239, 40, 204, 182, 133, 202, 171, 131, 197, 230, 42, 110, 255, 44, 22, 136, 235, 87, 12, 92, 222;
 66, 153, 172, 187, 139, 212, 188, 135, 143, 31, 14, 179, 236, 190, 110, 74, 197, 83, 187, 145, 22, 73, 155, 225, 207, 115, 222, 203, 148, 84, 189, 95;
 250, 233, 119, 192, 179, 235, 153, 199, 171, 53, 182, 170, 30, 159, 5, 189, 174, 183, 213, 209, 11, 239, 160, 213, 145, 16, 91, 247, 197, 20, 135, 123;
 248, 250, 180, 249, 13, 7, 149, 159, 86, 63, 144, 125, 135, 9, 64, 2, 205, 211, 237, 17, 106, 111, 203, 19, 201, 194, 125, 125, 120, 24, 132, 27;
 105, 33, 199, 199, 125, 94, 104, 53, 163, 224, 15, 72, 242, 55, 192, 182, 0, 116, 248, 124, 81, 88, 249, 136, 47, 217, 69, 48, 170, 174, 90, 60;
 6, 79, 211, 127, 226, 202, 54, 199, 191, 10, 122, 226, 44, 255, 165, 120, 166, 123, 166, 66, 64, 189, 2, 234, 54, 182, 54, 131, 117, 249, 165, 175;
 239, 56, 246, 80, 237, 86, 253, 115, 233, 254, 54, 61, 12, 156, 214, 190, 167, 117, 245, 55, 213, 103, 162, 194, 91, 127, 117, 239, 207, 165, 255, 119;
 213, 192, 190, 188, 26, 43, 66, 136, 126, 112, 203, 147, 247, 248, 59, 65, 242, 229, 108, 103, 44, 241, 31, 113, 144, 34, 99, 20, 124, 121, 33, 2;
 232, 239, 168, 189, 141, 173, 85, 135, 214, 54, 192, 24, 163, 168, 81, 41, 201, 186, 109, 1, 110, 110, 194, 51, 229, 211, 216, 57, 20, 88, 214, 10;
 107, 216, 49, 236, 109, 4, 189, 247, 10, 10, 120, 106, 60, 191, 32, 240, 238, 53, 183, 1, 193, 30, 242, 219, 245, 254, 250, 170, 89, 56, 133, 187;
 75, 150, 22, 89, 185, 188, 48, 23, 174, 89, 175, 117, 172, 163, 14, 215, 229, 38, 233, 20, 183, 73, 17, 215, 206, 53, 18, 211, 138, 68, 137, 27;
 218, 146, 46, 197, 17, 54, 73, 51, 53, 13, 198, 151, 105, 39, 146, 68, 116, 151, 253, 140, 186, 221, 177, 207, 155, 103, 186, 193, 39, 132, 180, 112;
 185, 124, 251, 109, 112, 6, 253, 87, 112, 200, 124, 100, 57, 63, 145, 114, 238, 125, 21, 137, 233, 218, 148, 203, 99, 237, 174, 136, 111, 244, 227, 251;
 68, 122, 148, 21, 12, 173, 176, 6, 202, 189, 186, 253, 134, 136, 69, 10, 133, 103, 236, 20, 135, 101, 211, 50, 12, 52, 53, 62, 201, 121, 65, 27;
 226, 123, 251, 246, 110, 216, 181, 100, 200, 132, 84, 170, 38, 252, 199, 35, 174, 123, 198, 67, 64, 123, 166, 233, 213, 129, 96, 171, 69, 58, 7, 255;
 189, 95, 97, 73, 244, 23, 207, 220, 85, 236, 252, 238, 83, 8, 181, 172, 92, 200, 6, 254, 233, 178, 109, 158, 34, 140, 165, 180, 255, 251, 112, 229;
 15, 246, 105, 195, 118, 187, 187, 156, 14, 117, 29, 230, 221, 79, 219, 32, 55, 25, 87, 189, 131, 0, 125, 119, 110, 13, 171, 228, 191, 151, 17, 241;
 177, 13, 186, 92, 173, 189, 228, 231, 223, 31, 100, 24, 166, 184, 55, 111, 225, 106, 34, 77, 224, 125, 178, 179, 179, 123, 86, 59, 216, 88, 219, 174;
 105, 169, 128, 199, 17, 30, 75, 49, 43, 160, 175, 200, 242, 51, 192, 246, 20, 252, 248, 72, 89, 152, 209, 168, 175, 253, 133, 48, 10, 162, 90, 44;
 195, 44, 204, 149, 226, 10, 60, 39, 171, 226, 2, 253, 173, 47, 70, 27, 167, 103, 253, 132, 101, 221, 148, 202, 6, 62, 253, 178, 12, 228, 155, 93;
 178, 74, 119, 120, 170, 201, 221, 199, 175, 60, 178, 169, 46, 140, 37, 153, 166, 185, 205, 81, 202, 47, 34, 244, 49, 16, 28, 243, 245, 20, 199, 107;
 74, 152, 173, 179, 141, 237, 145, 143, 143, 127, 150, 25, 175, 61, 91, 75, 137, 19, 253, 17, 58, 105, 123, 177, 203, 211, 94, 219, 208, 76, 149, 122;
 111, 244, 242, 64, 109, 60, 253, 91, 235, 255, 61, 61, 12, 253, 222, 190, 143, 93, 245, 7, 132, 119, 186, 194, 71, 93, 221, 255, 199, 244, 215, 247;
 95, 87, 239, 71, 58, 22, 111, 60, 225, 236, 159, 230, 217, 55, 155, 119, 38, 212, 253, 238, 169, 81, 189, 140, 254, 105, 239, 144, 46, 183, 17, 125;
 166, 34, 107, 91, 224, 217, 105, 105, 61, 150, 117, 176, 64, 199, 253, 61, 121, 184, 38, 250, 24, 246, 238, 70, 31, 154, 211, 105, 99, 163, 102, 164;
 221, 78, 166, 190, 23, 178, 46, 178, 148, 206, 218, 215, 233, 98, 179, 192, 113, 103, 187, 175, 164, 133, 5, 174, 244, 103, 171, 128, 190, 253, 57, 88;
 246, 122, 254, 26, 106, 153, 25, 198, 191, 212, 180, 175, 44, 158, 231, 89, 166, 243, 223, 83, 198, 79, 6, 248, 122, 25, 116, 187, 125, 21, 15, 95;
 128, 149, 53, 249, 182, 236, 57, 55, 62, 93, 83, 54, 157, 63, 40, 97, 231, 19, 63, 145, 51, 152, 51, 215, 205, 242, 186, 198, 148, 0, 165, 123;
 99, 226, 224, 30, 109, 20, 188, 221, 235, 119, 49, 223, 8, 204, 222, 158, 223, 13, 243, 135, 198, 39, 222, 211, 22, 62, 222, 190, 95, 118, 219, 213;
 58, 177, 224, 78, 231, 88, 220, 73, 43, 87, 93, 171, 42, 252, 94, 166, 190, 219, 149, 135, 222, 114, 174, 193, 82, 125, 84, 175, 103, 238, 254, 215;
 31, 89, 107, 203, 246, 230, 235, 144, 100, 65, 94, 198, 89, 95, 188, 96, 126, 142, 23, 253, 155, 144, 117, 255, 103, 45, 170, 192, 47, 147, 240, 241;
 227, 75, 1, 190, 73, 20, 104, 32, 25, 90, 113, 223, 104, 134, 183, 255, 204, 197, 54, 199, 205, 94, 206, 241, 20, 114, 218, 170, 27, 37, 40, 157;
 74, 133, 168, 190, 184, 192, 93, 47, 18, 5, 140, 145, 181, 167, 58, 64, 201, 11, 153, 157, 122, 75, 226, 255, 232, 167, 158, 25, 20, 64, 189, 74;
 38, 203, 64, 155, 84, 129, 230, 228, 70, 1, 81, 162, 225, 200, 184, 4, 122, 202, 2, 231, 78, 58, 14, 181, 44, 4, 142, 97, 53, 31, 248, 132;
 70, 235, 37, 18, 108, 137, 167, 168, 142, 244, 144, 237, 230, 204, 215, 134, 15, 65, 235, 87, 194, 107, 78, 245, 172, 16, 13, 191, 84, 63, 87, 252;
 70, 251, 142, 186, 171, 192, 188, 132, 142, 21, 2, 163, 236, 254, 106, 74, 199, 115, 187, 209, 86, 73, 138, 241, 77, 55, 222, 235, 148, 22, 189, 91;
 212, 202, 143, 188, 12, 171, 66, 200, 182, 152, 210, 125, 87, 241, 241, 81, 112, 229, 110, 231, 42, 247, 139, 123, 208, 34, 111, 140, 120, 121, 49, 1;
 72, 74, 191, 92, 83, 242, 57, 150, 240, 159, 70, 176, 253, 231, 163, 125, 119, 126, 161, 136, 160, 218, 166, 109, 87, 99, 126, 129, 162, 244, 39, 235;
 235, 91, 64, 190, 233, 148, 190, 228, 9, 88, 96, 207, 40, 170, 55, 219, 204, 239, 178, 199, 197, 30, 218, 241, 54, 121, 202, 171, 27, 149, 104, 220;
 34, 141, 56, 185, 213, 229, 178, 71, 30, 1, 72, 3, 180, 190, 36, 64, 201, 59, 3, 17, 22, 58, 80, 247, 111, 20, 154, 75, 144, 72, 181, 130;
 63, 158, 232, 156, 254, 51, 174, 250, 86, 206, 92, 231, 96, 104, 191, 197, 127, 106, 151, 167, 245, 99, 15, 255, 56, 6, 239, 142, 189, 252, 57, 213;
 202, 198, 117, 218, 109, 88, 253, 173, 169, 22, 181, 178, 252, 78, 188, 247, 238, 147, 223, 163, 231, 37, 62, 253, 55, 27, 206, 137, 23, 134, 229, 108;
 118, 163, 224, 140, 231, 112, 222, 232, 11, 124, 185, 175, 72, 236, 222, 150, 254, 221, 183, 231, 156, 51, 174, 208, 22, 52, 203, 255, 87, 167, 254, 215;
 87, 15, 99, 141, 180, 34, 79, 55, 101, 192, 202, 198, 195, 104, 181, 228, 82, 230, 60, 239, 157, 153, 37, 206, 168, 124, 207, 192, 174, 255, 240, 116;
 142, 124, 55, 240, 167, 247, 124, 119, 189, 218, 146, 50, 156, 63, 81, 175, 175, 245, 255, 129, 105, 205, 48, 238, 159, 82, 223, 195, 14, 116, 39, 127;
 231, 194, 248, 77, 108, 62, 249, 154, 91, 63, 119, 63, 73, 42, 255, 218, 247, 205, 181, 174, 134, 118, 172, 211, 86, 255, 251, 180, 223, 245, 203, 213;
 140, 43, 222, 17, 194, 130, 41, 67, 190, 158, 102, 176, 60, 198, 226, 90, 103, 255, 162, 144, 83, 220, 131, 96, 92, 161, 127, 192, 225, 96, 173, 49;
 215, 97, 111, 70, 122, 22, 111, 60, 97, 224, 159, 206, 81, 70, 159, 119, 54, 196, 125, 239, 233, 215, 189, 76, 118, 40, 173, 132, 45, 179, 242, 117;
 143, 240, 233, 65, 54, 27, 171, 216, 62, 242, 29, 230, 217, 76, 219, 32, 55, 73, 23, 255, 195, 20, 61, 82, 76, 13, 175, 164, 61, 243, 19, 241;
 194, 106, 50, 208, 106, 129, 188, 214, 186, 60, 144, 175, 44, 143, 161, 13, 46, 115, 75, 209, 66, 75, 130, 245, 118, 18, 126, 251, 5, 144, 167, 187;
 234, 177, 227, 212, 211, 120, 176, 67, 187, 119, 25, 191, 12, 188, 78, 138, 175, 159, 211, 145, 22, 115, 188, 209, 31, 16, 219, 231, 197, 100, 143, 214;
 170, 182, 52, 218, 237, 253, 152, 127, 31, 253, 149, 63, 172, 28, 94, 173, 141, 19, 223, 17, 182, 111, 123, 213, 31, 90, 92, 251, 150, 12, 151, 223;
 25, 225, 181, 21, 59, 123, 49, 190, 229, 253, 46, 56, 207, 117, 138, 175, 35, 70, 236, 44, 188, 249, 45, 141, 207, 215, 85, 87, 226, 172, 135, 109;
 164, 32, 219, 89, 192, 137, 163, 72, 126, 130, 97, 208, 81, 211, 77, 56, 121, 248, 34, 242, 35, 246, 206, 50, 21, 142, 227, 76, 65, 41, 98, 160;
 28, 49, 250, 235, 245, 215, 255, 85, 79, 133, 127, 2, 27, 159, 127, 96, 250, 187, 151, 243, 202, 176, 56, 216, 103, 221, 134, 5, 247, 218, 252, 202;
 163, 15, 102, 79, 246, 179, 166, 103, 93, 66, 122, 230, 104, 232, 183, 229, 126, 170, 2, 111, 229, 187, 4, 255, 54, 62, 130, 2, 95, 238, 120, 140;
 162, 207, 102, 158, 95, 147, 174, 103, 221, 70, 88, 247, 96, 236, 54, 133, 126, 43, 131, 7, 228, 175, 46, 255, 36, 54, 202, 139, 87, 92, 125, 220;
 23, 5, 107, 201, 214, 22, 239, 209, 117, 72, 95, 198, 81, 31, 189, 100, 126, 136, 23, 253, 185, 146, 53, 206, 52, 44, 174, 128, 189, 146, 240, 240;
 138, 222, 55, 188, 58, 192, 61, 191, 190, 31, 80, 49, 188, 183, 32, 65, 199, 51, 63, 1, 114, 13, 34, 247, 229, 178, 122, 202, 16, 16, 165, 123;
 6, 62, 186, 208, 109, 100, 189, 67, 235, 251, 57, 61, 12, 190, 118, 10, 175, 125, 247, 19, 149, 111, 146, 194, 27, 28, 95, 239, 204, 101, 47, 215;
 152, 122, 186, 241, 34, 137, 188, 82, 158, 134, 86, 167, 181, 207, 99, 8, 62, 121, 135, 83, 66, 245, 2, 40, 210, 129, 62, 129, 109, 153, 47, 155;
 130, 89, 158, 252, 51, 204, 181, 70, 156, 72, 68, 3, 188, 191, 33, 66, 238, 127, 155, 65, 32, 141, 16, 235, 247, 177, 26, 3, 16, 120, 45, 187;
 174, 241, 248, 227, 237, 109, 157, 205, 143, 127, 181, 59, 140, 31, 78, 11, 207, 19, 223, 19, 34, 103, 90, 211, 207, 217, 223, 255, 214, 95, 197, 211;
 246, 72, 206, 148, 12, 82, 142, 224, 196, 194, 130, 162, 113, 200, 177, 107, 72, 228, 250, 227, 109, 199, 135, 170, 16, 35, 207, 153, 13, 61, 120, 6;
 205, 143, 134, 181, 172, 203, 239, 179, 158, 226, 158, 159, 215, 237, 114, 98, 73, 102, 127, 79, 124, 237, 223, 162, 236, 22, 223, 16, 6, 233, 153, 64;
 10, 149, 187, 217, 247, 224, 189, 71, 142, 93, 94, 51, 140, 191, 102, 64, 227, 59, 155, 145, 18, 25, 50, 209, 79, 20, 154, 203, 150, 72, 181, 251]