[211, 168, 169, 155, 162, 144, 41, 246, 62, 243, 196, 208, 180, 230, 210, 121, 119, 170, 59, 157, 147, 222, 238, 112, 220, 3, 255, 236, 156, 96, 43, 248;
 11, 164, 226, 129, 231, 118, 189, 206, 123, 247, 90, 19, 8, 156, 126, 44, 255, 79, 147, 149, 134, 244, 180, 194, 23, 94, 222, 167, 135, 85, 183, 246;
 99, 26, 34, 12, 60, 63, 210, 74, 76, 65, 88, 77, 142, 136, 183, 136, 216, 12, 90, 125, 133, 163, 20, 156, 18, 125, 8, 58, 220, 93, 91, 140;
 181, 220, 12, 185, 156, 191, 194, 190, 94, 121, 132, 85, 215, 72, 58, 65, 217, 2, 90, 61, 191, 109, 93, 54, 232, 95, 63, 116, 216, 13, 217, 214;
 15, 159, 199, 136, 251, 63, 110, 254, 143, 123, 30, 231, 76, 102, 183, 228, 119, 195, 158, 252, 149, 25, 37, 220, 62, 94, 173, 196, 191, 253, 137, 85;
 103, 249, 212, 197, 169, 82, 12, 174, 35, 176, 174, 168, 17, 54, 197, 254, 67, 213, 252, 224, 73, 74, 247, 136, 42, 246, 221, 55, 170, 241, 136, 22;
 67, 151, 131, 182, 150, 104, 163, 43, 248, 75, 91, 87, 244, 232, 56, 195, 48, 70, 57, 45, 177, 233, 149, 201, 112, 38, 254, 136, 140, 107, 241, 1;
 43, 144, 220, 91, 203, 181, 156, 31, 223, 23, 101, 20, 236, 242, 46, 189, 135, 19, 178, 0, 182, 36, 122, 209, 7, 95, 82, 107, 210, 68, 139, 199;
 188, 77, 126, 225, 116, 118, 123, 82, 148, 196, 254, 2, 17, 183, 163, 113, 88, 252, 151, 248, 40, 243, 32, 140, 107, 201, 165, 133, 167, 249, 116, 234;
 116, 11, 221, 169, 164, 98, 68, 135, 19, 17, 234, 117, 2, 42, 37, 216, 200, 206, 36, 80, 30, 186, 65, 0, 160, 181, 228, 71, 153, 120, 240, 18;
 43, 145, 53, 205, 171, 87, 29, 189, 15, 123, 189, 116, 222, 63, 44, 244, 221, 151, 183, 162, 217, 56, 123, 213, 135, 250, 103, 150, 91, 98, 129, 119;
 41, 88, 104, 9, 81, 207, 115, 212, 126, 69, 100, 5, 26, 28, 55, 48, 158, 168, 18, 93, 135, 186, 116, 127, 103, 15, 16, 96, 217, 21, 98, 218;
 188, 210, 116, 41, 46, 139, 130, 248, 92, 120, 16, 246, 215, 88, 156, 129, 223, 81, 207, 99, 251, 36, 77, 55, 60, 2, 235, 212, 93, 9, 217, 1;
 79, 84, 179, 202, 187, 36, 171, 219, 63, 15, 141, 22, 140, 199, 245, 76, 119, 21, 27, 188, 163, 7, 185, 210, 185, 124, 143, 238, 154, 247, 161, 117;
 74, 92, 182, 158, 41, 244, 184, 198, 159, 30, 220, 16, 172, 222, 39, 207, 231, 123, 191, 131, 38, 79, 154, 249, 147, 50, 90, 139, 18, 85, 45, 15;
 234, 27, 230, 92, 45, 116, 82, 146, 223, 94, 246, 181, 42, 252, 183, 255, 198, 247, 189, 198, 174, 71, 230, 235, 18, 120, 194, 139, 22, 253, 124, 95;
 81, 17, 157, 188, 142, 88, 20, 15, 92, 194, 194, 32, 182, 184, 163, 234, 195, 71, 60, 1, 77, 110, 231, 138, 130, 247, 94, 27, 188, 124, 9, 95;
 35, 72, 66, 73, 82, 134, 107, 16, 53, 4, 102, 132, 57, 131, 181, 84, 124, 172, 51, 156, 67, 150, 117, 95, 69, 40, 130, 128, 123, 128, 98, 184;
 118, 185, 177, 148, 219, 85, 152, 207, 139, 249, 152, 111, 44, 191, 69, 158, 133, 247, 249, 145, 67, 75, 210, 192, 27, 20, 157, 191, 139, 116, 55, 127;
 44, 140, 230, 57, 164, 107, 229, 135, 124, 87, 122, 133, 195, 172, 182, 11, 11, 10, 227, 5, 221, 252, 23, 0, 68, 115, 80, 1, 213, 252, 222, 220;
 96, 185, 153, 164, 254, 232, 84, 151, 99, 233, 28, 105, 54, 157, 66, 50, 147, 255, 117, 17, 30, 122, 192, 0, 254, 21, 53, 251, 164, 72, 158, 75;
 105, 57, 136, 164, 60, 47, 83, 158, 139, 237, 14, 13, 214, 177, 66, 18, 129, 102, 125, 93, 0, 73, 219, 42, 236, 61, 37, 60, 142, 127, 82, 91;
 255, 94, 239, 76, 40, 54, 85, 150, 225, 222, 158, 229, 154, 63, 167, 127, 198, 244, 253, 102, 237, 195, 229, 232, 242, 121, 230, 146, 142, 245, 52, 119;
 42, 212, 180, 222, 253, 93, 149, 174, 143, 31, 188, 26, 236, 124, 110, 166, 201, 211, 251, 1, 118, 110, 251, 243, 47, 223, 223, 127, 150, 92, 221, 255;
 49, 85, 111, 2, 82, 207, 55, 116, 165, 68, 239, 141, 50, 71, 46, 16, 60, 176, 67, 110, 66, 163, 48, 125, 115, 141, 0, 0, 123, 146, 38, 250;
 65, 137, 94, 138, 236, 132, 116, 167, 235, 29, 59, 5, 4, 42, 118, 82, 227, 39, 46, 4, 84, 43, 10, 85, 78, 62, 118, 78, 152, 66, 233, 95;
 221, 20, 135, 160, 234, 98, 77, 121, 36, 242, 3, 245, 221, 55, 35, 223, 119, 133, 158, 182, 57, 210, 49, 72, 156, 195, 239, 132, 170, 103, 43, 112;
 23, 182, 76, 193, 54, 187, 186, 154, 15, 113, 25, 238, 76, 78, 159, 164, 55, 17, 223, 181, 135, 16, 13, 223, 30, 30, 41, 247, 191, 207, 25, 21;
 54, 240, 172, 147, 99, 127, 176, 213, 139, 127, 29, 59, 78, 124, 94, 187, 173, 157, 245, 1, 142, 240, 120, 209, 159, 91, 217, 247, 215, 126, 158, 215;
 87, 68, 142, 188, 141, 52, 76, 15, 224, 194, 202, 5, 119, 234, 51, 202, 209, 229, 40, 167, 77, 71, 150, 202, 176, 231, 207, 8, 136, 116, 57, 28;
 157, 67, 62, 236, 47, 93, 157, 72, 206, 68, 4, 2, 239, 194, 35, 238, 178, 33, 234, 110, 68, 37, 54, 153, 195, 249, 67, 61, 82, 188, 13, 196;
 93, 248, 18, 224, 213, 150, 106, 181, 51, 184, 132, 76, 159, 147, 64, 244, 113, 236, 28, 248, 75, 94, 152, 198, 185, 221, 135, 100, 42, 34, 58, 32;
 98, 156, 53, 200, 251, 229, 25, 238, 143, 23, 172, 137, 156, 55, 33, 87, 199, 19, 219, 48, 50, 11, 114, 221, 209, 148, 10, 126, 146, 201, 7, 243;
 255, 155, 117, 137, 170, 26, 93, 184, 29, 94, 212, 230, 95, 38, 171, 253, 86, 208, 190, 110, 253, 0, 111, 149, 150, 235, 99, 222, 62, 189, 0, 117;
 201, 152, 91, 186, 240, 148, 123, 182, 49, 71, 102, 149, 189, 134, 2, 120, 151, 143, 180, 220, 183, 14, 182, 119, 199, 127, 18, 72, 152, 133, 171, 81;
 230, 185, 232, 215, 226, 96, 189, 87, 19, 166, 101, 186, 48, 247, 196, 62, 95, 254, 177, 128, 80, 218, 230, 226, 79, 60, 213, 187, 135, 248, 214, 167;
 227, 111, 140, 183, 56, 166, 90, 54, 144, 233, 198, 221, 225, 35, 18, 83, 196, 231, 125, 197, 172, 216, 209, 44, 238, 51, 248, 209, 12, 165, 24, 26;
 95, 189, 163, 78, 17, 244, 91, 210, 123, 69, 204, 12, 27, 182, 214, 244, 116, 239, 148, 221, 159, 26, 180, 227, 179, 253, 138, 110, 170, 71, 47, 117;
 106, 56, 39, 220, 125, 244, 154, 75, 155, 204, 220, 11, 40, 222, 54, 164, 204, 177, 183, 149, 191, 75, 242, 239, 19, 127, 138, 235, 135, 37, 126, 246;
 71, 249, 148, 216, 237, 180, 188, 143, 139, 155, 24, 112, 140, 250, 237, 126, 135, 83, 191, 16, 150, 75, 138, 224, 42, 28, 223, 174, 152, 116, 171, 31;
 151, 91, 250, 190, 166, 134, 159, 85, 22, 202, 208, 231, 53, 222, 179, 104, 254, 251, 23, 215, 254, 191, 6, 170, 240, 111, 174, 136, 53, 184, 177, 217;
 78, 164, 60, 184, 236, 107, 185, 238, 155, 87, 21, 25, 157, 127, 58, 89, 215, 19, 31, 177, 34, 67, 26, 213, 221, 211, 123, 253, 148, 64, 167, 211;
 246, 159, 101, 225, 183, 82, 127, 251, 41, 116, 182, 247, 11, 30, 228, 117, 111, 157, 157, 240, 251, 30, 61, 215, 186, 248, 143, 230, 63, 132, 244, 119;
 139, 90, 107, 119, 102, 153, 255, 53, 57, 234, 118, 239, 121, 141, 247, 56, 54, 61, 119, 206, 197, 180, 164, 202, 102, 223, 116, 160, 111, 182, 83, 249;
 207, 201, 43, 184, 137, 212, 72, 136, 187, 88, 194, 81, 221, 222, 57, 217, 192, 1, 125, 247, 46, 71, 138, 247, 147, 115, 250, 205, 16, 21, 55, 66;
 52, 25, 29, 226, 116, 175, 83, 48, 69, 168, 127, 74, 215, 17, 33, 41, 24, 176, 23, 121, 25, 184, 89, 28, 201, 139, 97, 84, 248, 139, 64, 34;
 36, 118, 250, 73, 230, 106, 183, 223, 123, 31, 116, 52, 12, 133, 239, 30, 55, 88, 130, 16, 130, 167, 170, 66, 71, 36, 54, 47, 211, 241, 231, 235;
 50, 223, 120, 74, 58, 145, 150, 237, 79, 12, 188, 175, 34, 220, 167, 112, 222, 249, 143, 98, 206, 35, 76, 255, 178, 60, 5, 191, 125, 58, 236, 31;
 75, 150, 169, 174, 120, 180, 90, 31, 59, 69, 75, 205, 253, 174, 90, 208, 151, 143, 253, 133, 159, 26, 157, 115, 254, 245, 154, 232, 44, 134, 171, 88;
 151, 57, 63, 161, 182, 175, 185, 115, 140, 253, 19, 187, 149, 28, 242, 35, 134, 61, 93, 117, 189, 219, 48, 28, 248, 201, 43, 244, 132, 137, 149, 83;
 251, 145, 90, 172, 235, 81, 20, 109, 169, 82, 149, 191, 110, 190, 110, 223, 230, 147, 255, 39, 93, 15, 18, 213, 154, 115, 94, 223, 63, 12, 171, 95;
 195, 114, 123, 254, 98, 132, 157, 116, 233, 74, 244, 102, 60, 222, 189, 107, 254, 245, 189, 195, 195, 7, 162, 193, 83, 123, 250, 138, 13, 22, 35, 251;
 39, 99, 232, 4, 202, 19, 156, 77, 139, 246, 148, 143, 73, 12, 95, 10, 63, 229, 243, 245, 196, 71, 228, 200, 62, 26, 205, 191, 101, 246, 159, 220;
 107, 180, 41, 186, 217, 228, 89, 158, 51, 93, 76, 13, 52, 151, 26, 112, 209, 10, 21, 141, 154, 26, 250, 113, 197, 60, 184, 236, 146, 6, 150, 251;
 57, 68, 158, 161, 21, 54, 114, 69, 100, 195, 239, 2, 83, 26, 59, 96, 249, 140, 14, 57, 141, 179, 21, 142, 243, 205, 166, 5, 169, 90, 248, 2;
 6, 122, 218, 73, 242, 138, 167, 214, 122, 79, 116, 229, 16, 129, 231, 20, 63, 72, 70, 92, 195, 190, 4, 98, 100, 60, 50, 132, 219, 145, 235, 249;
 207, 144, 14, 186, 17, 180, 120, 16, 174, 85, 67, 149, 221, 206, 58, 217, 196, 131, 185, 149, 159, 29, 23, 85, 199, 97, 154, 197, 56, 132, 185, 82;
 68, 249, 145, 225, 186, 204, 21, 181, 46, 177, 10, 200, 151, 183, 64, 98, 70, 126, 45, 80, 81, 216, 241, 32, 237, 180, 39, 84, 160, 170, 133, 57;
 170, 249, 52, 250, 173, 213, 156, 239, 159, 123, 148, 59, 172, 156, 118, 165, 141, 19, 223, 209, 254, 111, 122, 247, 187, 83, 223, 255, 19, 28, 157, 127;
 45, 31, 26, 129, 184, 63, 155, 222, 140, 164, 172, 236, 182, 167, 227, 80, 199, 59, 206, 54, 144, 171, 96, 12, 232, 149, 39, 112, 200, 139, 43, 249;
 5, 42, 30, 191, 48, 150, 107, 56, 246, 200, 7, 68, 253, 211, 163, 96, 54, 33, 44, 206, 135, 133, 171, 95, 194, 239, 171, 192, 40, 163, 41, 1;
 104, 244, 24, 182, 60, 205, 81, 39, 202, 233, 15, 41, 246, 209, 74, 83, 144, 230, 125, 10, 83, 108, 219, 37, 249, 185, 117, 122, 8, 10, 211, 123;
 252, 219, 90, 108, 250, 64, 54, 249, 32, 40, 244, 171, 93, 23, 168, 82, 110, 213, 207, 226, 64, 19, 137, 93, 118, 161, 34, 205, 115, 162, 174, 131;
 33, 46, 104, 47, 116, 107, 219, 64, 23, 110, 177, 141, 115, 13, 19, 17, 152, 168, 71, 39, 236, 182, 108, 63, 70, 207, 161, 177, 117, 239, 86, 218;
 131, 242, 245, 91, 102, 155, 164, 215, 127, 85, 117, 246, 168, 204, 156, 172, 63, 58, 130, 24, 211, 252, 127, 241, 14, 30, 84, 226, 79, 156, 199, 189;
 24, 25, 149, 253, 171, 107, 181, 151, 172, 19, 170, 224, 255, 55, 33, 170, 38, 115, 234, 0, 1, 33, 83, 33, 133, 199, 126, 18, 250, 120, 133, 187;
 67, 145, 175, 14, 154, 196, 161, 57, 238, 65, 79, 4, 244, 246, 58, 98, 100, 86, 56, 201, 147, 9, 191, 101, 93, 32, 138, 72, 12, 2, 181, 248;
 172, 241, 255, 169, 196, 73, 119, 201, 230, 80, 121, 34, 23, 221, 105, 49, 122, 155, 2, 83, 87, 176, 62, 16, 101, 129, 37, 13, 117, 122, 230, 162;
 128, 155, 115, 91, 226, 152, 161, 180, 125, 13, 114, 244, 174, 204, 188, 125, 182, 58, 38, 66, 211, 248, 38, 97, 6, 50, 112, 202, 78, 137, 199, 253;
 110, 26, 163, 140, 205, 244, 243, 65, 203, 204, 239, 71, 104, 222, 119, 222, 232, 165, 187, 151, 148, 3, 178, 194, 19, 52, 138, 11, 147, 103, 244, 86;
 94, 188, 214, 250, 203, 224, 95, 200, 187, 151, 229, 176, 77, 247, 105, 29, 51, 251, 229, 242, 50, 67, 154, 113, 219, 210, 71, 75, 178, 243, 167, 50;
 251, 239, 110, 55, 180, 143, 254, 103, 188, 236, 158, 157, 23, 44, 82, 17, 164, 231, 253, 69, 252, 249, 69, 62, 254, 67, 124, 241, 101, 156, 222, 90;
 160, 24, 243, 91, 102, 216, 225, 17, 253, 75, 114, 48, 182, 149, 164, 172, 74, 58, 70, 64, 83, 188, 34, 35, 5, 184, 112, 3, 102, 136, 198, 175;
 109, 35, 168, 37, 252, 143, 203, 16, 218, 236, 23, 77, 211, 40, 95, 34, 156, 108, 119, 127, 204, 112, 236, 24, 237, 13, 173, 180, 77, 43, 90, 209;
 246, 115, 167, 192, 189, 82, 141, 29, 65, 243, 147, 250, 201, 12, 220, 174, 93, 212, 253, 177, 217, 214, 229, 128, 185, 80, 159, 207, 135, 244, 180, 52;
 104, 200, 177, 246, 109, 109, 213, 150, 82, 191, 178, 24, 210, 125, 88, 170, 137, 86, 103, 9, 24, 122, 234, 161, 205, 222, 117, 120, 194, 105, 212, 99;
 118, 120, 189, 228, 143, 101, 148, 235, 74, 226, 152, 75, 82, 60, 69, 42, 185, 213, 233, 33, 73, 99, 211, 128, 153, 134, 95, 63, 197, 120, 87, 51;
 161, 240, 40, 63, 108, 189, 176, 71, 222, 97, 81, 93, 179, 152, 150, 160, 136, 42, 82, 5, 199, 60, 212, 21, 6, 89, 25, 50, 93, 12, 91, 220;
 239, 176, 178, 147, 249, 180, 186, 216, 171, 185, 133, 245, 140, 214, 206, 254, 215, 93, 251, 211, 150, 71, 138, 242, 30, 84, 139, 254, 138, 135, 43, 149;
 161, 249, 46, 29, 77, 157, 180, 103, 206, 112, 180, 12, 178, 184, 118, 43, 136, 34, 122, 13, 197, 105, 246, 49, 7, 73, 86, 59, 93, 28, 219, 222;
 46, 57, 61, 218, 253, 239, 219, 200, 143, 120, 157, 171, 220, 93, 53, 32, 143, 179, 215, 211, 147, 43, 122, 253, 79, 89, 137, 255, 213, 15, 21, 243;
 10, 190, 106, 132, 102, 192, 191, 115, 160, 206, 95, 247, 25, 238, 246, 3, 111, 125, 151, 167, 213, 223, 134, 205, 126, 41, 239, 137, 45, 230, 183, 211;
 99, 78, 117, 26, 61, 174, 195, 42, 127, 78, 186, 77, 106, 40, 180, 212, 198, 163, 108, 78, 224, 173, 41, 255, 17, 62, 0, 82, 83, 213, 69, 101;
 144, 209, 154, 173, 38, 13, 182, 215, 172, 1, 30, 118, 190, 115, 40, 32, 166, 51, 58, 65, 65, 49, 17, 99, 209, 133, 110, 3, 216, 120, 137, 27;
 163, 126, 113, 73, 102, 187, 161, 86, 125, 69, 112, 246, 8, 12, 148, 164, 62, 27, 130, 29, 131, 188, 116, 226, 4, 24, 16, 34, 95, 141, 199, 253;
 88, 19, 159, 200, 42, 98, 57, 91, 164, 15, 222, 160, 92, 183, 161, 93, 118, 176, 143, 168, 0, 131, 34, 76, 211, 163, 242, 141, 178, 225, 39, 97;
 25, 23, 54, 165, 135, 159, 181, 117, 141, 238, 54, 207, 111, 13, 178, 165, 182, 36, 214, 44, 197, 189, 48, 140, 107, 219, 117, 178, 106, 174, 137, 253;
 143, 47, 100, 243, 246, 251, 121, 22, 11, 252, 20, 171, 189, 29, 211, 169, 38, 187, 215, 221, 178, 216, 101, 188, 206, 217, 41, 241, 166, 141, 23, 249;
 77, 25, 144, 255, 189, 61, 84, 149, 231, 137, 134, 100, 254, 179, 225, 238, 192, 118, 188, 88, 25, 41, 211, 160, 169, 253, 70, 26, 154, 121, 9, 43;
 32, 205, 104, 217, 212, 214, 101, 247, 85, 20, 236, 2, 0, 19, 39, 117, 73, 184, 3, 152, 74, 42, 112, 92, 111, 153, 150, 77, 51, 144, 108, 170;
 58, 21, 111, 175, 21, 79, 255, 113, 5, 68, 95, 143, 250, 77, 59, 4, 28, 40, 83, 47, 233, 144, 113, 159, 225, 62, 136, 144, 119, 174, 212, 250;
 175, 252, 6, 210, 173, 215, 85, 244, 213, 214, 148, 54, 138, 76, 142, 143, 201, 160, 202, 122, 255, 239, 123, 252, 43, 83, 213, 83, 78, 28, 252, 94;
 244, 33, 187, 246, 141, 93, 85, 105, 193, 166, 165, 24, 246, 245, 73, 46, 152, 86, 108, 42, 72, 103, 250, 0, 211, 210, 69, 59, 98, 106, 214, 162;
 22, 190, 82, 201, 82, 166, 123, 210, 39, 13, 206, 133, 57, 135, 34, 84, 119, 190, 47, 152, 26, 154, 195, 119, 95, 164, 162, 200, 178, 195, 36, 241;
 84, 144, 125, 97, 174, 253, 144, 19, 78, 121, 187, 114, 86, 28, 76, 104, 167, 21, 125, 17, 150, 33, 59, 20, 219, 233, 55, 87, 245, 10, 229, 19;
 103, 226, 134, 94, 93, 144, 202, 72, 131, 56, 149, 206, 96, 200, 255, 134, 88, 224, 251, 205, 203, 35, 206, 249, 24, 56, 137, 190, 95, 46, 122, 20;
 25, 126, 197, 165, 54, 63, 175, 87, 4, 234, 62, 239, 191, 36, 211, 164, 63, 169, 22, 61, 201, 176, 37, 136, 236, 199, 45, 176, 239, 254, 1, 253;
 237, 254, 19, 216, 83, 148, 57, 250, 243, 28, 96, 102, 60, 211, 232, 245, 245, 137, 6, 252, 226, 71, 162, 223, 157, 139, 175, 238, 18, 32, 34, 227;
 90, 24, 219, 255, 83, 252, 48, 66, 31, 105, 111, 51, 60, 159, 32, 232, 166, 191, 179, 16, 7, 153, 147, 243, 215, 231, 26, 3, 187, 9, 13, 27;
 107, 172, 234, 32, 114, 188, 123, 82, 59, 101, 108, 153, 61, 143, 82, 48, 54, 175, 21, 156, 150, 154, 228, 107, 103, 109, 176, 232, 228, 134, 10, 232;
 84, 94, 138, 44, 66, 44, 110, 222, 46, 90, 120, 231, 79, 170, 251, 218, 55, 201, 7, 135, 135, 37, 152, 99, 176, 229, 62, 141, 249, 115, 41, 19;
 167, 3, 37, 61, 100, 235, 108, 33, 223, 106, 115, 233, 243, 108, 157, 41, 152, 50, 118, 35, 189, 176, 77, 31, 4, 218, 225, 144, 88, 249, 80, 148;
 71, 59, 200, 31, 226, 56, 60, 27, 43, 119, 13, 236, 172, 46, 151, 158, 39, 111, 240, 132, 151, 72, 191, 233, 6, 55, 89, 187, 206, 247, 11, 149;
 47, 178, 224, 9, 238, 63, 146, 216, 223, 119, 189, 253, 142, 204, 223, 168, 223, 9, 223, 55, 151, 103, 126, 208, 14, 95, 43, 255, 221, 111, 15, 213;
 154, 190, 34, 185, 247, 145, 184, 223, 63, 29, 92, 247, 140, 138, 238, 68, 255, 27, 135, 145, 182, 158, 11, 247, 222, 85, 190, 239, 151, 4, 189, 199;
 141, 241, 156, 83, 221, 127, 112, 217, 230, 113, 37, 30, 147, 84, 10, 171, 41, 6, 202, 58, 55, 224, 126, 22, 111, 193, 5, 101, 251, 120, 204, 150;
 129, 218, 238, 31, 76, 44, 225, 150, 230, 87, 132, 151, 177, 230, 182, 107, 105, 98, 106, 140, 166, 207, 246, 99, 103, 33, 242, 41, 16, 120, 245, 250;
 88, 220, 29, 253, 42, 100, 25, 190, 12, 14, 144, 32, 191, 63, 1, 67, 199, 83, 125, 129, 107, 77, 227, 191, 211, 231, 122, 184, 16, 209, 37, 123;
 151, 176, 234, 247, 132, 54, 236, 249, 114, 99, 87, 22, 81, 59, 90, 40, 123, 205, 21, 175, 255, 148, 157, 195, 222, 175, 251, 228, 45, 225, 251, 144;
 173, 47, 6, 188, 253, 179, 194, 106, 83, 165, 212, 63, 66, 232, 179, 13, 217, 238, 2, 125, 188, 250, 78, 190, 216, 18, 205, 123, 150, 173, 122, 135;
 247, 27, 109, 217, 234, 26, 89, 184, 21, 246, 86, 238, 89, 38, 183, 121, 102, 180, 182, 236, 245, 92, 109, 152, 94, 107, 225, 244, 61, 173, 8, 125;
 14, 128, 248, 171, 236, 99, 185, 203, 14, 61, 29, 17, 221, 63, 122, 72, 247, 23, 31, 177, 18, 83, 8, 212, 205, 215, 123, 247, 148, 66, 135, 195;
 210, 31, 7, 186, 58, 162, 16, 142, 190, 17, 64, 225, 164, 22, 41, 89, 192, 155, 159, 241, 42, 139, 67, 125, 184, 48, 154, 202, 148, 85, 53, 91;
 106, 208, 176, 235, 125, 93, 217, 141, 91, 125, 180, 26, 238, 252, 94, 166, 223, 155, 255, 17, 142, 106, 251, 213, 143, 223, 223, 127, 150, 12, 93, 223;
 9, 149, 247, 181, 135, 82, 229, 57, 85, 214, 71, 150, 227, 101, 154, 239, 51, 198, 40, 171, 241, 252, 189, 137, 175, 99, 87, 4, 39, 236, 181, 244;
 15, 162, 108, 163, 190, 59, 187, 216, 14, 253, 157, 219, 221, 204, 223, 40, 63, 145, 223, 191, 150, 97, 111, 240, 222, 95, 171, 253, 247, 255, 21, 213;
 215, 73, 10, 182, 54, 200, 114, 160, 248, 73, 87, 103, 116, 216, 186, 64, 178, 102, 61, 79, 199, 149, 132, 165, 246, 41, 170, 209, 44, 15, 153, 19;
 139, 21, 103, 151, 118, 251, 233, 52, 149, 236, 95, 238, 125, 68, 178, 165, 62, 183, 182, 237, 177, 248, 37, 239, 30, 24, 168, 194, 47, 142, 21, 125;
 93, 25, 152, 254, 183, 28, 80, 21, 125, 129, 70, 12, 175, 147, 227, 246, 198, 126, 172, 88, 222, 72, 242, 168, 190, 253, 20, 90, 170, 170, 9, 15;
 186, 253, 63, 248, 62, 199, 157, 247, 237, 88, 180, 98, 60, 159, 180, 49, 230, 179, 223, 227, 227, 175, 48, 253, 243, 89, 170, 146, 29, 20, 183, 123;
 35, 1, 79, 9, 112, 226, 106, 86, 32, 64, 110, 128, 81, 23, 183, 112, 122, 38, 19, 172, 1, 154, 5, 92, 102, 47, 162, 129, 183, 194, 122, 194;
 226, 185, 43, 178, 165, 192, 125, 231, 187, 93, 130, 177, 172, 175, 98, 83, 193, 127, 189, 83, 91, 219, 162, 165, 153, 241, 222, 195, 0, 5, 181, 123;
 94, 10, 238, 214, 47, 48, 216, 16, 141, 134, 151, 167, 232, 110, 223, 206, 238, 231, 237, 131, 156, 229, 167, 232, 18, 115, 218, 131, 167, 237, 60, 95;
 42, 238, 238, 69, 252, 154, 191, 199, 138, 167, 60, 172, 32, 111, 198, 2, 15, 126, 195, 144, 50, 205, 194, 234, 110, 29, 189, 177, 207, 210, 222, 154;
 0, 129, 166, 57, 164, 235, 232, 71, 127, 81, 106, 177, 227, 172, 176, 11, 43, 34, 235, 29, 22, 248, 7, 32, 142, 118, 84, 1, 196, 205, 220, 220;
 129, 174, 233, 113, 22, 162, 107, 147, 118, 203, 66, 214, 177, 203, 208, 96, 115, 46, 27, 156, 179, 220, 197, 63, 108, 47, 191, 132, 172, 192, 50, 41;
 203, 222, 103, 130, 115, 151, 184, 118, 15, 232, 95, 199, 104, 46, 183, 229, 102, 165, 183, 156, 165, 27, 61, 222, 62, 88, 143, 198, 191, 142, 41, 93;
 133, 63, 94, 201, 254, 155, 170, 91, 92, 129, 86, 246, 177, 65, 180, 36, 126, 56, 6, 124, 243, 188, 71, 142, 46, 8, 36, 192, 255, 137, 216, 181;
 66, 28, 182, 158, 41, 244, 154, 202, 159, 31, 216, 49, 172, 254, 39, 206, 199, 123, 191, 131, 6, 79, 186, 243, 147, 118, 90, 187, 146, 85, 45, 223;
 155, 119, 243, 246, 118, 38, 255, 86, 185, 200, 92, 102, 60, 255, 245, 43, 182, 251, 85, 231, 161, 243, 160, 232, 242, 217, 46, 130, 207, 245, 35, 249;
 111, 157, 49, 203, 225, 189, 159, 115, 207, 106, 191, 120, 92, 191, 228, 244, 199, 183, 183, 138, 209, 57, 123, 213, 159, 252, 67, 246, 90, 226, 129, 55;
 134, 59, 118, 242, 244, 153, 251, 113, 173, 236, 22, 239, 172, 15, 150, 13, 167, 51, 223, 221, 210, 157, 32, 236, 206, 90, 190, 226, 6, 143, 151, 93;
 90, 118, 175, 148, 15, 116, 93, 22, 169, 222, 143, 39, 108, 247, 235, 127, 102, 228, 253, 162, 141, 197, 178, 200, 211, 243, 222, 131, 46, 244, 60, 127;
 154, 144, 173, 183, 5, 109, 185, 23, 31, 115, 147, 159, 191, 63, 8, 170, 173, 147, 255, 129, 59, 157, 113, 147, 149, 215, 216, 146, 140, 76, 149, 122;
 34, 237, 233, 225, 61, 111, 219, 222, 15, 105, 188, 10, 184, 29, 93, 32, 143, 219, 87, 249, 139, 41, 121, 251, 107, 93, 157, 182, 215, 223, 86, 251;
 131, 219, 35, 75, 48, 157, 238, 181, 61, 72, 113, 200, 251, 76, 156, 164, 156, 57, 22, 206, 215, 184, 108, 109, 39, 216, 32, 192, 91, 131, 225, 189;
 251, 246, 68, 179, 87, 158, 108, 55, 49, 250, 71, 223, 79, 0, 18, 245, 117, 172, 149, 175, 237, 222, 93, 156, 180, 67, 221, 164, 47, 158, 152, 92;
 28, 148, 173, 97, 164, 121, 240, 202, 110, 119, 63, 181, 31, 46, 126, 43, 171, 3, 239, 149, 150, 49, 59, 241, 215, 217, 114, 69, 209, 69, 197, 82;
 82, 218, 117, 193, 230, 219, 125, 51, 47, 124, 158, 247, 140, 14, 150, 247, 103, 149, 159, 131, 217, 28, 101, 244, 190, 154, 255, 231, 55, 132, 133, 117;
 234, 110, 70, 183, 80, 164, 105, 54, 179, 173, 78, 157, 225, 195, 18, 93, 68, 231, 49, 204, 42, 216, 210, 237, 100, 58, 218, 128, 10, 148, 146, 88;
 227, 82, 100, 79, 107, 57, 218, 152, 95, 94, 181, 255, 104, 108, 191, 125, 254, 147, 191, 103, 164, 37, 111, 251, 22, 26, 88, 151, 127, 255, 77, 95;
 110, 158, 77, 211, 236, 240, 76, 179, 137, 254, 31, 252, 192, 39, 198, 223, 197, 102, 181, 138, 217, 88, 235, 180, 14, 59, 249, 243, 14, 237, 216, 81;
 7, 175, 198, 139, 192, 36, 109, 218, 227, 90, 72, 197, 57, 226, 127, 126, 109, 203, 19, 223, 214, 144, 142, 98, 68, 56, 207, 140, 137, 247, 114, 132;
 182, 129, 205, 73, 160, 83, 92, 239, 117, 91, 244, 48, 18, 55, 172, 121, 201, 154, 20, 168, 125, 142, 97, 84, 138, 187, 244, 197, 208, 208, 234, 5;
 239, 24, 143, 132, 75, 102, 107, 88, 169, 202, 231, 196, 124, 119, 163, 127, 124, 228, 62, 254, 165, 199, 50, 72, 21, 43, 235, 136, 186, 247, 42, 113;
 3, 39, 101, 195, 118, 99, 171, 25, 78, 224, 27, 238, 89, 44, 157, 32, 62, 149, 118, 173, 149, 16, 45, 221, 44, 14, 171, 228, 221, 234, 145, 245;
 251, 94, 255, 214, 43, 20, 93, 54, 233, 218, 214, 229, 126, 255, 167, 119, 230, 244, 189, 6, 237, 199, 182, 200, 243, 121, 230, 138, 14, 252, 52, 125;
 146, 242, 126, 208, 34, 146, 24, 125, 159, 172, 23, 231, 44, 142, 230, 213, 246, 189, 142, 146, 198, 221, 44, 220, 22, 16, 187, 179, 63, 132, 45, 93;
 67, 244, 239, 215, 134, 82, 100, 55, 69, 242, 15, 166, 97, 119, 219, 239, 99, 102, 56, 190, 197, 208, 191, 136, 46, 10, 213, 2, 38, 254, 84, 124;
 107, 120, 108, 248, 125, 213, 216, 94, 7, 88, 212, 9, 184, 157, 55, 248, 204, 185, 151, 213, 143, 46, 114, 249, 87, 121, 154, 187, 31, 140, 126, 219;
 66, 185, 156, 208, 235, 133, 184, 79, 154, 177, 1, 98, 60, 190, 69, 175, 231, 63, 179, 145, 131, 90, 218, 208, 29, 16, 223, 234, 141, 0, 43, 159;
 35, 200, 47, 201, 21, 223, 234, 212, 20, 97, 70, 200, 241, 29, 16, 164, 24, 56, 83, 237, 139, 156, 113, 189, 39, 79, 136, 208, 87, 155, 88, 248;
 14, 177, 226, 129, 229, 116, 190, 207, 59, 247, 88, 151, 8, 188, 126, 142, 255, 79, 179, 149, 150, 122, 188, 226, 63, 94, 223, 167, 135, 117, 255, 222;
 192, 251, 19, 37, 122, 141, 177, 18, 171, 236, 58, 237, 166, 140, 198, 2, 166, 45, 238, 85, 199, 189, 128, 15, 12, 148, 33, 242, 72, 8, 5, 221;
 238, 26, 228, 222, 111, 112, 152, 24, 217, 222, 151, 167, 104, 124, 191, 255, 214, 247, 189, 71, 166, 71, 239, 233, 18, 122, 210, 155, 182, 237, 124, 95;
 179, 217, 171, 188, 6, 134, 222, 115, 20, 202, 208, 71, 49, 220, 48, 96, 252, 251, 23, 207, 251, 175, 18, 171, 241, 47, 174, 136, 61, 104, 176, 217;
 104, 177, 153, 213, 253, 216, 225, 151, 90, 189, 116, 106, 150, 245, 192, 174, 154, 126, 164, 24, 19, 122, 226, 129, 15, 253, 53, 127, 198, 136, 212, 169;
 241, 171, 184, 70, 154, 20, 94, 53, 115, 237, 165, 28, 42, 34, 198, 112, 230, 175, 108, 156, 252, 90, 233, 82, 251, 252, 37, 251, 162, 128, 106, 79;
 105, 249, 26, 242, 117, 158, 114, 53, 115, 136, 36, 64, 182, 211, 194, 240, 209, 44, 4, 90, 222, 218, 226, 44, 238, 221, 167, 106, 10, 130, 122, 143;
 96, 144, 136, 188, 73, 4, 73, 59, 147, 134, 228, 5, 99, 227, 82, 82, 208, 228, 41, 172, 24, 74, 210, 9, 217, 167, 195, 24, 56, 36, 112, 90;
 190, 28, 126, 243, 53, 70, 80, 112, 53, 166, 183, 3, 75, 31, 35, 89, 249, 189, 157, 178, 108, 223, 17, 142, 219, 219, 213, 19, 35, 174, 108, 203;
 252, 247, 240, 109, 239, 52, 215, 249, 75, 182, 61, 215, 73, 235, 95, 159, 95, 76, 145, 99, 242, 114, 250, 192, 110, 249, 199, 63, 119, 247, 254, 195;
 227, 185, 91, 66, 117, 221, 96, 180, 171, 161, 102, 76, 46, 149, 196, 180, 162, 116, 226, 92, 83, 152, 178, 101, 31, 28, 1, 98, 2, 10, 90, 45;
 8, 22, 119, 91, 54, 251, 179, 115, 236, 5, 123, 242, 238, 92, 140, 164, 38, 51, 206, 33, 179, 169, 37, 255, 38, 222, 50, 82, 103, 140, 197, 237;
 219, 128, 3, 184, 41, 212, 72, 137, 191, 89, 67, 81, 157, 158, 120, 216, 225, 9, 61, 157, 23, 13, 154, 211, 147, 113, 154, 204, 24, 4, 187, 86;
 3, 156, 119, 93, 62, 175, 171, 190, 204, 69, 190, 228, 253, 109, 181, 164, 63, 51, 90, 60, 163, 169, 37, 255, 44, 30, 18, 80, 215, 206, 69, 253;
 212, 242, 221, 104, 203, 116, 118, 222, 179, 31, 164, 64, 99, 247, 77, 122, 181, 209, 100, 242, 42, 71, 186, 83, 59, 235, 69, 79, 241, 113, 102, 163;
 155, 153, 111, 121, 139, 215, 95, 242, 133, 92, 212, 39, 57, 63, 38, 37, 236, 179, 151, 226, 253, 139, 60, 253, 227, 91, 232, 131, 115, 12, 166, 255;
 6, 176, 190, 176, 231, 255, 184, 67, 171, 253, 159, 171, 76, 252, 126, 10, 175, 53, 255, 149, 148, 211, 56, 192, 95, 87, 75, 247, 132, 110, 159, 215;
 41, 104, 232, 41, 240, 150, 127, 215, 114, 67, 108, 5, 56, 151, 115, 112, 69, 42, 146, 156, 199, 158, 180, 123, 103, 45, 176, 160, 155, 150, 234, 252;
 170, 252, 36, 154, 109, 245, 148, 238, 159, 94, 148, 189, 172, 220, 103, 143, 205, 115, 255, 67, 234, 111, 122, 247, 131, 82, 223, 187, 86, 93, 29, 223;
 18, 191, 106, 164, 198, 166, 191, 115, 48, 68, 94, 247, 57, 175, 50, 1, 110, 111, 183, 199, 157, 219, 182, 233, 115, 105, 234, 128, 45, 231, 181, 211;
 52, 67, 104, 45, 76, 141, 255, 57, 206, 12, 117, 79, 243, 201, 51, 16, 56, 168, 71, 111, 204, 32, 70, 24, 231, 9, 33, 57, 113, 186, 90, 194;
 123, 214, 123, 238, 106, 20, 223, 125, 233, 74, 253, 231, 120, 222, 188, 112, 223, 157, 181, 167, 201, 7, 186, 199, 115, 255, 234, 142, 31, 246, 227, 247;
 21, 140, 60, 177, 189, 255, 208, 170, 206, 242, 130, 25, 215, 56, 51, 35, 129, 3, 94, 53, 173, 109, 95, 61, 232, 203, 117, 117, 216, 8, 25, 14;
 216, 251, 243, 100, 54, 27, 17, 55, 123, 165, 18, 250, 143, 156, 192, 162, 166, 189, 236, 1, 228, 124, 229, 130, 189, 193, 21, 119, 100, 136, 135, 45;
 139, 44, 119, 89, 147, 251, 169, 67, 93, 71, 242, 146, 169, 12, 180, 173, 47, 59, 218, 29, 179, 188, 101, 223, 5, 30, 18, 82, 215, 204, 133, 252;
 34, 177, 97, 203, 211, 196, 83, 156, 43, 73, 69, 97, 52, 215, 8, 116, 82, 26, 21, 94, 147, 10, 90, 117, 103, 60, 160, 234, 62, 3, 214, 251;
 7, 218, 243, 89, 96, 142, 187, 146, 126, 71, 116, 245, 189, 196, 174, 92, 55, 59, 2, 78, 243, 172, 60, 115, 68, 62, 50, 196, 93, 149, 231, 253;
 231, 5, 229, 75, 216, 102, 109, 157, 39, 81, 105, 145, 89, 71, 156, 126, 125, 136, 19, 188, 187, 22, 109, 82, 39, 24, 134, 196, 243, 214, 226, 244;
 219, 253, 166, 54, 39, 157, 182, 224, 252, 194, 91, 15, 239, 248, 63, 163, 182, 101, 253, 103, 228, 241, 158, 233, 178, 115, 79, 3, 77, 127, 27, 15;
 205, 102, 122, 80, 177, 158, 126, 115, 249, 206, 119, 84, 78, 194, 166, 253, 183, 173, 4, 62, 245, 213, 168, 206, 106, 255, 39, 192, 194, 164, 203, 101;
 246, 220, 88, 209, 16, 217, 82, 146, 23, 232, 166, 234, 19, 151, 225, 245, 69, 252, 188, 210, 111, 28, 244, 54, 187, 145, 133, 243, 57, 153, 8, 28;
 17, 213, 122, 74, 142, 89, 180, 231, 108, 65, 248, 58, 150, 152, 236, 33, 170, 27, 218, 65, 215, 41, 132, 33, 54, 9, 50, 123, 93, 24, 139, 143;
 24, 72, 183, 113, 45, 219, 148, 198, 206, 91, 178, 114, 170, 156, 53, 170, 169, 123, 238, 17, 135, 237, 39, 161, 129, 219, 86, 19, 193, 88, 77, 175;
 120, 95, 105, 172, 62, 135, 158, 104, 140, 64, 184, 239, 113, 76, 53, 64, 222, 177, 31, 231, 205, 35, 92, 63, 240, 173, 171, 184, 93, 58, 81, 91;
 14, 76, 146, 155, 101, 183, 186, 66, 31, 6, 73, 19, 172, 218, 37, 204, 217, 57, 147, 147, 6, 180, 90, 234, 7, 54, 154, 11, 146, 111, 57, 134;
 238, 226, 99, 91, 83, 164, 105, 218, 51, 21, 101, 212, 9, 199, 204, 92, 125, 157, 35, 156, 146, 150, 250, 211, 95, 60, 146, 236, 227, 133, 38, 224;
 157, 94, 244, 205, 47, 59, 154, 154, 85, 118, 86, 246, 207, 45, 155, 239, 94, 68, 238, 107, 173, 100, 101, 155, 150, 251, 99, 151, 127, 253, 89, 117;
 216, 164, 149, 191, 58, 14, 0, 44, 234, 56, 161, 112, 247, 115, 40, 203, 129, 87, 76, 32, 35, 69, 139, 61, 136, 163, 115, 52, 24, 40, 9, 9;
 16, 117, 250, 101, 54, 91, 182, 102, 124, 232, 126, 42, 31, 152, 134, 32, 178, 93, 212, 113, 197, 185, 165, 14, 186, 205, 37, 135, 109, 58, 79, 143;
 223, 106, 242, 146, 187, 145, 24, 220, 187, 214, 148, 205, 141, 142, 71, 223, 7, 77, 221, 221, 166, 71, 174, 194, 186, 89, 15, 255, 142, 183, 43, 205;
 94, 110, 230, 68, 173, 48, 206, 146, 169, 155, 158, 231, 200, 237, 212, 142, 39, 85, 253, 159, 217, 225, 135, 224, 138, 127, 223, 203, 239, 247, 185, 85;
 140, 159, 191, 111, 160, 8, 55, 184, 228, 30, 254, 224, 215, 229, 161, 115, 23, 91, 236, 99, 216, 228, 46, 34, 225, 161, 101, 21, 224, 251, 4, 33;
 183, 190, 159, 168, 187, 183, 26, 202, 159, 31, 152, 125, 14, 238, 34, 147, 237, 211, 223, 23, 62, 79, 10, 246, 187, 211, 13, 223, 145, 77, 175, 215;
 157, 25, 22, 176, 169, 175, 49, 240, 180, 240, 162, 181, 222, 55, 35, 43, 236, 114, 218, 118, 61, 201, 19, 60, 218, 194, 67, 82, 74, 45, 32, 82;
 175, 161, 227, 83, 193, 226, 233, 203, 51, 115, 97, 146, 25, 199, 220, 189, 121, 138, 19, 156, 19, 222, 46, 243, 15, 10, 215, 100, 195, 132, 230, 228;
 227, 149, 62, 86, 201, 54, 173, 175, 232, 58, 167, 16, 216, 114, 158, 127, 105, 87, 250, 163, 241, 111, 62, 223, 125, 58, 223, 87, 75, 96, 235, 174;
 92, 144, 57, 224, 166, 45, 115, 152, 69, 177, 155, 107, 95, 25, 72, 104, 183, 149, 63, 115, 146, 112, 25, 0, 217, 141, 33, 68, 228, 203, 161, 35;
 141, 87, 22, 26, 2, 208, 169, 209, 164, 92, 254, 228, 109, 198, 171, 221, 54, 171, 166, 220, 199, 162, 38, 113, 96, 97, 34, 137, 75, 150, 47, 209;
 8, 140, 230, 57, 141, 233, 224, 207, 174, 17, 74, 137, 171, 169, 112, 138, 41, 154, 235, 17, 26, 185, 151, 65, 173, 49, 84, 65, 196, 92, 217, 136;
 72, 208, 229, 199, 37, 82, 101, 41, 69, 212, 95, 134, 123, 45, 156, 102, 64, 212, 104, 170, 201, 248, 255, 137, 7, 62, 197, 4, 46, 238, 244, 116;
 27, 116, 102, 149, 87, 179, 170, 82, 29, 67, 215, 247, 40, 78, 190, 237, 126, 129, 151, 173, 167, 214, 53, 239, 22, 111, 186, 130, 47, 141, 56, 213;
 153, 158, 99, 97, 48, 166, 107, 182, 116, 107, 74, 212, 243, 99, 144, 240, 87, 46, 61, 173, 185, 156, 101, 31, 236, 239, 165, 192, 172, 210, 208, 33;
 14, 8, 146, 155, 197, 245, 190, 67, 31, 135, 73, 19, 172, 250, 103, 204, 217, 43, 147, 147, 54, 176, 90, 226, 7, 22, 158, 11, 150, 125, 185, 134;
 13, 133, 96, 11, 240, 27, 238, 173, 101, 64, 127, 192, 209, 8, 158, 164, 90, 10, 18, 255, 255, 176, 93, 127, 46, 92, 134, 68, 94, 151, 200, 132;
 33, 52, 113, 55, 67, 175, 177, 119, 113, 230, 105, 13, 174, 25, 3, 157, 159, 47, 195, 135, 168, 246, 124, 126, 133, 94, 88, 34, 71, 70, 7, 235;
 143, 118, 213, 247, 67, 54, 123, 58, 17, 207, 119, 215, 73, 47, 158, 143, 159, 85, 165, 166, 241, 244, 249, 234, 70, 255, 112, 132, 79, 229, 168, 209;
 174, 14, 194, 91, 232, 96, 252, 239, 186, 90, 52, 49, 188, 243, 231, 95, 203, 122, 119, 10, 97, 79, 138, 115, 66, 50, 254, 175, 26, 244, 123, 139;
 159, 238, 225, 233, 118, 18, 255, 154, 123, 87, 117, 247, 157, 15, 218, 118, 127, 205, 21, 191, 255, 52, 237, 242, 230, 253, 175, 196, 239, 245, 243, 245;
 111, 18, 224, 220, 239, 48, 188, 74, 11, 222, 208, 231, 108, 124, 191, 239, 247, 213, 191, 39, 148, 71, 231, 201, 22, 122, 219, 191, 151, 253, 93, 87;
 214, 252, 254, 85, 162, 84, 253, 181, 32, 246, 182, 20, 81, 118, 223, 59, 237, 69, 125, 174, 249, 213, 179, 64, 83, 235, 255, 135, 109, 240, 250, 113;
 123, 80, 251, 212, 71, 116, 189, 22, 153, 202, 222, 119, 124, 253, 103, 122, 246, 255, 191, 3, 197, 67, 178, 192, 83, 59, 126, 138, 15, 126, 165, 127;
 254, 219, 168, 184, 237, 77, 157, 184, 27, 93, 21, 57, 254, 252, 126, 121, 214, 91, 183, 71, 198, 82, 250, 241, 215, 89, 239, 255, 20, 61, 149, 215;
 211, 180, 56, 152, 186, 224, 153, 11, 238, 21, 204, 48, 180, 150, 130, 116, 67, 159, 121, 145, 146, 15, 230, 119, 217, 52, 154, 219, 148, 0, 167, 107;
 10, 30, 180, 159, 111, 249, 152, 202, 159, 94, 28, 175, 172, 252, 71, 141, 207, 115, 255, 3, 166, 103, 90, 243, 7, 22, 91, 187, 86, 125, 29, 223;
 174, 241, 162, 147, 197, 84, 190, 197, 27, 211, 84, 147, 136, 252, 126, 142, 255, 95, 179, 213, 182, 254, 156, 226, 63, 28, 159, 239, 135, 124, 255, 222;
 65, 205, 203, 182, 118, 202, 118, 178, 120, 194, 90, 235, 116, 250, 146, 112, 50, 110, 53, 79, 183, 216, 134, 47, 228, 46, 169, 136, 44, 173, 82, 75;
 39, 248, 101, 89, 81, 167, 233, 210, 59, 53, 236, 148, 136, 7, 20, 156, 221, 61, 19, 156, 154, 146, 120, 245, 15, 252, 155, 228, 219, 197, 98, 244;
 24, 118, 123, 100, 22, 75, 179, 101, 116, 224, 250, 226, 95, 156, 134, 32, 62, 253, 204, 225, 237, 249, 37, 78, 240, 133, 37, 129, 101, 162, 39, 9;
 145, 153, 235, 190, 22, 134, 239, 118, 20, 202, 218, 118, 49, 189, 48, 96, 108, 235, 23, 207, 233, 187, 48, 175, 241, 175, 186, 128, 61, 121, 176, 249;
 155, 113, 247, 236, 110, 6, 221, 221, 249, 90, 213, 246, 93, 255, 189, 35, 254, 221, 149, 231, 233, 227, 186, 201, 243, 249, 238, 142, 95, 246, 163, 241;
 120, 161, 211, 68, 85, 126, 99, 73, 104, 101, 111, 8, 19, 129, 44, 212, 112, 204, 0, 120, 19, 177, 184, 13, 63, 172, 0, 116, 99, 139, 214, 240;
 231, 155, 186, 215, 230, 92, 63, 145, 187, 127, 23, 63, 92, 254, 238, 250, 183, 110, 181, 6, 245, 209, 184, 131, 7, 127, 253, 167, 14, 252, 223, 247;
 58, 228, 233, 225, 53, 79, 221, 247, 123, 227, 188, 26, 155, 61, 92, 32, 159, 155, 85, 8, 202, 252, 249, 211, 227, 221, 149, 183, 103, 220, 214, 235;
 103, 24, 227, 76, 97, 54, 107, 88, 105, 200, 117, 68, 88, 246, 183, 126, 126, 108, 55, 238, 129, 147, 182, 200, 87, 126, 235, 138, 142, 247, 115, 245;
 73, 136, 20, 176, 174, 41, 80, 174, 95, 179, 2, 120, 215, 56, 97, 104, 131, 183, 126, 1, 12, 120, 79, 55, 220, 6, 113, 126, 248, 104, 25, 11;
 7, 39, 107, 195, 244, 179, 235, 17, 110, 233, 95, 230, 209, 108, 156, 160, 62, 165, 86, 189, 145, 176, 45, 220, 44, 13, 171, 196, 205, 163, 241, 241;
 160, 187, 251, 213, 246, 139, 49, 87, 90, 173, 116, 58, 183, 149, 196, 32, 150, 62, 4, 16, 18, 252, 176, 7, 207, 220, 53, 114, 100, 136, 199, 169;
 171, 145, 125, 250, 46, 199, 221, 252, 205, 90, 148, 114, 60, 127, 156, 33, 206, 147, 95, 227, 249, 175, 115, 253, 243, 91, 250, 146, 31, 128, 241, 121;
 179, 6, 10, 160, 132, 47, 196, 71, 28, 107, 129, 93, 130, 40, 54, 25, 200, 135, 74, 39, 188, 175, 85, 10, 176, 6, 218, 16, 201, 89, 242, 70;
 47, 165, 65, 67, 244, 27, 238, 205, 111, 33, 105, 64, 81, 18, 156, 180, 242, 10, 18, 126, 211, 144, 61, 87, 46, 220, 143, 100, 22, 147, 210, 164;
 35, 204, 11, 201, 189, 199, 239, 87, 70, 106, 222, 8, 176, 154, 176, 32, 200, 42, 94, 203, 207, 156, 115, 191, 231, 158, 188, 176, 26, 26, 208, 142;
 5, 196, 109, 107, 192, 94, 236, 189, 100, 83, 121, 192, 209, 78, 220, 224, 125, 139, 50, 189, 219, 176, 127, 80, 45, 169, 46, 68, 209, 210, 227, 244;
 95, 151, 204, 187, 166, 34, 105, 185, 62, 55, 215, 215, 89, 99, 186, 67, 119, 199, 63, 175, 179, 209, 95, 215, 220, 175, 255, 196, 189, 202, 249, 16;
 74, 160, 145, 144, 93, 244, 152, 78, 203, 221, 160, 31, 172, 234, 118, 150, 161, 163, 233, 149, 39, 79, 146, 209, 153, 84, 159, 127, 130, 4, 47, 78;
 246, 196, 234, 170, 203, 114, 158, 239, 155, 119, 141, 187, 72, 238, 126, 242, 255, 223, 179, 131, 124, 7, 204, 243, 182, 117, 143, 255, 53, 127, 191, 198;
 199, 92, 250, 214, 228, 157, 255, 115, 221, 234, 87, 191, 62, 188, 246, 96, 167, 127, 183, 15, 244, 157, 184, 226, 119, 95, 125, 226, 28, 253, 217, 119;
 95, 148, 31, 40, 49, 190, 106, 186, 236, 73, 79, 85, 220, 98, 58, 224, 181, 3, 60, 61, 151, 141, 51, 119, 137, 191, 58, 196, 152, 7, 41, 81;
 6, 90, 222, 89, 58, 135, 185, 75, 174, 21, 118, 133, 164, 195, 39, 12, 15, 49, 99, 28, 2, 165, 27, 85, 72, 154, 18, 70, 217, 144, 41, 184;
 141, 113, 140, 187, 217, 134, 108, 89, 230, 209, 5, 85, 220, 67, 51, 251, 96, 0, 82, 221, 199, 193, 31, 84, 78, 26, 207, 68, 158, 212, 171, 146;
 32, 204, 107, 96, 84, 203, 195, 160, 20, 116, 170, 137, 83, 13, 21, 16, 89, 152, 83, 106, 106, 178, 125, 21, 101, 156, 129, 53, 101, 186, 86, 250;
 52, 68, 19, 72, 149, 107, 70, 199, 125, 11, 232, 88, 2, 51, 37, 189, 120, 154, 78, 42, 121, 171, 0, 110, 179, 150, 20, 31, 210, 89, 230, 6;
 246, 250, 136, 218, 143, 213, 150, 207, 155, 55, 149, 187, 42, 220, 78, 134, 205, 218, 235, 2, 110, 111, 250, 243, 27, 85, 157, 63, 87, 92, 220, 95;
 194, 169, 187, 178, 160, 204, 63, 227, 190, 95, 130, 17, 182, 254, 96, 82, 197, 123, 121, 67, 82, 77, 186, 99, 201, 180, 90, 123, 0, 73, 181, 123;
 79, 112, 235, 226, 36, 73, 255, 152, 169, 234, 151, 234, 221, 223, 217, 42, 158, 213, 93, 255, 203, 67, 172, 192, 250, 221, 175, 188, 140, 251, 27, 49;
 3, 169, 174, 73, 184, 150, 239, 213, 238, 77, 244, 1, 176, 151, 182, 52, 72, 42, 83, 220, 214, 137, 53, 125, 99, 61, 182, 144, 83, 134, 243, 232;
 152, 227, 191, 127, 41, 217, 148, 207, 238, 31, 178, 112, 175, 220, 108, 171, 142, 51, 236, 1, 79, 237, 163, 1, 129, 209, 118, 19, 64, 88, 229, 45;
 194, 218, 119, 211, 100, 137, 253, 51, 189, 127, 51, 243, 188, 142, 244, 125, 231, 179, 63, 135, 224, 92, 46, 247, 4, 26, 255, 162, 20, 196, 197, 245;
 175, 36, 70, 147, 197, 182, 237, 98, 53, 230, 135, 151, 73, 33, 22, 221, 72, 166, 251, 174, 61, 223, 81, 174, 78, 91, 208, 65, 15, 141, 248, 212;
 177, 93, 111, 204, 100, 127, 117, 114, 241, 90, 245, 108, 51, 61, 167, 115, 236, 176, 23, 110, 237, 43, 48, 29, 243, 233, 97, 160, 24, 249, 84, 243;
 158, 153, 173, 59, 165, 237, 245, 195, 63, 127, 183, 17, 142, 60, 90, 10, 169, 19, 255, 17, 27, 60, 57, 241, 223, 209, 90, 119, 208, 69, 167, 114;
 249, 241, 208, 159, 107, 72, 48, 141, 91, 105, 69, 59, 12, 147, 202, 222, 34, 79, 181, 66, 119, 94, 205, 227, 22, 97, 112, 243, 62, 141, 142, 199;
 163, 141, 43, 91, 237, 205, 236, 231, 156, 74, 84, 24, 176, 156, 180, 37, 200, 42, 87, 79, 243, 191, 48, 63, 101, 25, 190, 168, 88, 8, 218, 190;
 204, 158, 60, 176, 173, 121, 85, 190, 94, 126, 22, 63, 198, 96, 218, 141, 145, 70, 238, 103, 245, 124, 111, 182, 252, 67, 117, 119, 110, 45, 157, 117;
 231, 30, 93, 88, 250, 179, 24, 170, 139, 181, 160, 252, 76, 38, 199, 219, 199, 23, 232, 48, 53, 70, 107, 92, 30, 147, 211, 127, 152, 193, 8, 21;
 57, 87, 107, 172, 118, 3, 202, 120, 20, 64, 248, 239, 115, 77, 49, 192, 126, 233, 23, 231, 200, 178, 68, 61, 240, 237, 170, 152, 125, 59, 112, 25;
 42, 165, 207, 199, 217, 98, 190, 199, 130, 227, 168, 147, 49, 255, 104, 130, 73, 87, 211, 148, 54, 137, 154, 235, 111, 159, 159, 49, 139, 250, 198, 218;
 135, 62, 236, 163, 190, 187, 186, 208, 239, 241, 27, 247, 205, 204, 215, 40, 47, 253, 127, 223, 151, 116, 77, 242, 142, 88, 175, 228, 237, 239, 25, 213;
 137, 56, 145, 249, 41, 189, 113, 94, 31, 155, 116, 84, 190, 151, 97, 140, 133, 42, 166, 28, 19, 124, 243, 163, 207, 219, 112, 106, 154, 77, 9, 187;
 143, 187, 247, 225, 182, 63, 248, 210, 169, 249, 146, 244, 156, 28, 213, 170, 175, 87, 87, 117, 183, 245, 32, 194, 142, 93, 47, 198, 204, 229, 51, 245;
 20, 98, 223, 245, 46, 136, 238, 80, 141, 130, 83, 226, 151, 219, 201, 42, 110, 241, 127, 90, 64, 244, 198, 192, 150, 201, 235, 144, 37, 251, 209, 161;
 223, 227, 63, 190, 38, 152, 182, 232, 252, 20, 210, 47, 239, 248, 58, 131, 190, 227, 253, 231, 238, 227, 142, 239, 176, 99, 79, 11, 101, 63, 57, 71;
 40, 11, 98, 239, 116, 146, 111, 117, 97, 12, 126, 34, 109, 35, 176, 240, 122, 164, 6, 232, 208, 153, 36, 236, 118, 237, 162, 193, 39, 135, 246, 169;
 181, 88, 248, 126, 75, 53, 87, 88, 101, 6, 225, 7, 114, 250, 47, 56, 238, 233, 2, 194, 140, 163, 126, 42, 83, 207, 64, 11, 249, 115, 98, 199;
 146, 123, 115, 70, 114, 217, 51, 64, 186, 4, 101, 248, 44, 151, 196, 148, 38, 56, 192, 64, 34, 143, 160, 127, 18, 232, 0, 107, 67, 131, 7, 173;
 10, 28, 139, 248, 209, 229, 48, 67, 54, 89, 200, 51, 28, 159, 33, 105, 237, 187, 131, 144, 31, 159, 50, 213, 219, 241, 154, 75, 144, 64, 37, 210;
 54, 167, 125, 123, 171, 249, 180, 107, 170, 21, 169, 240, 169, 238, 76, 179, 143, 19, 224, 2, 83, 41, 234, 113, 11, 249, 82, 123, 81, 64, 199, 165;
 72, 3, 159, 231, 168, 14, 69, 53, 165, 129, 238, 192, 247, 39, 136, 214, 70, 70, 108, 46, 9, 193, 97, 45, 198, 231, 116, 16, 162, 242, 128, 57;
 24, 151, 117, 91, 155, 191, 186, 120, 124, 5, 243, 210, 235, 76, 188, 172, 62, 147, 238, 17, 182, 169, 53, 255, 135, 230, 18, 82, 247, 139, 133, 37;
 148, 254, 119, 21, 50, 249, 50, 176, 237, 230, 122, 253, 239, 228, 142, 35, 54, 104, 132, 98, 148, 176, 164, 47, 170, 144, 96, 35, 102, 175, 133, 85;
 167, 102, 78, 81, 224, 185, 232, 215, 245, 86, 118, 18, 0, 64, 158, 63, 41, 170, 66, 190, 246, 244, 100, 69, 6, 26, 80, 67, 99, 216, 202, 196;
 19, 150, 115, 5, 54, 235, 51, 50, 109, 101, 122, 239, 110, 44, 142, 17, 182, 103, 204, 36, 180, 184, 37, 79, 102, 44, 32, 18, 100, 175, 69, 85;
 50, 84, 126, 166, 7, 110, 82, 100, 165, 134, 187, 3, 111, 126, 47, 82, 250, 181, 237, 162, 12, 167, 81, 206, 211, 247, 210, 19, 161, 62, 108, 74;
 106, 178, 144, 186, 109, 244, 80, 9, 139, 209, 161, 61, 142, 222, 78, 158, 137, 137, 237, 145, 143, 71, 218, 209, 155, 209, 219, 127, 138, 4, 239, 87;
 46, 51, 52, 139, 203, 183, 53, 223, 237, 189, 77, 100, 204, 114, 139, 222, 198, 119, 202, 241, 155, 146, 91, 236, 172, 85, 143, 6, 154, 86, 170, 191;
 235, 126, 173, 108, 57, 244, 203, 30, 135, 205, 156, 181, 248, 94, 147, 230, 204, 243, 255, 211, 175, 71, 115, 191, 67, 247, 170, 153, 154, 85, 44, 119;
 254, 180, 56, 176, 171, 249, 157, 239, 155, 127, 148, 187, 79, 254, 110, 11, 135, 91, 253, 17, 118, 111, 186, 179, 219, 211, 93, 255, 210, 76, 143, 95;
 79, 83, 244, 77, 169, 54, 189, 152, 35, 220, 222, 230, 201, 237, 223, 238, 110, 213, 253, 207, 141, 96, 255, 192, 6, 125, 235, 132, 175, 247, 41, 117;
 47, 116, 251, 240, 119, 247, 250, 82, 87, 203, 125, 230, 25, 221, 255, 108, 183, 57, 151, 58, 167, 182, 60, 218, 71, 221, 33, 162, 191, 255, 121, 247;
 103, 25, 234, 143, 239, 62, 189, 194, 11, 247, 94, 135, 76, 172, 119, 110, 254, 125, 179, 149, 148, 112, 180, 192, 22, 62, 222, 199, 157, 127, 29, 215;
 94, 244, 190, 244, 159, 126, 189, 223, 168, 91, 159, 39, 28, 252, 47, 107, 167, 85, 221, 49, 166, 227, 186, 200, 251, 123, 111, 175, 133, 124, 173, 215;
 212, 145, 185, 187, 165, 237, 117, 131, 191, 127, 147, 49, 151, 63, 72, 107, 161, 19, 125, 17, 59, 124, 250, 83, 221, 210, 62, 230, 144, 64, 133, 115;
 107, 222, 124, 94, 40, 84, 153, 190, 199, 89, 252, 228, 249, 127, 159, 111, 207, 211, 181, 177, 143, 74, 111, 253, 78, 251, 254, 143, 215, 212, 44, 125;
 147, 88, 110, 153, 86, 179, 184, 218, 85, 67, 214, 247, 25, 30, 183, 104, 126, 137, 183, 165, 167, 150, 37, 223, 22, 47, 186, 134, 45, 157, 120, 213;
 86, 118, 254, 176, 226, 96, 189, 194, 169, 222, 254, 183, 12, 254, 231, 91, 231, 83, 143, 179, 166, 199, 162, 192, 214, 82, 126, 135, 133, 117, 37, 215;
 6, 31, 176, 159, 239, 253, 184, 75, 159, 255, 93, 191, 236, 252, 103, 142, 175, 123, 251, 7, 182, 97, 218, 243, 23, 22, 91, 187, 150, 109, 29, 215;
 7, 58, 239, 177, 190, 171, 186, 210, 143, 240, 18, 239, 157, 238, 245, 104, 55, 125, 127, 253, 149, 241, 22, 208, 220, 31, 175, 228, 140, 189, 25, 213;
 84, 106, 219, 230, 44, 8, 111, 208, 136, 138, 155, 234, 151, 203, 209, 42, 110, 241, 95, 234, 200, 35, 206, 192, 244, 205, 175, 156, 37, 251, 112, 33;
 15, 63, 179, 224, 244, 182, 191, 87, 235, 234, 30, 230, 188, 158, 213, 170, 175, 119, 223, 157, 211, 253, 160, 234, 186, 93, 63, 162, 142, 215, 163, 253;
 147, 169, 35, 104, 48, 157, 203, 230, 125, 76, 216, 0, 179, 140, 180, 36, 216, 171, 31, 205, 219, 184, 101, 127, 185, 92, 170, 192, 84, 4, 117, 108;
 45, 151, 91, 233, 210, 10, 102, 221, 33, 0, 111, 98, 23, 19, 168, 212, 114, 156, 142, 122, 83, 146, 73, 92, 190, 165, 36, 69, 58, 131, 170, 129;
 234, 137, 176, 156, 205, 117, 180, 206, 155, 23, 204, 27, 172, 188, 103, 207, 201, 123, 179, 1, 38, 107, 210, 241, 23, 118, 218, 59, 211, 124, 189, 206;
 147, 226, 166, 149, 166, 50, 205, 127, 113, 198, 215, 182, 196, 232, 210, 47, 63, 206, 125, 143, 232, 197, 165, 195, 128, 50, 222, 150, 47, 244, 179, 229;
 127, 97, 235, 228, 36, 10, 223, 89, 41, 232, 151, 234, 95, 95, 221, 50, 62, 213, 85, 239, 201, 227, 172, 200, 242, 217, 175, 180, 46, 179, 115, 113;
 143, 63, 92, 187, 170, 132, 90, 188, 17, 206, 212, 101, 253, 91, 11, 11, 223, 67, 85, 247, 190, 206, 75, 110, 202, 219, 188, 201, 172, 131, 42, 203;
 89, 157, 86, 101, 53, 190, 73, 51, 229, 8, 222, 4, 43, 35, 146, 245, 6, 164, 252, 172, 249, 152, 113, 157, 170, 249, 160, 145, 46, 228, 90, 45;
 206, 95, 145, 166, 185, 48, 15, 152, 35, 236, 155, 236, 205, 166, 201, 244, 214, 213, 220, 243, 141, 1, 237, 202, 188, 84, 47, 188, 134, 247, 39, 117;
 255, 6, 38, 60, 253, 34, 169, 43, 240, 86, 66, 244, 201, 40, 146, 119, 103, 69, 113, 175, 177, 94, 167, 140, 60, 122, 202, 196, 175, 101, 243, 229;
 41, 255, 99, 63, 112, 219, 126, 254, 87, 68, 120, 161, 63, 221, 56, 160, 191, 91, 210, 67, 199, 184, 127, 63, 103, 71, 52, 1, 118, 158, 38, 216;
 7, 43, 235, 65, 244, 163, 235, 80, 108, 192, 91, 198, 241, 204, 149, 32, 126, 232, 22, 255, 145, 176, 45, 74, 44, 12, 171, 128, 205, 235, 113, 244;
 39, 91, 227, 76, 116, 20, 235, 80, 105, 200, 120, 228, 176, 204, 245, 180, 254, 108, 23, 254, 129, 146, 164, 200, 6, 60, 170, 136, 205, 163, 115, 245;
 7, 238, 117, 249, 62, 162, 219, 154, 171, 127, 24, 247, 205, 47, 159, 47, 143, 213, 93, 191, 162, 100, 109, 255, 142, 218, 235, 198, 182, 245, 83, 117;
 218, 62, 236, 244, 175, 112, 221, 198, 187, 191, 148, 187, 12, 62, 199, 30, 167, 247, 253, 147, 36, 77, 170, 226, 218, 247, 255, 187, 167, 245, 63, 223;
 31, 137, 198, 177, 158, 179, 234, 248, 54, 113, 223, 215, 89, 163, 242, 72, 127, 197, 63, 223, 157, 217, 13, 247, 222, 15, 235, 196, 191, 173, 249, 16;
 138, 236, 162, 147, 85, 214, 188, 230, 155, 247, 80, 147, 140, 222, 126, 141, 251, 95, 147, 151, 230, 222, 154, 227, 15, 18, 159, 111, 135, 92, 191, 206;
 173, 89, 182, 31, 239, 250, 247, 210, 207, 87, 126, 42, 14, 216, 51, 174, 161, 110, 234, 67, 198, 177, 188, 177, 70, 113, 64, 51, 126, 127, 92, 199;
 159, 153, 247, 252, 174, 22, 222, 249, 153, 64, 245, 214, 93, 127, 180, 167, 254, 245, 55, 239, 233, 99, 254, 233, 115, 251, 239, 140, 127, 244, 227, 49;
 5, 203, 55, 120, 29, 183, 234, 150, 119, 41, 210, 74, 203, 140, 17, 168, 188, 177, 106, 209, 142, 186, 119, 245, 151, 214, 2, 68, 241, 17, 45, 4;
 62, 181, 195, 151, 145, 98, 150, 221, 58, 171, 189, 243, 200, 247, 76, 132, 89, 94, 221, 144, 63, 201, 152, 195, 235, 254, 159, 255, 195, 110, 223, 195;
 162, 168, 35, 26, 221, 245, 160, 199, 186, 87, 96, 29, 44, 140, 118, 156, 233, 43, 131, 21, 50, 47, 154, 115, 29, 20, 26, 107, 209, 4, 247, 254;
 207, 209, 128, 184, 153, 150, 73, 156, 19, 85, 198, 143, 205, 199, 91, 221, 84, 204, 157, 253, 239, 70, 223, 189, 250, 113, 141, 188, 186, 149, 24, 92;
 109, 124, 82, 78, 124, 61, 70, 152, 81, 202, 120, 108, 242, 208, 167, 188, 220, 108, 134, 126, 143, 166, 252, 42, 34, 253, 33, 58, 218, 251, 74, 149;
 61, 151, 42, 1, 212, 55, 230, 249, 68, 108, 255, 70, 67, 104, 159, 132, 121, 140, 6, 255, 156, 178, 93, 30, 62, 13, 167, 196, 235, 127, 248, 212;
 69, 159, 115, 190, 86, 14, 103, 184, 112, 204, 82, 238, 247, 109, 177, 97, 54, 255, 28, 107, 225, 232, 188, 47, 225, 166, 45, 8, 36, 187, 53, 105;
 181, 241, 49, 73, 252, 31, 130, 125, 87, 168, 177, 74, 82, 24, 92, 164, 156, 152, 82, 121, 201, 50, 89, 30, 61, 24, 5, 118, 91, 10, 90, 173;
 14, 62, 180, 139, 251, 190, 56, 223, 233, 21, 77, 196, 140, 66, 135, 254, 135, 23, 232, 61, 134, 193, 191, 237, 38, 115, 15, 7, 142, 215, 143, 245;
 58, 228, 253, 231, 53, 95, 223, 157, 95, 35, 61, 26, 219, 61, 92, 32, 155, 155, 85, 42, 234, 180, 121, 211, 231, 223, 149, 165, 103, 222, 214, 106;
 71, 62, 198, 146, 250, 171, 57, 135, 159, 255, 7, 190, 100, 36, 199, 63, 39, 231, 123, 28, 39, 84, 111, 236, 30, 18, 93, 146, 134, 221, 149, 125;
 56, 252, 23, 178, 19, 207, 19, 244, 156, 232, 171, 77, 255, 87, 32, 145, 166, 115, 206, 98, 65, 171, 24, 61, 249, 194, 33, 112, 8, 11, 5, 251;
 226, 201, 148, 150, 77, 169, 97, 143, 159, 185, 3, 91, 110, 241, 100, 94, 163, 142, 123, 28, 66, 122, 138, 241, 158, 82, 85, 58, 26, 76, 208, 11;
 133, 35, 223, 225, 236, 41, 105, 152, 238, 185, 19, 226, 213, 203, 249, 107, 102, 17, 127, 88, 146, 81, 143, 208, 204, 153, 175, 228, 132, 139, 1, 33;
 227, 53, 251, 220, 235, 116, 157, 87, 185, 75, 220, 119, 56, 254, 127, 126, 231, 255, 181, 133, 181, 67, 178, 195, 115, 125, 254, 138, 143, 116, 183, 255;
 94, 248, 184, 177, 175, 76, 31, 187, 175, 207, 158, 17, 222, 127, 66, 2, 199, 83, 253, 3, 216, 1, 123, 178, 203, 215, 255, 215, 128, 112, 133, 83;
 186, 250, 184, 188, 45, 77, 93, 216, 155, 126, 148, 47, 30, 159, 115, 124, 231, 121, 245, 71, 202, 15, 146, 243, 211, 121, 235, 191, 22, 189, 23, 255;
 223, 164, 132, 18, 157, 20, 237, 203, 126, 210, 135, 21, 216, 195, 126, 135, 233, 66, 123, 191, 251, 77, 27, 242, 188, 89, 207, 68, 138, 101, 249, 80;
 250, 208, 235, 158, 217, 84, 91, 157, 51, 93, 199, 157, 105, 190, 62, 95, 229, 223, 189, 212, 191, 75, 190, 227, 187, 119, 220, 235, 142, 228, 190, 255;
 180, 164, 217, 224, 149, 79, 215, 107, 59, 167, 185, 26, 30, 31, 68, 18, 249, 217, 71, 50, 120, 247, 209, 202, 249, 221, 135, 119, 225, 106, 198, 162;
 3, 82, 119, 51, 34, 153, 56, 16, 165, 72, 82, 231, 255, 220, 169, 224, 38, 185, 255, 68, 199, 144, 6, 32, 2, 112, 32, 130, 111, 134, 41, 93;
 3, 205, 34, 219, 213, 149, 174, 231, 207, 9, 88, 66, 168, 216, 188, 164, 248, 59, 146, 217, 215, 186, 38, 253, 47, 92, 142, 235, 95, 14, 249, 172;
 93, 27, 154, 164, 34, 177, 2, 146, 118, 32, 206, 236, 167, 194, 225, 240, 54, 236, 236, 78, 13, 27, 159, 50, 178, 229, 33, 40, 186, 243, 41, 21;
 12, 91, 62, 235, 22, 233, 247, 212, 196, 12, 95, 34, 242, 217, 45, 32, 184, 58, 79, 66, 66, 177, 42, 189, 103, 140, 32, 3, 113, 123, 84, 163;
 11, 19, 103, 9, 40, 148, 184, 24, 36, 72, 242, 229, 249, 198, 138, 116, 94, 25, 190, 172, 199, 130, 103, 65, 70, 121, 42, 136, 94, 134, 33, 213;
 92, 75, 107, 51, 128, 216, 105, 144, 119, 85, 70, 133, 67, 71, 139, 92, 112, 174, 172, 222, 206, 208, 229, 33, 214, 225, 128, 65, 162, 151, 252, 84;
 88, 172, 28, 122, 139, 233, 144, 171, 231, 19, 185, 24, 191, 254, 72, 35, 175, 147, 236, 129, 30, 105, 203, 113, 217, 209, 90, 121, 241, 64, 143, 2;
 28, 93, 111, 239, 150, 194, 79, 246, 148, 200, 222, 226, 115, 119, 161, 96, 126, 244, 29, 234, 233, 147, 36, 46, 240, 239, 174, 128, 53, 251, 180, 97;
 66, 29, 176, 159, 251, 245, 186, 138, 159, 23, 24, 51, 172, 254, 103, 76, 231, 123, 187, 17, 54, 72, 154, 243, 13, 54, 91, 171, 148, 69, 13, 223;
 41, 233, 224, 13, 77, 25, 207, 172, 75, 100, 108, 143, 163, 104, 23, 20, 26, 200, 66, 79, 198, 58, 111, 49, 38, 73, 69, 61, 119, 190, 74, 204;
 135, 90, 235, 151, 230, 48, 236, 210, 95, 210, 86, 247, 185, 236, 247, 235, 111, 235, 183, 223, 167, 212, 38, 226, 6, 91, 254, 128, 157, 253, 121, 221;
 134, 190, 252, 177, 170, 161, 189, 211, 190, 255, 19, 183, 157, 238, 239, 75, 167, 83, 255, 149, 246, 69, 15, 114, 204, 3, 255, 239, 156, 113, 165, 211;
 204, 214, 189, 186, 170, 233, 177, 158, 190, 63, 24, 181, 253, 247, 234, 75, 167, 83, 239, 17, 50, 77, 43, 115, 237, 131, 127, 253, 148, 80, 133, 123;
 104, 128, 188, 250, 141, 125, 80, 43, 67, 119, 165, 25, 250, 189, 94, 218, 201, 146, 249, 17, 30, 110, 251, 147, 203, 223, 209, 127, 210, 76, 220, 66;
 73, 139, 81, 78, 106, 31, 38, 176, 47, 104, 109, 104, 126, 242, 132, 180, 150, 124, 118, 78, 197, 56, 40, 61, 22, 189, 97, 58, 90, 187, 75, 13;
 124, 75, 193, 236, 36, 8, 79, 248, 65, 128, 184, 202, 51, 41, 145, 2, 120, 196, 76, 234, 72, 35, 197, 168, 240, 252, 166, 28, 101, 251, 118, 40;
 92, 99, 83, 224, 172, 13, 107, 80, 237, 136, 179, 202, 151, 195, 217, 90, 110, 128, 78, 250, 72, 35, 204, 192, 252, 152, 167, 60, 167, 187, 80, 32;
 71, 110, 247, 242, 110, 43, 249, 222, 143, 179, 26, 239, 205, 111, 213, 46, 183, 213, 127, 189, 128, 117, 15, 254, 158, 94, 255, 182, 142, 247, 65, 109;
 255, 255, 229, 218, 249, 84, 93, 157, 51, 93, 245, 245, 72, 223, 222, 125, 221, 223, 181, 212, 255, 70, 251, 241, 251, 121, 190, 255, 155, 148, 246, 119;
 62, 179, 146, 242, 177, 182, 22, 217, 27, 29, 245, 125, 207, 255, 76, 140, 221, 223, 181, 144, 186, 218, 218, 179, 154, 247, 159, 238, 171, 111, 139, 3;
 143, 63, 227, 148, 230, 52, 188, 87, 219, 210, 84, 247, 172, 188, 215, 175, 175, 107, 183, 141, 181, 126, 166, 194, 38, 122, 223, 170, 143, 252, 185, 253;
 190, 180, 176, 122, 233, 241, 152, 75, 139, 31, 189, 61, 42, 220, 94, 154, 201, 147, 215, 145, 30, 111, 218, 243, 27, 217, 152, 251, 219, 77, 206, 215;
 6, 245, 124, 219, 158, 141, 191, 253, 87, 25, 92, 66, 112, 221, 122, 32, 61, 26, 151, 152, 214, 120, 59, 117, 111, 13, 181, 237, 85, 138, 222, 171;
 252, 226, 248, 224, 109, 92, 90, 216, 3, 190, 181, 27, 91, 77, 79, 91, 255, 212, 237, 118, 46, 103, 234, 144, 219, 201, 97, 125, 99, 191, 94, 66;
 94, 166, 232, 50, 129, 124, 93, 206, 50, 119, 173, 149, 171, 238, 94, 248, 53, 219, 237, 134, 190, 69, 190, 179, 155, 199, 223, 61, 177, 245, 143, 92;
 179, 88, 106, 187, 86, 179, 187, 214, 84, 71, 214, 151, 17, 140, 183, 104, 127, 169, 51, 157, 174, 182, 117, 250, 87, 111, 186, 128, 181, 221, 113, 220;
 158, 95, 246, 31, 175, 255, 183, 210, 207, 95, 126, 63, 110, 253, 47, 143, 167, 114, 239, 67, 166, 229, 62, 189, 115, 121, 64, 147, 255, 125, 29, 95;
 106, 50, 147, 168, 25, 221, 145, 71, 47, 77, 204, 13, 166, 188, 98, 4, 200, 58, 235, 17, 31, 43, 242, 147, 219, 84, 24, 123, 210, 12, 23, 94;
 28, 190, 216, 62, 179, 61, 94, 219, 63, 199, 109, 157, 239, 238, 78, 152, 151, 235, 134, 16, 182, 120, 191, 162, 218, 215, 23, 57, 242, 229, 143, 68;
 82, 182, 190, 166, 44, 230, 153, 126, 162, 237, 157, 119, 223, 191, 98, 106, 189, 245, 253, 177, 136, 75, 187, 134, 219, 199, 127, 159, 137, 98, 167, 91;
 227, 27, 252, 255, 172, 36, 157, 59, 218, 222, 181, 245, 253, 126, 215, 106, 207, 115, 253, 195, 172, 110, 235, 251, 206, 255, 255, 154, 220, 161, 45, 91;
 242, 190, 188, 176, 170, 225, 157, 239, 155, 191, 144, 187, 134, 190, 70, 11, 143, 211, 253, 1, 62, 79, 234, 179, 219, 211, 125, 255, 148, 72, 135, 79;
 235, 149, 249, 222, 253, 100, 159, 189, 155, 75, 149, 243, 220, 255, 188, 98, 223, 95, 191, 161, 185, 3, 250, 227, 127, 127, 254, 190, 158, 127, 181, 115;
 139, 120, 241, 221, 230, 53, 253, 218, 95, 194, 116, 182, 57, 253, 247, 172, 127, 250, 23, 206, 135, 244, 54, 202, 70, 95, 151, 168, 255, 253, 121, 253;
 223, 228, 38, 146, 205, 116, 101, 235, 181, 222, 135, 23, 72, 238, 122, 207, 233, 192, 251, 191, 124, 71, 186, 230, 159, 91, 223, 111, 130, 117, 248, 86;
 190, 169, 249, 115, 167, 127, 255, 177, 115, 51, 119, 18, 219, 125, 28, 40, 59, 222, 85, 202, 218, 252, 125, 183, 79, 223, 241, 229, 103, 235, 214, 162;
 87, 139, 207, 181, 214, 138, 106, 242, 126, 97, 82, 198, 81, 235, 176, 96, 115, 236, 63, 222, 145, 209, 13, 247, 188, 46, 175, 196, 189, 169, 241, 0;
 96, 179, 152, 155, 206, 205, 52, 13, 202, 61, 165, 108, 166, 209, 78, 92, 161, 46, 106, 16, 82, 234, 218, 81, 140, 48, 21, 123, 24, 10, 219, 139;
 92, 81, 23, 174, 67, 207, 55, 248, 165, 72, 107, 108, 126, 247, 41, 148, 54, 241, 230, 98, 1, 177, 58, 125, 177, 240, 1, 2, 114, 51, 5, 113;
 52, 164, 211, 226, 213, 79, 215, 97, 121, 167, 243, 26, 30, 63, 76, 16, 249, 221, 70, 50, 120, 255, 121, 238, 249, 214, 149, 119, 225, 43, 230, 162;
 6, 172, 166, 146, 77, 241, 186, 226, 155, 151, 77, 19, 236, 254, 126, 141, 233, 123, 179, 147, 38, 215, 154, 243, 31, 22, 223, 43, 135, 93, 63, 206;
 198, 190, 238, 144, 234, 177, 188, 231, 155, 255, 148, 255, 140, 174, 214, 11, 143, 119, 255, 149, 180, 79, 134, 194, 30, 19, 255, 255, 140, 228, 143, 221;
 6, 61, 170, 158, 223, 253, 184, 75, 159, 231, 93, 155, 236, 238, 127, 140, 191, 123, 251, 133, 22, 81, 154, 243, 31, 22, 91, 171, 149, 111, 157, 214;
 216, 93, 110, 236, 159, 6, 95, 113, 165, 134, 223, 134, 127, 111, 51, 99, 116, 244, 253, 235, 232, 133, 49, 142, 243, 227, 239, 17, 39, 242, 52, 122;
 62, 230, 160, 161, 215, 95, 230, 204, 19, 255, 148, 27, 2, 140, 94, 4, 57, 204, 209, 243, 78, 118, 200, 179, 127, 69, 149, 119, 231, 30, 222, 206;
 199, 254, 172, 93, 140, 38, 253, 150, 243, 91, 150, 116, 144, 41, 150, 107, 109, 198, 125, 143, 244, 197, 229, 97, 86, 42, 254, 132, 173, 241, 186, 21;
 61, 55, 124, 171, 170, 34, 95, 191, 27, 242, 29, 165, 245, 127, 91, 25, 223, 83, 21, 247, 254, 92, 91, 63, 238, 207, 253, 245, 188, 211, 138, 219;
 93, 109, 58, 230, 52, 70, 79, 56, 112, 204, 223, 2, 119, 101, 147, 97, 22, 244, 28, 239, 232, 179, 169, 46, 241, 175, 37, 0, 36, 179, 36, 96;
 255, 183, 100, 155, 217, 213, 95, 157, 51, 126, 245, 149, 41, 199, 223, 245, 213, 202, 181, 254, 255, 94, 251, 183, 255, 209, 173, 239, 58, 214, 254, 87;
 223, 93, 224, 206, 207, 116, 94, 156, 97, 198, 159, 135, 105, 108, 215, 230, 126, 197, 255, 239, 205, 39, 253, 226, 55, 124, 142, 143, 47, 247, 56, 124;
 199, 97, 226, 150, 87, 228, 186, 64, 139, 197, 91, 135, 108, 252, 127, 102, 254, 255, 179, 215, 132, 243, 182, 224, 29, 60, 143, 42, 133, 127, 55, 222;
 8, 143, 98, 232, 116, 219, 106, 38, 85, 0, 80, 226, 183, 24, 176, 160, 74, 170, 23, 201, 226, 184, 100, 255, 4, 24, 186, 193, 116, 136, 84, 41;
 6, 185, 184, 187, 251, 229, 188, 75, 159, 133, 121, 49, 172, 254, 102, 88, 247, 59, 187, 17, 22, 74, 90, 213, 173, 22, 31, 107, 144, 70, 167, 211;
 186, 121, 224, 175, 95, 81, 150, 204, 6, 196, 196, 171, 227, 236, 91, 166, 72, 216, 147, 99, 78, 34, 255, 185, 101, 1, 140, 57, 119, 30, 92, 222;
 239, 240, 228, 91, 237, 93, 117, 93, 235, 127, 53, 28, 142, 254, 222, 175, 137, 8, 246, 8, 151, 116, 254, 209, 207, 219, 85, 239, 218, 92, 206, 247;
 33, 107, 10, 120, 93, 133, 204, 199, 199, 9, 250, 8, 162, 136, 113, 32, 200, 187, 106, 221, 206, 186, 82, 112, 183, 156, 150, 8, 208, 16, 232, 14;
 151, 234, 89, 233, 122, 129, 122, 248, 47, 36, 248, 246, 13, 143, 252, 240, 126, 153, 151, 254, 235, 22, 236, 215, 158, 253, 171, 236, 55, 161, 35, 161;
 172, 229, 205, 247, 213, 123, 239, 255, 22, 255, 125, 158, 251, 103, 90, 136, 25, 74, 134, 190, 123, 252, 121, 191, 111, 207, 245, 229, 243, 254, 220, 240;
 14, 242, 39, 243, 40, 219, 249, 49, 165, 254, 23, 253, 221, 93, 218, 175, 143, 49, 247, 175, 193, 244, 42, 148, 198, 219, 121, 227, 110, 134, 31, 243;
 156, 222, 51, 222, 55, 173, 151, 250, 95, 10, 120, 102, 126, 249, 169, 164, 63, 122, 150, 98, 227, 181, 24, 191, 241, 220, 37, 138, 90, 251, 101, 185;
 187, 61, 114, 66, 255, 245, 219, 118, 197, 236, 188, 142, 42, 157, 247, 167, 174, 251, 215, 250, 205, 43, 52, 248, 123, 89, 4, 187, 119, 223, 110, 255;
 124, 76, 111, 70, 52, 66, 79, 48, 80, 204, 255, 34, 115, 101, 147, 113, 112, 244, 29, 234, 232, 227, 41, 47, 243, 175, 229, 144, 103, 179, 116, 112;
 171, 108, 232, 95, 199, 113, 236, 215, 95, 210, 116, 18, 57, 184, 247, 173, 123, 234, 19, 141, 160, 254, 62, 227, 87, 91, 214, 161, 247, 252, 249, 238;
 214, 254, 172, 183, 186, 173, 191, 255, 158, 255, 157, 255, 228, 238, 74, 11, 191, 115, 255, 19, 246, 77, 202, 179, 252, 71, 127, 191, 156, 125, 157, 219;
 143, 61, 239, 151, 238, 180, 188, 215, 218, 211, 92, 182, 189, 174, 215, 171, 239, 111, 179, 157, 247, 254, 254, 226, 46, 91, 254, 170, 143, 253, 185, 221;
 220, 222, 188, 187, 170, 228, 31, 159, 158, 127, 156, 245, 255, 231, 235, 75, 199, 83, 237, 146, 178, 77, 139, 115, 234, 231, 127, 221, 184, 209, 165, 123;
 143, 254, 174, 177, 170, 183, 191, 215, 158, 255, 30, 247, 157, 174, 242, 11, 231, 75, 191, 149, 247, 220, 47, 242, 236, 199, 255, 229, 140, 212, 173, 211;
 29, 173, 248, 58, 147, 255, 94, 139, 62, 231, 109, 157, 239, 110, 90, 24, 183, 203, 205, 53, 190, 218, 125, 63, 251, 199, 53, 125, 240, 231, 143, 210;
 135, 190, 174, 183, 234, 181, 190, 247, 154, 255, 152, 255, 172, 238, 214, 139, 175, 103, 255, 151, 247, 79, 174, 226, 110, 87, 255, 235, 141, 92, 155, 223;
 177, 237, 96, 18, 209, 221, 231, 103, 119, 231, 239, 29, 98, 136, 86, 52, 57, 170, 66, 158, 126, 190, 61, 63, 59, 12, 21, 113, 99, 14, 206, 78;
 6, 41, 170, 158, 223, 245, 188, 73, 159, 229, 205, 155, 204, 252, 119, 140, 251, 251, 243, 149, 22, 115, 154, 208, 31, 54, 207, 111, 213, 111, 191, 198;
 247, 213, 125, 239, 213, 111, 206, 175, 95, 113, 123, 26, 123, 123, 28, 99, 251, 199, 55, 234, 43, 112, 89, 255, 191, 250, 199, 52, 253, 219, 208, 42;
 108, 180, 188, 251, 141, 125, 80, 11, 67, 119, 173, 25, 222, 61, 74, 26, 201, 22, 249, 17, 30, 106, 251, 145, 203, 221, 81, 127, 210, 72, 222, 66;
 84, 181, 191, 230, 184, 100, 31, 190, 142, 253, 159, 101, 223, 191, 75, 66, 205, 215, 253, 209, 153, 75, 249, 32, 251, 193, 239, 215, 136, 99, 165, 91;
 77, 56, 238, 117, 228, 126, 252, 147, 122, 219, 86, 149, 221, 252, 83, 42, 179, 103, 121, 149, 181, 252, 191, 98, 79, 111, 127, 133, 204, 240, 251, 19;
 4, 185, 154, 219, 232, 201, 54, 225, 175, 53, 105, 60, 140, 227, 108, 146, 163, 59, 234, 82, 19, 57, 154, 113, 140, 148, 7, 111, 216, 3, 143, 146;
 160, 227, 26, 186, 92, 205, 199, 77, 94, 13, 113, 28, 182, 200, 120, 0, 216, 170, 14, 81, 78, 190, 74, 49, 245, 144, 182, 56, 80, 26, 212, 139;
 170, 144, 179, 249, 111, 215, 185, 91, 95, 75, 84, 55, 220, 223, 46, 105, 255, 57, 183, 129, 183, 254, 50, 215, 215, 255, 251, 207, 150, 12, 53, 211;
 110, 181, 43, 64, 217, 245, 151, 239, 139, 233, 140, 9, 132, 252, 87, 164, 153, 115, 243, 49, 27, 107, 250, 158, 107, 21, 13, 127, 195, 6, 158, 246;
 5, 76, 67, 79, 34, 198, 171, 48, 52, 192, 99, 196, 241, 215, 177, 228, 118, 108, 58, 238, 225, 148, 53, 46, 36, 174, 35, 128, 44, 179, 33, 241;
 157, 255, 174, 247, 149, 127, 103, 254, 86, 255, 63, 22, 219, 229, 218, 160, 57, 78, 238, 106, 255, 245, 57, 191, 235, 207, 245, 213, 235, 255, 220, 251;
 43, 247, 195, 30, 119, 208, 172, 119, 121, 204, 124, 238, 40, 232, 190, 180, 62, 234, 134, 141, 199, 186, 166, 235, 38, 125, 180, 171, 79, 214, 254, 253;
 218, 21, 111, 175, 143, 66, 92, 33, 165, 194, 219, 23, 123, 63, 48, 67, 106, 247, 125, 163, 105, 199, 81, 206, 243, 235, 206, 17, 47, 106, 181, 82;
 190, 23, 238, 157, 147, 114, 94, 19, 19, 255, 222, 247, 105, 46, 183, 83, 127, 255, 149, 181, 189, 217, 21, 202, 250, 103, 174, 129, 191, 228, 172, 95;
 239, 176, 241, 210, 237, 93, 245, 89, 235, 127, 181, 61, 138, 220, 222, 175, 173, 145, 255, 19, 215, 103, 250, 208, 95, 91, 117, 255, 218, 174, 207, 215;
 178, 253, 40, 136, 91, 215, 151, 239, 147, 109, 156, 31, 0, 188, 62, 132, 157, 223, 219, 225, 251, 43, 56, 159, 57, 68, 13, 255, 89, 110, 159, 247;
 94, 184, 188, 186, 11, 124, 17, 136, 171, 247, 133, 25, 175, 255, 67, 218, 131, 247, 253, 211, 14, 69, 250, 240, 219, 241, 95, 127, 146, 117, 13, 90;
 61, 189, 188, 167, 168, 15, 95, 191, 22, 234, 30, 173, 247, 127, 91, 0, 151, 87, 125, 111, 218, 88, 91, 63, 234, 207, 237, 244, 188, 234, 154, 91;
 252, 97, 126, 96, 236, 78, 95, 216, 161, 190, 181, 11, 83, 77, 91, 27, 120, 212, 197, 106, 104, 103, 168, 8, 243, 201, 101, 189, 99, 251, 102, 115;
 4, 243, 120, 201, 188, 141, 191, 253, 70, 61, 92, 42, 209, 217, 254, 32, 125, 26, 23, 248, 218, 50, 106, 21, 125, 141, 167, 237, 85, 138, 245, 227;
 240, 233, 18, 92, 75, 201, 7, 228, 170, 160, 160, 8, 34, 147, 37, 21, 40, 240, 106, 66, 72, 15, 146, 125, 49, 128, 69, 59, 80, 48, 6, 138;
 29, 237, 17, 234, 155, 23, 78, 252, 39, 8, 204, 64, 124, 211, 9, 180, 51, 217, 92, 250, 83, 3, 10, 119, 185, 205, 15, 204, 34, 179, 171, 161;
 149, 236, 82, 82, 147, 157, 110, 238, 127, 3, 124, 24, 123, 195, 188, 180, 59, 234, 6, 94, 123, 188, 28, 127, 190, 222, 21, 72, 235, 211, 202, 4;
 32, 179, 152, 27, 142, 205, 181, 77, 110, 125, 233, 60, 166, 208, 78, 16, 160, 43, 110, 16, 83, 40, 251, 17, 189, 148, 37, 123, 88, 10, 207, 195;
 106, 122, 178, 146, 89, 252, 48, 70, 139, 213, 36, 139, 174, 140, 103, 222, 237, 248, 130, 80, 22, 127, 178, 242, 31, 85, 18, 107, 202, 13, 46, 214;
 120, 223, 120, 238, 60, 74, 87, 252, 181, 204, 190, 41, 115, 125, 35, 82, 120, 246, 205, 98, 104, 43, 41, 47, 243, 237, 37, 153, 114, 187, 124, 91;
 252, 52, 248, 104, 173, 61, 216, 154, 19, 63, 181, 25, 139, 29, 79, 27, 143, 153, 213, 16, 190, 102, 251, 146, 203, 223, 85, 255, 247, 221, 206, 83;
 43, 153, 13, 59, 57, 213, 147, 161, 134, 65, 97, 133, 246, 93, 34, 96, 204, 58, 147, 69, 151, 42, 122, 189, 237, 245, 138, 90, 90, 6, 26, 212;
 52, 180, 215, 227, 213, 111, 119, 224, 41, 171, 251, 26, 86, 63, 12, 48, 249, 215, 70, 114, 121, 183, 121, 238, 185, 214, 21, 86, 225, 75, 230, 162;
 184, 68, 107, 249, 117, 243, 242, 206, 84, 79, 252, 51, 99, 220, 62, 32, 217, 42, 135, 49, 47, 183, 96, 191, 115, 223, 146, 83, 215, 29, 116, 218;
 26, 158, 122, 232, 118, 243, 250, 118, 141, 73, 222, 231, 253, 255, 182, 64, 126, 185, 159, 161, 133, 187, 4, 223, 246, 255, 170, 193, 63, 142, 57, 155;
 97, 241, 88, 194, 79, 157, 178, 236, 203, 49, 37, 12, 174, 200, 78, 52, 150, 90, 194, 86, 199, 34, 250, 179, 15, 20, 21, 127, 76, 26, 219, 220;
 15, 187, 104, 147, 231, 149, 186, 112, 93, 232, 87, 231, 8, 30, 214, 164, 254, 43, 151, 135, 213, 158, 101, 246, 30, 93, 235, 227, 15, 135, 123, 213;
 139, 51, 105, 79, 244, 252, 249, 24, 61, 77, 116, 183, 56, 221, 223, 109, 62, 155, 183, 93, 179, 120, 183, 193, 95, 121, 162, 130, 223, 141, 124, 253;
 141, 220, 210, 90, 118, 191, 110, 254, 95, 2, 124, 122, 127, 233, 189, 165, 63, 120, 2, 106, 227, 182, 24, 255, 46, 222, 5, 6, 254, 251, 73, 172;
 73, 237, 233, 119, 176, 15, 79, 191, 23, 173, 95, 204, 247, 103, 216, 0, 23, 94, 125, 28, 186, 88, 249, 63, 239, 207, 53, 244, 166, 130, 128, 105;
 32, 255, 17, 155, 252, 205, 231, 245, 206, 125, 249, 109, 182, 193, 40, 16, 200, 170, 78, 66, 211, 43, 90, 117, 117, 16, 36, 120, 80, 26, 214, 241;
 15, 190, 174, 191, 187, 223, 190, 254, 190, 255, 215, 247, 253, 252, 250, 171, 191, 107, 255, 199, 247, 237, 190, 255, 170, 87, 127, 235, 205, 117, 191, 215;
 111, 250, 239, 30, 251, 213, 190, 252, 250, 219, 180, 253, 236, 254, 223, 187, 255, 227, 254, 215, 183, 75, 190, 255, 62, 119, 127, 251, 221, 117, 235, 221;
 93, 189, 188, 167, 180, 15, 94, 191, 122, 171, 27, 73, 127, 125, 88, 32, 183, 87, 125, 33, 253, 217, 153, 30, 251, 207, 45, 244, 172, 226, 147, 27;
 86, 189, 191, 119, 146, 78, 190, 231, 57, 235, 91, 114, 126, 124, 4, 50, 183, 127, 125, 177, 181, 217, 185, 110, 185, 239, 111, 199, 225, 98, 167, 51;
 130, 144, 179, 217, 127, 199, 184, 91, 95, 75, 80, 118, 252, 223, 36, 109, 255, 57, 183, 145, 179, 254, 50, 223, 31, 126, 219, 198, 158, 12, 37, 243;
 252, 118, 254, 228, 108, 70, 85, 120, 161, 174, 183, 11, 91, 125, 75, 27, 124, 244, 197, 98, 104, 231, 232, 8, 243, 235, 101, 189, 99, 251, 102, 115;
 21, 68, 111, 77, 54, 102, 107, 56, 100, 204, 254, 98, 83, 87, 177, 116, 118, 116, 60, 238, 137, 144, 101, 14, 193, 174, 163, 128, 37, 179, 100, 113;
 27, 95, 123, 174, 118, 243, 251, 118, 141, 65, 126, 227, 253, 207, 182, 96, 126, 187, 151, 181, 181, 187, 36, 255, 246, 253, 170, 192, 53, 142, 37, 217;
 125, 179, 104, 101, 144, 10, 79, 57, 32, 228, 167, 205, 83, 33, 218, 16, 18, 196, 109, 238, 216, 184, 221, 12, 234, 205, 165, 180, 111, 162, 210, 80;
 169, 244, 156, 190, 124, 181, 254, 221, 159, 27, 217, 92, 252, 250, 122, 227, 207, 107, 158, 87, 239, 102, 218, 243, 166, 241, 158, 187, 28, 91, 249, 141;
 219, 158, 46, 150, 207, 116, 191, 117, 216, 254, 29, 191, 120, 236, 254, 227, 239, 231, 183, 175, 228, 95, 190, 236, 126, 107, 254, 169, 7, 110, 181, 255;
 188, 100, 248, 97, 237, 127, 93, 218, 19, 191, 180, 25, 27, 61, 83, 27, 171, 213, 213, 58, 40, 118, 249, 130, 223, 203, 117, 53, 227, 253, 78, 99;
 210, 213, 135, 182, 141, 96, 77, 167, 57, 202, 219, 51, 218, 255, 72, 123, 241, 247, 125, 163, 105, 215, 227, 226, 177, 178, 222, 131, 32, 112, 164, 114;
 163, 188, 185, 24, 249, 253, 153, 95, 91, 235, 84, 124, 180, 252, 214, 61, 157, 59, 213, 17, 183, 94, 226, 190, 139, 30, 189, 250, 192, 68, 151, 255;
 60, 189, 232, 186, 176, 235, 95, 249, 54, 237, 189, 41, 87, 111, 26, 16, 179, 219, 221, 247, 62, 203, 121, 63, 251, 199, 173, 245, 180, 99, 134, 82;
 143, 253, 238, 243, 166, 242, 190, 231, 222, 211, 94, 179, 253, 252, 254, 43, 255, 123, 183, 151, 246, 220, 47, 230, 238, 95, 255, 195, 133, 221, 185, 221;
 253, 120, 189, 113, 13, 111, 65, 152, 82, 254, 167, 24, 211, 21, 73, 59, 129, 84, 121, 122, 41, 116, 249, 50, 203, 219, 85, 116, 194, 121, 86, 114;
 4, 251, 26, 59, 218, 205, 55, 245, 254, 117, 108, 45, 150, 208, 106, 16, 183, 43, 66, 82, 83, 56, 186, 53, 253, 129, 39, 108, 88, 26, 143, 211;
 29, 249, 219, 57, 211, 219, 54, 197, 62, 117, 102, 181, 221, 214, 74, 240, 55, 127, 234, 80, 87, 153, 191, 117, 127, 229, 39, 103, 224, 6, 175, 215;
 222, 244, 190, 222, 173, 116, 157, 255, 223, 222, 182, 159, 235, 236, 255, 239, 221, 215, 237, 243, 253, 103, 255, 170, 251, 243, 247, 159, 206, 253, 140, 87;
 173, 253, 191, 118, 189, 127, 87, 252, 215, 250, 61, 56, 218, 253, 223, 175, 153, 254, 254, 98, 253, 245, 123, 190, 251, 219, 101, 183, 202, 255, 222, 119;
 197, 121, 191, 69, 58, 78, 119, 81, 104, 200, 255, 68, 254, 151, 129, 118, 182, 117, 124, 106, 193, 161, 177, 72, 245, 184, 35, 2, 72, 162, 35, 177;
 111, 176, 232, 194, 237, 29, 254, 89, 75, 123, 189, 175, 154, 220, 222, 188, 223, 153, 247, 23, 214, 54, 254, 210, 95, 93, 191, 255, 215, 174, 222, 215;
 189, 167, 210, 90, 209, 208, 103, 237, 115, 31, 101, 48, 74, 243, 239, 253, 121, 202, 6, 250, 126, 86, 170, 119, 186, 214, 135, 111, 178, 243, 238, 132;
 36, 179, 120, 233, 254, 207, 251, 249, 70, 228, 124, 166, 145, 205, 210, 32, 94, 24, 87, 248, 210, 58, 123, 29, 109, 141, 167, 236, 117, 170, 84, 241;
 201, 120, 253, 85, 32, 92, 117, 16, 248, 126, 38, 60, 247, 21, 195, 123, 7, 84, 108, 10, 225, 100, 243, 33, 71, 187, 112, 16, 66, 176, 71, 121;
 95, 84, 246, 229, 35, 94, 127, 53, 173, 230, 159, 163, 223, 63, 151, 119, 103, 245, 255, 174, 196, 213, 253, 200, 247, 255, 207, 151, 38, 246, 165, 119;
 44, 52, 248, 113, 173, 125, 81, 19, 211, 191, 61, 57, 155, 189, 95, 26, 141, 122, 245, 16, 154, 96, 250, 130, 79, 223, 117, 255, 194, 237, 94, 115;
 205, 254, 236, 215, 189, 127, 119, 188, 87, 255, 222, 63, 250, 253, 155, 101, 53, 198, 254, 110, 255, 253, 123, 255, 111, 127, 245, 149, 234, 255, 220, 127;
 87, 1, 167, 180, 141, 164, 104, 107, 23, 179, 138, 19, 197, 234, 112, 110, 249, 167, 59, 157, 28, 91, 151, 194, 153, 118, 223, 74, 140, 96, 177, 4;
 175, 49, 114, 90, 233, 221, 214, 89, 153, 92, 181, 63, 106, 220, 110, 191, 220, 219, 150, 102, 207, 99, 186, 225, 51, 88, 68, 187, 91, 95, 238, 247;
 124, 191, 255, 94, 250, 198, 23, 249, 183, 190, 246, 44, 122, 247, 173, 91, 215, 247, 237, 162, 120, 203, 235, 127, 251, 167, 101, 159, 226, 114, 166, 115;
 106, 51, 160, 151, 235, 41, 159, 69, 27, 237, 93, 173, 236, 238, 79, 14, 158, 127, 229, 151, 148, 114, 202, 232, 108, 52, 93, 187, 199, 118, 143, 223;
 163, 190, 61, 184, 181, 167, 221, 127, 31, 251, 144, 93, 158, 252, 118, 9, 159, 187, 23, 181, 191, 238, 122, 223, 169, 94, 61, 254, 221, 8, 139, 223;
 31, 250, 175, 191, 62, 215, 186, 248, 190, 223, 212, 231, 253, 252, 219, 163, 255, 125, 255, 199, 239, 103, 239, 189, 219, 111, 111, 191, 221, 39, 63, 215;
 98, 172, 162, 190, 93, 225, 208, 198, 155, 23, 232, 9, 46, 216, 103, 28, 201, 251, 243, 145, 14, 111, 202, 241, 155, 84, 154, 59, 210, 93, 126, 142;
 86, 255, 155, 230, 146, 198, 30, 241, 48, 169, 219, 102, 127, 126, 136, 32, 181, 247, 125, 241, 185, 155, 137, 111, 249, 231, 47, 194, 169, 34, 163, 19;
 245, 220, 93, 215, 165, 111, 247, 191, 125, 122, 191, 58, 222, 127, 13, 253, 251, 215, 126, 162, 105, 119, 121, 255, 189, 190, 215, 22, 193, 123, 212, 243;
 158, 205, 254, 247, 189, 243, 159, 190, 223, 215, 158, 179, 237, 252, 255, 107, 247, 115, 255, 151, 254, 237, 47, 239, 235, 223, 255, 147, 134, 255, 181, 75;
 124, 93, 124, 236, 120, 74, 95, 184, 161, 236, 188, 137, 119, 127, 11, 19, 90, 213, 93, 106, 104, 99, 248, 61, 243, 235, 97, 185, 112, 187, 102, 123;
 27, 205, 122, 239, 214, 230, 255, 119, 29, 64, 95, 131, 125, 255, 50, 97, 126, 187, 23, 173, 176, 186, 20, 255, 119, 239, 170, 192, 55, 154, 185, 184;
 252, 180, 57, 224, 185, 125, 81, 200, 179, 127, 173, 25, 79, 223, 74, 24, 145, 153, 221, 48, 62, 7, 250, 147, 219, 213, 1, 127, 242, 69, 14, 83;
 252, 19, 254, 100, 108, 78, 93, 57, 49, 238, 183, 57, 83, 63, 3, 27, 92, 244, 253, 106, 232, 231, 241, 8, 83, 235, 225, 149, 99, 160, 102, 115;
 131, 80, 243, 217, 111, 231, 184, 95, 95, 75, 80, 118, 156, 221, 116, 237, 255, 185, 183, 145, 147, 254, 115, 210, 23, 90, 218, 202, 159, 140, 177, 245;
 246, 86, 237, 255, 170, 123, 159, 254, 63, 250, 150, 255, 220, 254, 223, 43, 255, 87, 253, 163, 249, 197, 251, 242, 251, 255, 255, 183, 221, 117, 149, 243;
 124, 182, 255, 124, 251, 86, 21, 249, 179, 254, 247, 44, 127, 247, 139, 247, 223, 245, 236, 32, 249, 227, 251, 159, 123, 255, 101, 159, 227, 228, 38, 243;
 209, 113, 255, 69, 50, 78, 117, 81, 108, 232, 126, 68, 223, 23, 129, 50, 54, 116, 126, 104, 193, 241, 177, 76, 247, 169, 39, 0, 106, 162, 99, 179;
 185, 180, 191, 125, 189, 95, 245, 254, 119, 254, 182, 46, 94, 125, 155, 167, 185, 212, 254, 40, 225, 255, 179, 159, 251, 255, 101, 183, 227, 252, 94, 255;
 173, 255, 255, 118, 237, 95, 86, 252, 223, 234, 190, 56, 90, 253, 255, 51, 159, 118, 255, 115, 253, 229, 59, 190, 123, 223, 101, 183, 198, 253, 220, 87;
 120, 238, 121, 87, 48, 143, 79, 189, 59, 169, 127, 72, 115, 115, 156, 17, 55, 238, 21, 110, 234, 216, 137, 63, 250, 223, 37, 228, 38, 146, 192, 41;
 150, 116, 189, 255, 170, 119, 159, 254, 158, 234, 159, 242, 253, 127, 137, 42, 255, 119, 255, 163, 161, 69, 107, 251, 239, 199, 255, 182, 148, 115, 135, 243;
 124, 52, 188, 112, 141, 111, 81, 26, 235, 183, 175, 24, 222, 53, 73, 58, 129, 212, 253, 26, 59, 101, 249, 18, 219, 223, 65, 119, 194, 105, 70, 98;
 222, 207, 167, 222, 133, 104, 111, 166, 185, 94, 223, 50, 204, 247, 8, 255, 241, 215, 253, 227, 120, 197, 235, 227, 245, 242, 222, 31, 6, 119, 245, 98;
 77, 60, 188, 51, 168, 104, 61, 150, 170, 243, 15, 149, 149, 55, 67, 59, 3, 87, 121, 31, 21, 68, 255, 96, 205, 3, 127, 85, 140, 113, 139, 82;
 11, 112, 242, 217, 101, 183, 184, 95, 95, 75, 82, 118, 140, 222, 180, 236, 255, 57, 183, 145, 135, 254, 51, 211, 22, 126, 154, 194, 159, 140, 249, 159;
 173, 255, 220, 187, 236, 45, 95, 188, 159, 87, 253, 29, 245, 235, 59, 75, 223, 67, 95, 111, 254, 98, 218, 179, 230, 223, 255, 124, 156, 219, 216, 218;
 248, 114, 252, 101, 101, 111, 93, 94, 51, 191, 182, 25, 27, 61, 67, 27, 47, 220, 245, 56, 40, 246, 241, 2, 87, 203, 117, 53, 231, 249, 78, 251;
 24, 19, 127, 77, 52, 70, 75, 25, 100, 204, 254, 32, 83, 55, 177, 116, 116, 180, 61, 232, 137, 144, 97, 14, 225, 173, 162, 128, 35, 163, 116, 113;
 110, 151, 227, 182, 251, 248, 191, 144, 171, 109, 93, 191, 108, 238, 222, 146, 191, 127, 245, 199, 147, 18, 174, 227, 62, 117, 175, 235, 231, 247, 135, 241;
 180, 190, 255, 26, 227, 248, 23, 233, 243, 95, 117, 177, 98, 252, 174, 61, 217, 250, 164, 82, 126, 246, 110, 55, 43, 18, 85, 79, 211, 119, 238, 247;
 118, 170, 140, 190, 12, 36, 64, 8, 147, 153, 145, 91, 230, 235, 73, 74, 201, 196, 111, 145, 14, 71, 203, 129, 152, 54, 219, 191, 152, 105, 56, 10;
 246, 120, 247, 197, 79, 110, 252, 198, 169, 242, 178, 11, 76, 191, 85, 95, 238, 245, 127, 227, 161, 243, 147, 192, 23, 120, 207, 166, 239, 117, 103, 150;
 102, 49, 232, 192, 236, 61, 250, 216, 107, 170, 248, 207, 72, 205, 93, 26, 255, 221, 119, 251, 148, 50, 218, 210, 95, 92, 139, 239, 207, 239, 91, 131;
 28, 249, 107, 59, 210, 209, 62, 245, 182, 196, 111, 163, 185, 214, 98, 112, 55, 187, 191, 208, 214, 154, 190, 125, 239, 229, 47, 233, 49, 18, 173, 218;
 200, 112, 188, 124, 105, 124, 17, 23, 251, 223, 37, 61, 190, 159, 67, 122, 135, 52, 237, 16, 166, 71, 178, 2, 195, 255, 112, 59, 194, 244, 15, 123]