[47, 169, 99, 9, 209, 247, 170, 234, 15, 105, 120, 199, 72, 204, 52, 164, 189, 169, 147, 245, 151, 184, 60, 255, 13, 28, 139, 198, 215, 7, 115, 212;
 7, 223, 99, 9, 242, 146, 174, 246, 125, 65, 120, 230, 8, 142, 181, 164, 126, 75, 146, 253, 215, 154, 36, 247, 44, 28, 142, 206, 215, 151, 227, 253;
 74, 148, 245, 254, 117, 204, 122, 176, 169, 89, 185, 227, 255, 127, 156, 242, 231, 147, 157, 133, 179, 11, 72, 253, 247, 255, 250, 211, 23, 134, 227, 83;
 19, 207, 67, 143, 86, 162, 170, 244, 92, 65, 90, 198, 117, 226, 185, 228, 126, 107, 22, 239, 131, 144, 12, 239, 36, 44, 174, 128, 61, 218, 49, 157;
 15, 156, 125, 179, 178, 143, 185, 183, 60, 113, 25, 151, 157, 31, 16, 1, 167, 27, 19, 181, 179, 184, 29, 92, 236, 143, 63, 196, 221, 130, 129, 240;
 82, 212, 39, 168, 59, 198, 24, 47, 175, 72, 138, 229, 60, 222, 36, 242, 231, 149, 253, 181, 203, 11, 147, 223, 185, 52, 139, 222, 28, 4, 37, 63;
 66, 159, 189, 188, 42, 228, 29, 178, 138, 222, 158, 173, 188, 255, 3, 67, 135, 119, 253, 5, 144, 73, 210, 189, 201, 55, 123, 186, 152, 101, 5, 123;
 51, 191, 106, 10, 243, 144, 190, 244, 45, 77, 92, 231, 40, 206, 190, 148, 126, 171, 151, 199, 214, 154, 12, 253, 62, 125, 142, 203, 127, 135, 251, 221;
 44, 144, 245, 95, 75, 77, 163, 120, 119, 11, 97, 40, 114, 119, 140, 60, 25, 146, 66, 106, 1, 50, 123, 117, 15, 138, 65, 46, 243, 99, 102, 179;
 95, 223, 107, 68, 50, 18, 79, 240, 37, 64, 214, 230, 89, 14, 180, 244, 126, 213, 149, 238, 201, 145, 37, 109, 50, 44, 170, 196, 39, 183, 116, 117;
 187, 222, 98, 188, 55, 220, 253, 247, 61, 78, 94, 231, 169, 28, 183, 229, 238, 171, 151, 133, 239, 188, 52, 223, 178, 125, 186, 130, 127, 212, 255, 221;
 139, 172, 34, 152, 197, 253, 188, 103, 159, 127, 20, 25, 172, 156, 54, 165, 173, 43, 211, 13, 247, 73, 50, 255, 23, 95, 90, 235, 86, 68, 155, 222;
 78, 147, 150, 187, 201, 52, 175, 157, 174, 29, 15, 6, 205, 227, 104, 206, 103, 95, 171, 220, 19, 80, 155, 225, 173, 245, 207, 108, 138, 119, 169, 176;
 63, 59, 106, 74, 242, 210, 251, 113, 97, 68, 253, 167, 9, 206, 182, 180, 126, 169, 151, 247, 151, 154, 36, 252, 122, 125, 138, 203, 63, 135, 254, 213;
 200, 122, 83, 213, 69, 216, 96, 150, 233, 6, 102, 215, 173, 131, 67, 223, 98, 236, 238, 204, 98, 28, 182, 227, 23, 240, 18, 9, 34, 149, 103, 254;
 15, 167, 72, 137, 180, 155, 186, 205, 14, 49, 28, 239, 141, 204, 254, 128, 191, 11, 151, 253, 150, 57, 12, 213, 110, 29, 45, 253, 159, 143, 155, 133;
 11, 214, 106, 191, 100, 145, 188, 127, 21, 79, 87, 247, 232, 14, 190, 65, 127, 139, 147, 135, 228, 158, 101, 247, 102, 63, 250, 193, 63, 140, 189, 223;
 171, 157, 66, 89, 209, 151, 175, 247, 93, 70, 108, 214, 8, 8, 182, 165, 89, 10, 130, 142, 247, 188, 116, 255, 38, 30, 150, 66, 91, 204, 248, 220;
 163, 182, 232, 11, 118, 176, 186, 218, 91, 77, 125, 247, 40, 204, 254, 164, 127, 27, 151, 149, 183, 186, 236, 247, 46, 28, 170, 230, 223, 198, 123, 213;
 11, 126, 98, 147, 119, 243, 187, 214, 61, 69, 92, 231, 40, 140, 183, 164, 62, 59, 151, 133, 135, 184, 52, 255, 54, 93, 154, 131, 111, 214, 61, 221;
 51, 193, 237, 77, 14, 95, 189, 175, 78, 125, 188, 10, 113, 28, 158, 34, 40, 0, 115, 237, 199, 120, 119, 21, 103, 11, 237, 149, 117, 24, 212, 239;
 182, 78, 227, 219, 181, 211, 143, 67, 87, 198, 216, 179, 161, 204, 181, 196, 91, 170, 147, 157, 235, 188, 103, 255, 36, 70, 142, 131, 55, 252, 244, 252;
 29, 50, 107, 36, 54, 20, 187, 88, 104, 204, 21, 239, 157, 220, 211, 35, 62, 57, 221, 247, 149, 225, 164, 200, 192, 201, 43, 184, 109, 167, 19, 241;
 94, 177, 210, 160, 147, 128, 31, 153, 163, 1, 143, 130, 221, 247, 72, 244, 118, 219, 189, 209, 27, 3, 154, 227, 185, 245, 143, 78, 174, 131, 169, 48;
 58, 151, 98, 27, 247, 217, 190, 101, 61, 69, 93, 183, 104, 76, 190, 164, 126, 139, 215, 199, 246, 186, 44, 247, 54, 92, 154, 195, 119, 143, 255, 213;
 2, 252, 102, 152, 105, 240, 184, 103, 169, 86, 212, 179, 40, 142, 54, 13, 203, 187, 147, 129, 86, 79, 166, 213, 22, 50, 218, 235, 7, 4, 191, 222;
 2, 190, 226, 142, 114, 146, 186, 99, 159, 68, 89, 231, 40, 238, 182, 64, 254, 185, 151, 133, 150, 155, 14, 223, 54, 60, 138, 139, 61, 166, 45, 215;
 59, 178, 125, 91, 49, 212, 153, 85, 195, 93, 245, 53, 40, 31, 158, 245, 206, 27, 149, 145, 239, 142, 112, 221, 67, 121, 186, 251, 95, 132, 174, 255;
 93, 95, 109, 79, 34, 80, 111, 185, 104, 68, 124, 230, 121, 79, 159, 115, 54, 192, 21, 238, 203, 0, 173, 109, 118, 41, 174, 128, 63, 179, 119, 121;
 134, 165, 7, 168, 221, 199, 172, 237, 158, 16, 128, 10, 140, 201, 120, 133, 153, 25, 83, 241, 114, 43, 10, 223, 57, 16, 143, 124, 213, 8, 183, 130;
 7, 28, 226, 31, 211, 180, 190, 71, 63, 71, 124, 151, 40, 170, 55, 140, 255, 43, 147, 133, 150, 152, 20, 227, 38, 60, 154, 138, 223, 87, 171, 214;
 87, 232, 170, 129, 135, 36, 185, 198, 170, 247, 150, 143, 137, 142, 87, 10, 47, 197, 93, 213, 134, 85, 181, 194, 95, 28, 159, 229, 141, 53, 19, 86;
 52, 165, 9, 169, 156, 167, 194, 75, 70, 49, 169, 26, 195, 73, 108, 0, 217, 138, 2, 177, 58, 163, 89, 22, 169, 196, 141, 116, 209, 10, 208, 130;
 243, 211, 99, 5, 102, 16, 173, 248, 121, 80, 82, 230, 121, 110, 159, 247, 62, 205, 54, 239, 197, 118, 164, 197, 20, 56, 235, 132, 111, 164, 115, 245;
 30, 50, 254, 96, 35, 127, 153, 216, 171, 253, 183, 175, 14, 157, 87, 46, 174, 149, 253, 119, 150, 241, 187, 192, 219, 89, 105, 247, 199, 167, 47, 119;
 171, 54, 97, 91, 241, 181, 168, 91, 91, 111, 125, 253, 8, 206, 255, 180, 223, 10, 150, 156, 167, 146, 108, 215, 38, 92, 186, 238, 223, 204, 90, 213;
 78, 114, 243, 106, 232, 20, 95, 28, 37, 79, 247, 181, 137, 135, 203, 94, 214, 157, 253, 194, 200, 6, 227, 194, 210, 253, 176, 138, 162, 215, 166, 113;
 146, 177, 49, 250, 139, 197, 148, 77, 159, 29, 193, 19, 12, 223, 108, 141, 236, 27, 131, 145, 90, 11, 218, 209, 145, 208, 218, 127, 17, 4, 175, 179;
 109, 217, 205, 166, 108, 94, 232, 184, 3, 248, 53, 206, 89, 173, 211, 179, 78, 204, 54, 207, 205, 122, 255, 168, 94, 201, 229, 236, 111, 174, 90, 208;
 202, 120, 178, 244, 109, 29, 252, 115, 251, 170, 52, 125, 188, 189, 117, 170, 167, 117, 255, 1, 193, 117, 144, 194, 207, 95, 95, 190, 14, 252, 11, 187;
 191, 203, 98, 0, 115, 146, 126, 244, 49, 68, 246, 167, 9, 142, 182, 213, 54, 141, 135, 238, 252, 151, 36, 220, 50, 121, 128, 199, 39, 164, 238, 213;
 3, 129, 111, 71, 66, 210, 175, 117, 236, 68, 95, 162, 121, 230, 188, 100, 54, 55, 59, 169, 209, 153, 37, 109, 101, 46, 250, 128, 37, 130, 165, 236;
 251, 153, 124, 241, 111, 159, 216, 176, 205, 248, 182, 139, 91, 29, 183, 51, 238, 181, 127, 111, 236, 127, 117, 156, 127, 219, 225, 244, 127, 172, 88, 91;
 14, 147, 227, 139, 199, 116, 187, 88, 43, 69, 93, 183, 72, 238, 62, 140, 254, 155, 147, 135, 151, 18, 188, 193, 23, 60, 138, 207, 223, 199, 183, 215;
 106, 95, 66, 12, 114, 128, 190, 118, 57, 13, 122, 239, 40, 174, 183, 208, 238, 235, 135, 197, 196, 155, 4, 237, 52, 45, 186, 136, 109, 214, 170, 217;
 106, 139, 161, 181, 168, 75, 141, 39, 6, 255, 26, 169, 241, 37, 209, 66, 73, 118, 191, 145, 24, 88, 193, 176, 205, 6, 255, 181, 132, 232, 20, 120;
 10, 176, 120, 129, 219, 253, 189, 167, 143, 125, 28, 191, 140, 159, 86, 0, 167, 27, 219, 21, 214, 8, 247, 213, 111, 85, 31, 247, 215, 204, 135, 223;
 55, 79, 99, 13, 118, 146, 111, 244, 117, 76, 94, 230, 113, 6, 183, 116, 126, 236, 23, 236, 201, 152, 37, 254, 118, 44, 174, 128, 63, 182, 112, 253;
 203, 146, 146, 190, 45, 157, 124, 21, 207, 15, 21, 92, 174, 216, 234, 206, 134, 35, 238, 13, 198, 45, 146, 243, 134, 217, 82, 186, 90, 12, 137, 13;
 155, 94, 107, 221, 86, 182, 187, 246, 156, 78, 92, 231, 56, 174, 183, 100, 126, 123, 151, 205, 230, 185, 54, 255, 115, 47, 186, 128, 23, 220, 117, 253;
 156, 94, 115, 217, 167, 187, 167, 210, 93, 22, 80, 242, 143, 4, 161, 237, 127, 88, 134, 59, 176, 244, 45, 182, 133, 210, 123, 198, 182, 221, 149, 165;
 8, 156, 150, 114, 147, 188, 48, 51, 173, 25, 122, 117, 190, 187, 32, 209, 167, 51, 206, 16, 52, 137, 18, 110, 239, 255, 114, 67, 234, 64, 171, 155;
 155, 59, 38, 35, 191, 153, 184, 117, 237, 236, 94, 231, 172, 156, 215, 36, 174, 59, 215, 85, 214, 184, 101, 172, 110, 89, 62, 195, 79, 142, 55, 223;
 47, 188, 245, 81, 223, 159, 232, 251, 75, 251, 52, 110, 152, 60, 215, 175, 15, 204, 150, 188, 183, 120, 109, 220, 46, 90, 165, 246, 255, 236, 90, 149;
 141, 73, 30, 254, 45, 149, 197, 32, 196, 30, 213, 2, 228, 65, 51, 227, 200, 96, 106, 106, 101, 37, 122, 189, 163, 251, 226, 25, 26, 59, 121, 128;
 31, 159, 118, 178, 182, 219, 182, 224, 221, 250, 178, 167, 207, 124, 183, 97, 239, 113, 223, 119, 252, 233, 45, 188, 250, 219, 111, 211, 221, 45, 245, 87;
 82, 34, 104, 172, 58, 99, 25, 73, 18, 164, 149, 171, 13, 143, 66, 64, 118, 157, 253, 161, 14, 79, 175, 157, 208, 69, 187, 191, 53, 6, 55, 91;
 95, 24, 198, 197, 135, 54, 104, 2, 47, 177, 143, 18, 29, 50, 85, 238, 97, 215, 185, 152, 25, 216, 145, 224, 159, 239, 222, 196, 174, 103, 57, 52;
 30, 28, 242, 251, 215, 135, 186, 87, 31, 193, 94, 199, 237, 255, 49, 100, 127, 59, 151, 149, 179, 154, 20, 254, 255, 119, 158, 194, 191, 142, 185, 153;
 30, 214, 47, 76, 40, 115, 95, 254, 180, 126, 206, 173, 219, 119, 187, 115, 85, 212, 221, 174, 233, 147, 61, 31, 243, 107, 239, 149, 22, 244, 118, 115;
 185, 114, 99, 36, 101, 87, 245, 92, 81, 238, 240, 47, 11, 157, 119, 157, 248, 140, 150, 103, 236, 183, 96, 138, 19, 203, 241, 46, 103, 188, 118, 239;
 6, 250, 237, 129, 162, 74, 185, 196, 170, 245, 18, 247, 140, 142, 223, 10, 39, 93, 255, 213, 150, 212, 167, 192, 76, 16, 127, 231, 133, 149, 135, 213;
 135, 41, 106, 17, 199, 189, 240, 71, 127, 245, 100, 31, 140, 136, 119, 13, 169, 171, 130, 29, 150, 120, 182, 208, 30, 88, 18, 103, 199, 77, 219, 198;
 163, 254, 226, 159, 244, 150, 175, 119, 89, 75, 85, 86, 184, 184, 182, 36, 255, 111, 19, 143, 245, 190, 180, 230, 36, 62, 158, 130, 79, 220, 251, 141;
 185, 209, 110, 103, 71, 82, 108, 53, 97, 104, 246, 22, 59, 25, 148, 183, 42, 132, 86, 234, 233, 188, 53, 205, 118, 233, 240, 129, 111, 144, 234, 8;
 154, 57, 126, 105, 43, 241, 152, 82, 237, 72, 190, 161, 175, 30, 135, 162, 142, 51, 253, 209, 159, 169, 99, 224, 202, 217, 42, 211, 206, 133, 47, 31;
 67, 181, 112, 201, 245, 60, 252, 191, 107, 89, 29, 35, 156, 30, 220, 244, 247, 27, 159, 21, 215, 8, 248, 213, 190, 92, 158, 238, 30, 198, 203, 159;
 30, 20, 151, 189, 203, 38, 29, 123, 189, 159, 72, 69, 76, 119, 33, 95, 231, 51, 49, 164, 48, 193, 18, 204, 129, 242, 90, 2, 178, 97, 37, 243;
 28, 21, 222, 241, 131, 110, 84, 83, 55, 186, 231, 32, 95, 55, 9, 123, 179, 151, 253, 50, 25, 208, 83, 128, 211, 243, 113, 5, 170, 241, 42, 19;
 126, 130, 225, 232, 55, 88, 91, 185, 59, 85, 87, 187, 91, 79, 220, 116, 247, 157, 181, 140, 154, 22, 237, 209, 219, 253, 171, 197, 55, 166, 244, 115;
 10, 248, 50, 154, 77, 197, 180, 231, 158, 95, 80, 19, 172, 222, 102, 9, 205, 59, 179, 129, 71, 78, 18, 245, 103, 19, 158, 235, 24, 28, 173, 223;
 35, 212, 103, 1, 36, 251, 169, 166, 236, 113, 90, 245, 209, 124, 190, 160, 95, 21, 251, 165, 129, 176, 117, 215, 13, 55, 218, 198, 77, 142, 85, 252;
 137, 147, 26, 218, 229, 157, 244, 117, 141, 29, 85, 124, 188, 217, 106, 5, 128, 43, 23, 8, 82, 43, 18, 209, 71, 25, 114, 235, 18, 10, 137, 131;
 75, 212, 251, 224, 101, 93, 252, 115, 191, 234, 188, 59, 158, 157, 118, 160, 191, 177, 255, 1, 197, 37, 48, 210, 151, 223, 25, 191, 79, 172, 91, 223;
 157, 223, 30, 169, 146, 143, 47, 254, 20, 100, 214, 199, 23, 6, 163, 97, 118, 65, 14, 254, 253, 185, 61, 61, 248, 195, 47, 212, 61, 185, 161, 241;
 18, 21, 107, 139, 214, 227, 171, 71, 28, 197, 95, 167, 60, 238, 54, 100, 126, 171, 147, 149, 179, 152, 52, 222, 125, 12, 142, 128, 157, 78, 181, 254;
 121, 130, 249, 232, 53, 92, 89, 57, 119, 109, 247, 43, 91, 31, 254, 240, 246, 149, 189, 156, 158, 30, 233, 151, 219, 253, 162, 205, 182, 142, 116, 115;
 203, 163, 226, 20, 195, 22, 188, 245, 185, 247, 22, 159, 72, 46, 94, 151, 63, 133, 243, 173, 244, 95, 180, 198, 126, 123, 223, 229, 207, 36, 187, 212;
 250, 57, 106, 148, 83, 210, 187, 97, 169, 196, 149, 171, 40, 222, 118, 49, 238, 189, 213, 195, 252, 203, 180, 236, 123, 113, 139, 171, 39, 38, 62, 215;
 22, 91, 206, 186, 194, 130, 188, 209, 188, 142, 82, 231, 37, 206, 243, 73, 102, 249, 55, 215, 198, 213, 6, 232, 52, 32, 238, 128, 189, 112, 41, 145;
 139, 139, 102, 157, 238, 147, 174, 244, 157, 80, 214, 231, 249, 238, 183, 229, 110, 99, 63, 207, 229, 141, 38, 255, 38, 123, 234, 192, 31, 173, 57, 221;
 75, 144, 245, 173, 111, 92, 189, 191, 239, 95, 126, 183, 204, 191, 46, 198, 231, 23, 191, 5, 212, 61, 179, 211, 87, 255, 90, 134, 86, 196, 165, 127;
 27, 31, 127, 101, 50, 255, 187, 114, 237, 236, 30, 239, 191, 61, 183, 164, 38, 115, 221, 109, 129, 185, 36, 189, 226, 221, 41, 145, 111, 175, 29, 253;
 250, 48, 230, 180, 79, 84, 188, 121, 169, 206, 85, 151, 72, 255, 30, 143, 238, 253, 245, 167, 197, 215, 182, 192, 83, 123, 219, 139, 47, 37, 191, 215;
 41, 49, 129, 167, 117, 31, 73, 80, 19, 233, 29, 76, 63, 53, 208, 182, 28, 236, 22, 29, 129, 120, 241, 136, 15, 221, 53, 176, 74, 174, 82, 249;
 55, 139, 121, 193, 110, 91, 248, 242, 79, 121, 52, 239, 24, 46, 246, 32, 239, 141, 55, 205, 213, 122, 109, 213, 94, 91, 111, 255, 221, 172, 77, 213;
 42, 180, 38, 144, 237, 253, 241, 103, 143, 125, 28, 29, 172, 188, 118, 141, 137, 34, 211, 21, 22, 120, 50, 213, 79, 27, 216, 107, 214, 12, 223, 222;
 75, 216, 109, 236, 90, 70, 169, 47, 166, 113, 146, 135, 157, 14, 52, 210, 231, 149, 251, 165, 193, 15, 51, 221, 93, 47, 251, 204, 21, 4, 35, 120;
 0, 150, 125, 73, 34, 42, 185, 59, 124, 95, 121, 246, 221, 47, 136, 105, 55, 27, 38, 164, 147, 184, 37, 85, 76, 175, 122, 196, 245, 192, 133, 241;
 91, 211, 109, 77, 54, 86, 95, 61, 105, 77, 158, 230, 217, 15, 158, 230, 54, 149, 253, 236, 223, 9, 165, 197, 126, 123, 166, 212, 62, 134, 217, 125;
 107, 50, 232, 68, 105, 116, 217, 18, 113, 207, 190, 173, 153, 63, 215, 127, 204, 149, 253, 141, 141, 70, 245, 192, 83, 121, 250, 153, 143, 228, 126, 127;
 43, 50, 233, 109, 116, 118, 217, 27, 71, 205, 92, 230, 153, 63, 215, 170, 94, 28, 151, 156, 155, 250, 247, 128, 71, 221, 186, 128, 239, 228, 118, 249;
 110, 153, 190, 208, 253, 223, 242, 228, 207, 252, 54, 9, 12, 157, 103, 182, 172, 113, 247, 80, 197, 57, 58, 244, 95, 95, 69, 243, 210, 15, 77, 127;
 11, 29, 118, 26, 223, 249, 148, 231, 221, 2, 124, 42, 174, 248, 39, 173, 171, 51, 138, 17, 118, 43, 22, 253, 50, 82, 84, 91, 119, 92, 9, 15;
 43, 48, 37, 65, 45, 223, 152, 51, 79, 233, 28, 108, 168, 60, 148, 166, 141, 52, 255, 13, 133, 184, 119, 156, 14, 94, 209, 242, 94, 140, 88, 253;
 247, 178, 254, 240, 47, 52, 153, 122, 249, 222, 180, 56, 76, 92, 158, 175, 143, 17, 253, 37, 180, 103, 163, 196, 155, 90, 91, 222, 199, 165, 103, 103;
 92, 11, 234, 167, 230, 98, 239, 113, 32, 196, 95, 163, 209, 111, 147, 2, 106, 255, 53, 239, 24, 208, 164, 8, 236, 161, 239, 129, 165, 226, 183, 240;
 77, 118, 107, 122, 98, 180, 105, 16, 120, 70, 101, 244, 89, 207, 191, 121, 55, 169, 181, 174, 131, 148, 190, 145, 70, 233, 250, 168, 63, 247, 71, 240;
 186, 182, 108, 201, 23, 127, 209, 127, 23, 127, 221, 127, 74, 29, 154, 133, 61, 154, 215, 57, 251, 62, 121, 159, 255, 79, 176, 247, 127, 142, 222, 251;
 67, 72, 177, 174, 110, 97, 207, 142, 203, 198, 24, 8, 252, 248, 209, 42, 147, 101, 124, 15, 193, 99, 174, 105, 177, 54, 239, 188, 92, 115, 3, 111;
 47, 151, 110, 155, 236, 59, 236, 253, 93, 95, 85, 247, 200, 76, 190, 41, 255, 139, 151, 255, 247, 55, 47, 245, 94, 27, 250, 197, 95, 143, 248, 213;
 149, 214, 89, 168, 62, 3, 79, 220, 20, 66, 208, 231, 117, 71, 171, 64, 118, 193, 31, 238, 235, 133, 31, 127, 240, 164, 170, 140, 60, 185, 160, 81;
 164, 107, 26, 170, 228, 141, 150, 199, 4, 34, 208, 123, 183, 153, 33, 8, 204, 155, 87, 67, 88, 55, 64, 51, 244, 133, 56, 56, 92, 89, 154, 130;
 79, 153, 154, 210, 233, 212, 63, 149, 171, 89, 15, 96, 252, 247, 105, 126, 167, 115, 191, 90, 19, 73, 186, 225, 91, 63, 127, 234, 138, 115, 169, 59;
 191, 115, 99, 165, 118, 6, 239, 80, 33, 232, 83, 238, 113, 77, 153, 148, 126, 236, 23, 239, 201, 182, 53, 140, 116, 72, 169, 128, 111, 183, 114, 249;
 103, 123, 104, 70, 124, 23, 235, 48, 73, 224, 183, 238, 113, 9, 215, 50, 14, 228, 125, 238, 193, 35, 253, 220, 62, 41, 161, 184, 13, 171, 90, 49;
 3, 185, 163, 183, 100, 236, 175, 182, 168, 201, 90, 229, 189, 253, 48, 160, 150, 123, 55, 77, 145, 184, 178, 233, 69, 124, 58, 128, 12, 106, 17, 249;
 87, 84, 170, 164, 164, 38, 158, 81, 160, 202, 154, 231, 85, 126, 51, 90, 252, 245, 125, 167, 173, 135, 128, 138, 241, 239, 235, 153, 141, 115, 187, 83;
 170, 144, 53, 186, 105, 193, 145, 232, 142, 95, 176, 177, 140, 223, 108, 143, 205, 51, 231, 67, 91, 15, 194, 241, 5, 240, 250, 251, 82, 13, 167, 243;
 55, 20, 92, 72, 75, 183, 176, 218, 141, 26, 252, 86, 28, 31, 36, 189, 239, 153, 146, 186, 147, 167, 50, 245, 19, 26, 80, 110, 123, 1, 106, 167;
 210, 185, 186, 180, 11, 196, 27, 50, 146, 202, 134, 29, 180, 255, 98, 115, 196, 119, 121, 193, 248, 79, 146, 42, 219, 163, 253, 187, 0, 96, 134, 115;
 219, 209, 127, 180, 46, 147, 88, 184, 207, 216, 150, 239, 255, 93, 51, 99, 246, 181, 255, 101, 204, 231, 23, 220, 219, 251, 235, 219, 63, 173, 117, 91;
 139, 202, 110, 28, 98, 146, 184, 98, 169, 86, 118, 183, 40, 14, 183, 159, 239, 133, 215, 165, 228, 23, 36, 221, 22, 123, 218, 135, 111, 180, 107, 221;
 217, 64, 154, 252, 45, 84, 77, 25, 209, 206, 199, 22, 206, 195, 51, 79, 208, 164, 44, 174, 77, 71, 178, 136, 211, 249, 206, 25, 26, 56, 184, 70;
 222, 162, 229, 247, 138, 96, 9, 184, 22, 183, 135, 179, 193, 103, 201, 75, 87, 215, 233, 250, 58, 68, 235, 99, 205, 163, 255, 221, 166, 241, 37, 98;
 74, 104, 82, 159, 71, 248, 120, 198, 237, 86, 100, 135, 173, 131, 103, 220, 34, 107, 130, 206, 70, 20, 150, 225, 23, 245, 90, 11, 38, 85, 111, 222;
 203, 157, 16, 204, 107, 208, 184, 47, 40, 72, 222, 168, 60, 151, 144, 244, 102, 183, 255, 129, 65, 11, 131, 223, 22, 113, 170, 139, 30, 4, 43, 29;
 32, 0, 253, 125, 60, 75, 152, 34, 216, 166, 176, 141, 247, 104, 21, 11, 154, 53, 85, 33, 36, 224, 84, 12, 196, 235, 121, 17, 221, 40, 95, 138;
 11, 119, 106, 202, 118, 243, 186, 214, 125, 77, 92, 167, 104, 204, 191, 36, 126, 187, 151, 253, 167, 178, 36, 255, 54, 29, 170, 131, 255, 215, 127, 221;
 95, 16, 110, 224, 44, 132, 88, 24, 165, 220, 183, 135, 223, 205, 123, 72, 254, 177, 191, 255, 140, 39, 83, 212, 219, 217, 171, 220, 63, 143, 120, 83;
 38, 135, 115, 218, 253, 185, 251, 104, 205, 21, 125, 56, 172, 233, 188, 165, 158, 42, 147, 40, 146, 42, 42, 247, 14, 92, 2, 106, 150, 143, 213, 165;
 151, 218, 109, 65, 58, 27, 203, 184, 111, 108, 54, 230, 89, 76, 158, 36, 54, 4, 92, 238, 163, 164, 109, 95, 78, 10, 161, 212, 127, 161, 69, 117;
 2, 11, 170, 156, 199, 148, 188, 71, 159, 85, 64, 151, 44, 174, 119, 140, 236, 43, 147, 133, 150, 27, 50, 225, 23, 52, 218, 171, 213, 84, 191, 222;
 66, 120, 179, 212, 101, 101, 184, 82, 185, 203, 16, 123, 188, 189, 100, 47, 166, 125, 223, 1, 129, 111, 146, 193, 19, 88, 90, 170, 74, 44, 39, 187;
 63, 211, 106, 40, 183, 211, 154, 216, 7, 85, 221, 167, 73, 76, 190, 164, 254, 153, 151, 247, 158, 163, 45, 213, 58, 77, 175, 199, 247, 159, 252, 215;
 235, 24, 126, 244, 109, 137, 249, 49, 205, 162, 50, 187, 255, 29, 54, 43, 174, 181, 119, 1, 228, 124, 82, 220, 86, 219, 89, 178, 79, 172, 81, 143;
 78, 114, 254, 240, 47, 54, 152, 74, 203, 191, 181, 58, 204, 30, 223, 47, 175, 149, 253, 177, 132, 103, 162, 192, 211, 123, 123, 223, 199, 37, 111, 7;
 67, 182, 152, 158, 108, 173, 112, 26, 223, 31, 117, 93, 174, 202, 78, 26, 135, 11, 78, 14, 214, 46, 242, 243, 134, 252, 18, 58, 16, 201, 9, 79;
 42, 217, 58, 226, 125, 221, 179, 96, 143, 236, 52, 43, 60, 156, 103, 160, 174, 49, 183, 81, 198, 59, 178, 180, 95, 217, 41, 235, 80, 14, 77, 219;
 3, 177, 122, 192, 246, 155, 248, 123, 111, 113, 61, 170, 29, 187, 254, 112, 247, 153, 151, 177, 151, 27, 60, 213, 62, 93, 139, 231, 159, 134, 235, 151;
 194, 50, 8, 183, 24, 166, 10, 49, 22, 227, 131, 223, 245, 102, 90, 64, 212, 167, 121, 133, 233, 212, 213, 46, 228, 166, 187, 144, 12, 6, 153, 88;
 194, 148, 179, 173, 87, 100, 185, 79, 59, 119, 66, 19, 12, 191, 38, 199, 231, 31, 187, 133, 178, 93, 179, 209, 23, 120, 218, 38, 147, 4, 165, 255;
 2, 185, 234, 152, 243, 241, 184, 71, 159, 85, 92, 183, 44, 158, 54, 232, 238, 59, 147, 145, 151, 184, 54, 241, 47, 21, 158, 203, 215, 68, 173, 223;
 11, 48, 174, 225, 13, 212, 216, 82, 165, 221, 150, 23, 152, 157, 86, 47, 204, 145, 217, 149, 143, 235, 243, 192, 195, 89, 154, 211, 199, 4, 62, 222;
 7, 246, 228, 155, 126, 179, 186, 216, 31, 87, 85, 247, 73, 76, 222, 173, 127, 9, 151, 183, 167, 246, 109, 241, 14, 94, 155, 238, 255, 133, 59, 213;
 57, 139, 232, 237, 100, 203, 249, 113, 14, 120, 244, 171, 185, 143, 246, 96, 238, 189, 55, 205, 133, 186, 100, 145, 78, 201, 235, 241, 85, 168, 77, 217;
 185, 114, 105, 237, 46, 3, 137, 88, 64, 236, 148, 238, 149, 13, 147, 32, 30, 29, 93, 239, 129, 38, 244, 8, 212, 137, 170, 188, 77, 171, 19, 241;
 7, 159, 98, 74, 114, 178, 170, 230, 95, 72, 88, 230, 40, 234, 181, 228, 126, 43, 147, 213, 135, 154, 12, 255, 62, 28, 143, 194, 159, 134, 121, 157;
 214, 177, 233, 161, 154, 232, 59, 136, 162, 245, 139, 163, 213, 151, 73, 66, 34, 213, 121, 209, 26, 1, 173, 66, 221, 164, 139, 125, 164, 131, 53, 114;
 41, 155, 53, 187, 172, 213, 153, 57, 204, 94, 214, 230, 252, 76, 178, 233, 199, 19, 191, 85, 215, 12, 103, 181, 204, 123, 250, 216, 22, 142, 149, 113;
 27, 217, 3, 251, 87, 215, 186, 117, 151, 193, 95, 66, 237, 223, 48, 228, 126, 187, 147, 149, 183, 154, 24, 239, 175, 255, 142, 194, 191, 14, 185, 158;
 69, 137, 154, 246, 245, 228, 103, 132, 187, 25, 15, 16, 220, 243, 77, 250, 225, 110, 60, 94, 23, 88, 154, 224, 175, 253, 214, 72, 130, 83, 232, 42;
 131, 104, 42, 177, 198, 237, 185, 198, 62, 253, 84, 27, 148, 156, 83, 9, 163, 43, 51, 149, 182, 92, 134, 80, 77, 9, 255, 237, 133, 0, 27, 203;
 25, 113, 104, 173, 38, 22, 217, 80, 96, 204, 84, 167, 157, 13, 147, 34, 46, 189, 213, 237, 205, 160, 244, 200, 214, 233, 170, 136, 111, 166, 51, 113;
 221, 121, 107, 70, 70, 20, 239, 249, 97, 192, 94, 238, 113, 93, 159, 36, 62, 204, 21, 238, 201, 178, 189, 104, 118, 41, 165, 128, 111, 179, 114, 121;
 79, 169, 128, 161, 253, 148, 169, 137, 138, 189, 28, 6, 140, 195, 227, 198, 226, 109, 191, 221, 18, 90, 154, 209, 174, 209, 175, 239, 142, 38, 169, 159;
 221, 89, 105, 109, 38, 82, 207, 57, 96, 192, 253, 162, 123, 77, 147, 112, 62, 212, 85, 239, 201, 34, 165, 201, 114, 233, 175, 140, 103, 179, 119, 113;
 37, 216, 241, 77, 123, 127, 160, 218, 95, 120, 112, 104, 26, 18, 197, 188, 141, 92, 118, 120, 131, 62, 113, 113, 61, 152, 33, 46, 91, 57, 75, 181;
 186, 121, 103, 148, 75, 215, 189, 97, 169, 204, 148, 175, 12, 223, 54, 7, 174, 177, 211, 227, 240, 207, 50, 237, 115, 18, 203, 139, 39, 36, 167, 247;
 119, 123, 106, 6, 86, 18, 203, 120, 67, 236, 189, 239, 97, 200, 255, 96, 126, 205, 132, 247, 205, 51, 172, 204, 58, 13, 165, 173, 109, 171, 122, 221;
 131, 66, 99, 77, 70, 22, 233, 120, 121, 98, 86, 198, 25, 140, 151, 109, 126, 141, 55, 237, 197, 254, 164, 201, 20, 40, 250, 132, 109, 164, 115, 253;
 130, 211, 110, 159, 230, 51, 189, 253, 31, 87, 223, 183, 200, 239, 190, 77, 94, 27, 187, 231, 210, 146, 95, 213, 102, 58, 218, 199, 159, 220, 189, 244;
 14, 167, 98, 162, 181, 155, 235, 217, 15, 229, 29, 175, 205, 200, 250, 4, 63, 41, 151, 189, 210, 169, 12, 222, 232, 20, 143, 245, 223, 142, 159, 212;
 126, 129, 117, 235, 54, 90, 90, 152, 43, 17, 191, 226, 91, 95, 156, 244, 255, 149, 253, 250, 154, 129, 73, 213, 218, 249, 163, 213, 55, 135, 104, 3;
 14, 106, 242, 222, 99, 240, 186, 66, 169, 134, 124, 132, 172, 234, 231, 158, 166, 121, 151, 10, 0, 6, 178, 234, 6, 221, 90, 139, 198, 245, 47, 173;
 59, 90, 226, 165, 37, 127, 241, 86, 117, 238, 254, 47, 43, 28, 119, 172, 232, 236, 151, 65, 140, 190, 53, 168, 147, 221, 208, 179, 231, 253, 126, 255;
 201, 80, 156, 252, 45, 81, 21, 41, 205, 206, 215, 50, 238, 242, 163, 239, 210, 36, 238, 34, 77, 37, 99, 136, 194, 251, 99, 27, 18, 56, 125, 103;
 254, 88, 170, 188, 71, 84, 184, 98, 185, 86, 212, 19, 8, 190, 54, 239, 237, 253, 177, 133, 172, 247, 178, 194, 83, 123, 218, 207, 39, 37, 127, 215;
 215, 10, 125, 253, 42, 58, 29, 18, 157, 254, 86, 179, 223, 62, 183, 111, 102, 117, 61, 111, 160, 21, 101, 154, 214, 235, 123, 150, 180, 253, 5, 117;
 17, 71, 107, 207, 54, 130, 239, 125, 68, 64, 95, 198, 113, 195, 185, 96, 126, 172, 22, 236, 193, 184, 53, 95, 100, 44, 170, 132, 61, 138, 113, 232;
 19, 62, 98, 138, 114, 163, 186, 98, 156, 1, 89, 231, 41, 206, 180, 192, 126, 185, 151, 135, 150, 154, 4, 255, 20, 44, 170, 200, 61, 135, 57, 149;
 31, 19, 105, 75, 54, 22, 203, 24, 101, 72, 85, 230, 219, 77, 154, 36, 62, 152, 29, 239, 143, 32, 109, 213, 194, 93, 170, 196, 127, 167, 49, 245;
 159, 89, 119, 68, 35, 215, 158, 112, 173, 76, 246, 239, 78, 157, 54, 165, 174, 177, 255, 231, 221, 169, 48, 236, 51, 121, 72, 147, 103, 63, 37, 119;
 44, 44, 129, 185, 124, 232, 203, 67, 66, 133, 120, 10, 178, 168, 81, 10, 201, 106, 2, 29, 26, 114, 192, 160, 68, 156, 184, 56, 197, 217, 82, 128;
 108, 87, 218, 76, 215, 116, 103, 223, 99, 13, 108, 68, 72, 243, 239, 220, 114, 206, 162, 184, 19, 50, 178, 192, 55, 253, 6, 78, 251, 243, 234, 177;
 162, 28, 227, 223, 149, 211, 174, 103, 31, 198, 80, 178, 161, 204, 180, 228, 123, 186, 147, 129, 255, 188, 117, 255, 36, 86, 158, 131, 31, 76, 244, 252;
 44, 169, 160, 251, 29, 133, 211, 200, 131, 189, 169, 11, 162, 249, 73, 2, 201, 123, 83, 209, 10, 42, 218, 177, 201, 212, 159, 59, 209, 74, 82, 138;
 131, 210, 111, 179, 38, 137, 184, 53, 188, 72, 82, 231, 180, 220, 180, 41, 238, 57, 63, 149, 195, 252, 70, 221, 132, 18, 250, 130, 77, 8, 17, 25;
 250, 146, 116, 233, 117, 94, 89, 25, 123, 61, 180, 56, 142, 31, 30, 117, 230, 157, 221, 184, 170, 15, 241, 213, 215, 249, 146, 247, 22, 132, 70, 107;
 47, 89, 226, 136, 239, 52, 254, 218, 75, 74, 220, 167, 9, 236, 247, 236, 127, 217, 183, 143, 133, 51, 182, 208, 83, 125, 235, 175, 191, 245, 251, 213;
 146, 145, 23, 190, 163, 216, 52, 103, 189, 91, 99, 112, 108, 246, 44, 245, 167, 51, 174, 128, 117, 137, 26, 215, 185, 242, 94, 203, 26, 4, 175, 31;
 43, 41, 67, 185, 245, 243, 170, 67, 30, 200, 88, 199, 168, 156, 117, 160, 220, 43, 147, 213, 135, 184, 86, 223, 44, 93, 171, 170, 223, 14, 121, 156;
 102, 158, 17, 184, 43, 241, 144, 138, 143, 83, 176, 248, 140, 254, 228, 174, 207, 17, 255, 1, 19, 47, 210, 211, 5, 212, 90, 255, 94, 77, 15, 183;
 83, 191, 154, 180, 27, 180, 144, 35, 138, 200, 138, 109, 172, 250, 98, 194, 196, 55, 249, 129, 157, 75, 146, 202, 154, 117, 159, 155, 8, 100, 41, 31;
 191, 158, 66, 40, 232, 83, 79, 248, 181, 70, 117, 181, 75, 198, 174, 149, 127, 137, 134, 230, 255, 6, 44, 159, 32, 208, 33, 172, 127, 165, 234, 212;
 27, 151, 61, 169, 176, 6, 93, 63, 46, 125, 92, 229, 189, 63, 178, 96, 167, 19, 157, 141, 215, 24, 49, 149, 231, 253, 58, 196, 30, 196, 129, 91;
 43, 12, 243, 244, 117, 253, 249, 67, 155, 234, 188, 11, 190, 189, 119, 56, 191, 185, 215, 13, 129, 171, 32, 218, 215, 221, 19, 187, 215, 236, 83, 223;
 34, 176, 175, 208, 221, 253, 176, 71, 139, 93, 28, 31, 140, 156, 118, 14, 137, 19, 243, 17, 150, 59, 50, 211, 15, 28, 154, 251, 198, 12, 215, 247;
 126, 90, 241, 65, 97, 84, 95, 208, 41, 79, 244, 165, 9, 7, 207, 254, 222, 221, 221, 206, 201, 151, 241, 192, 215, 253, 160, 158, 162, 245, 38, 245;
 90, 151, 106, 174, 207, 80, 190, 103, 233, 4, 222, 131, 45, 252, 54, 134, 234, 255, 147, 195, 212, 171, 182, 233, 119, 117, 142, 139, 39, 102, 255, 206;
 67, 91, 227, 132, 230, 48, 190, 87, 41, 77, 90, 239, 44, 174, 247, 252, 174, 255, 151, 197, 149, 154, 164, 226, 54, 60, 190, 162, 239, 246, 167, 221;
 154, 149, 103, 155, 214, 227, 169, 103, 156, 69, 95, 179, 124, 254, 190, 229, 122, 187, 151, 181, 179, 217, 37, 223, 124, 3, 174, 193, 149, 76, 181, 242;
 29, 12, 93, 161, 31, 235, 91, 6, 132, 244, 138, 131, 215, 39, 35, 65, 66, 165, 91, 53, 40, 137, 81, 156, 249, 193, 11, 85, 180, 218, 5, 72;
 28, 108, 147, 161, 22, 239, 171, 198, 30, 225, 10, 131, 149, 133, 97, 8, 59, 249, 11, 156, 3, 157, 16, 126, 253, 134, 31, 116, 185, 25, 1, 242;
 82, 153, 157, 172, 11, 64, 153, 138, 138, 177, 140, 162, 156, 183, 97, 98, 71, 85, 249, 209, 19, 75, 211, 80, 217, 165, 239, 191, 156, 34, 37, 59;
 26, 179, 177, 224, 247, 213, 185, 87, 43, 237, 156, 239, 141, 31, 214, 172, 175, 155, 213, 149, 159, 58, 180, 208, 219, 93, 186, 231, 167, 132, 167, 247;
 34, 48, 170, 145, 253, 244, 184, 7, 171, 221, 20, 21, 172, 158, 86, 42, 201, 59, 247, 149, 150, 72, 242, 192, 79, 93, 158, 235, 130, 4, 223, 223;
 43, 154, 108, 193, 109, 159, 248, 51, 207, 249, 60, 110, 152, 60, 214, 166, 207, 37, 246, 157, 149, 56, 101, 220, 14, 31, 175, 246, 223, 44, 89, 221;
 43, 141, 104, 213, 215, 211, 253, 119, 29, 227, 124, 159, 57, 47, 182, 164, 47, 171, 151, 141, 229, 190, 116, 223, 118, 95, 159, 161, 127, 204, 216, 253;
 19, 113, 107, 198, 118, 66, 239, 117, 104, 224, 22, 238, 113, 29, 219, 32, 62, 205, 21, 239, 201, 178, 173, 76, 252, 9, 175, 160, 45, 178, 51, 249;
 23, 204, 254, 89, 174, 118, 190, 226, 236, 94, 30, 2, 204, 120, 183, 107, 163, 67, 60, 239, 149, 225, 47, 97, 3, 123, 127, 199, 221, 113, 249, 197;
 14, 19, 164, 155, 191, 81, 184, 73, 207, 93, 149, 247, 204, 204, 254, 206, 222, 1, 239, 149, 150, 97, 79, 208, 14, 83, 58, 223, 223, 12, 61, 87;
 92, 49, 216, 101, 195, 60, 116, 93, 35, 177, 110, 8, 95, 51, 73, 222, 54, 223, 245, 120, 24, 184, 211, 0, 223, 253, 69, 5, 234, 242, 234, 147;
 19, 123, 106, 158, 82, 144, 62, 84, 165, 196, 221, 231, 41, 206, 183, 84, 110, 233, 151, 214, 198, 131, 38, 232, 50, 44, 142, 139, 63, 151, 59, 221;
 11, 148, 124, 185, 187, 247, 153, 63, 31, 119, 29, 183, 220, 60, 182, 36, 135, 19, 159, 37, 181, 8, 61, 223, 46, 95, 27, 246, 158, 76, 153, 87;
 45, 131, 105, 73, 246, 219, 235, 209, 103, 101, 127, 130, 89, 13, 190, 96, 127, 136, 23, 236, 150, 176, 45, 213, 94, 13, 163, 196, 247, 130, 244, 240;
 235, 161, 238, 148, 197, 150, 185, 97, 185, 213, 151, 151, 72, 238, 126, 143, 174, 173, 179, 189, 244, 219, 184, 196, 95, 123, 223, 205, 7, 36, 191, 214;
 59, 153, 249, 197, 119, 93, 250, 240, 3, 244, 252, 142, 41, 159, 246, 246, 126, 253, 183, 204, 221, 186, 244, 177, 31, 253, 161, 231, 127, 175, 74, 253;
 11, 236, 59, 236, 87, 221, 248, 230, 173, 64, 74, 3, 60, 156, 52, 160, 234, 59, 147, 193, 70, 185, 50, 229, 119, 125, 10, 67, 71, 28, 61, 206;
 98, 0, 242, 245, 100, 41, 249, 2, 233, 11, 50, 59, 172, 185, 84, 10, 174, 49, 119, 1, 128, 164, 194, 192, 68, 250, 90, 186, 196, 232, 81, 139;
 63, 147, 235, 204, 230, 16, 255, 219, 3, 76, 252, 231, 57, 237, 247, 100, 126, 153, 183, 237, 197, 50, 166, 192, 118, 109, 175, 172, 247, 254, 124, 253;
 23, 139, 254, 211, 214, 151, 44, 197, 207, 205, 86, 198, 104, 238, 183, 100, 247, 177, 138, 148, 213, 153, 61, 218, 62, 14, 23, 198, 189, 42, 169, 29;
 74, 19, 250, 231, 182, 56, 188, 149, 58, 233, 31, 247, 221, 191, 238, 106, 247, 119, 191, 21, 149, 209, 141, 194, 126, 125, 62, 199, 174, 254, 137, 83;
 8, 127, 53, 226, 124, 227, 81, 222, 71, 189, 26, 104, 39, 245, 225, 0, 201, 18, 134, 16, 10, 57, 43, 189, 43, 213, 165, 163, 182, 202, 116, 107;
 52, 48, 201, 239, 77, 109, 196, 76, 66, 99, 177, 30, 147, 89, 93, 14, 217, 206, 3, 3, 11, 54, 216, 131, 5, 236, 153, 60, 125, 122, 90, 178;
 62, 211, 108, 168, 191, 83, 218, 216, 7, 244, 213, 167, 75, 76, 191, 32, 126, 153, 151, 245, 222, 163, 109, 156, 250, 205, 175, 215, 247, 174, 124, 215;
 26, 251, 99, 142, 91, 208, 190, 229, 133, 68, 216, 231, 41, 206, 54, 192, 126, 251, 147, 199, 198, 139, 38, 253, 50, 101, 142, 139, 55, 150, 167, 220;
 9, 57, 152, 185, 234, 165, 176, 74, 78, 81, 72, 117, 188, 186, 102, 73, 198, 27, 18, 17, 151, 74, 210, 65, 68, 136, 58, 106, 152, 73, 9, 147;
 180, 181, 57, 170, 155, 77, 19, 121, 14, 125, 141, 61, 214, 85, 106, 17, 220, 155, 207, 55, 123, 43, 88, 21, 249, 193, 33, 126, 120, 14, 134, 211;
 123, 16, 104, 224, 45, 7, 89, 24, 133, 204, 149, 15, 159, 15, 243, 92, 206, 177, 95, 253, 136, 39, 80, 192, 211, 217, 171, 189, 62, 174, 120, 83;
 79, 155, 121, 235, 238, 249, 91, 56, 79, 96, 93, 206, 157, 13, 243, 108, 70, 147, 63, 95, 147, 24, 127, 215, 222, 95, 186, 252, 62, 143, 25, 121;
 218, 83, 120, 172, 46, 5, 92, 29, 77, 200, 151, 239, 223, 29, 83, 72, 110, 181, 255, 231, 204, 35, 215, 216, 211, 249, 171, 154, 63, 156, 120, 91;
 106, 144, 241, 140, 99, 88, 148, 77, 25, 71, 117, 191, 14, 60, 14, 158, 190, 25, 215, 1, 150, 39, 242, 193, 23, 119, 88, 191, 214, 13, 151, 215;
 205, 100, 169, 150, 173, 84, 135, 140, 210, 251, 134, 56, 240, 244, 217, 238, 81, 86, 120, 91, 233, 68, 239, 162, 237, 39, 255, 189, 130, 121, 212, 108;
 23, 14, 67, 136, 86, 163, 170, 114, 132, 64, 88, 199, 9, 202, 180, 196, 126, 169, 23, 205, 149, 155, 4, 255, 48, 44, 170, 192, 61, 143, 57, 149;
 66, 185, 186, 176, 215, 204, 177, 71, 171, 73, 28, 43, 172, 156, 70, 0, 165, 59, 215, 17, 150, 41, 178, 193, 95, 28, 158, 235, 136, 4, 247, 223;
 138, 18, 124, 121, 41, 116, 216, 18, 205, 90, 182, 177, 156, 31, 150, 123, 198, 17, 255, 132, 133, 37, 99, 212, 71, 251, 114, 211, 86, 132, 77, 119;
 139, 51, 106, 231, 102, 18, 249, 80, 97, 196, 87, 166, 157, 13, 147, 160, 62, 189, 151, 237, 197, 176, 164, 204, 86, 105, 170, 128, 103, 134, 55, 249;
 23, 75, 107, 195, 86, 18, 111, 216, 69, 104, 95, 230, 81, 12, 179, 96, 126, 204, 23, 239, 205, 176, 45, 172, 114, 73, 163, 132, 61, 187, 112, 245;
 121, 93, 105, 77, 118, 82, 111, 244, 97, 224, 126, 226, 57, 29, 151, 112, 126, 228, 21, 239, 201, 186, 53, 109, 118, 41, 162, 128, 111, 178, 114, 248;
 101, 9, 249, 76, 70, 84, 167, 200, 122, 69, 224, 136, 51, 236, 127, 120, 88, 72, 34, 78, 22, 43, 190, 49, 83, 44, 6, 45, 209, 123, 102, 204;
 186, 216, 103, 220, 75, 196, 189, 98, 173, 70, 212, 143, 40, 159, 54, 5, 236, 177, 243, 193, 224, 135, 50, 204, 83, 50, 218, 139, 7, 36, 55, 254;
 138, 126, 227, 221, 112, 138, 173, 23, 60, 75, 82, 245, 188, 143, 180, 64, 246, 63, 23, 149, 227, 156, 164, 99, 36, 36, 186, 128, 4, 144, 151, 249;
 103, 135, 236, 12, 248, 114, 78, 175, 131, 252, 156, 174, 80, 38, 151, 119, 93, 198, 252, 237, 237, 75, 109, 220, 58, 43, 239, 149, 157, 246, 254, 92;
 19, 96, 107, 141, 70, 6, 233, 80, 96, 192, 83, 198, 17, 140, 183, 104, 126, 173, 51, 239, 197, 182, 180, 200, 20, 40, 186, 132, 45, 162, 115, 252;
 252, 19, 124, 225, 116, 30, 89, 16, 97, 60, 183, 110, 27, 27, 212, 113, 110, 157, 149, 120, 152, 178, 97, 156, 215, 217, 161, 245, 47, 140, 118, 51;
 34, 153, 171, 152, 217, 229, 184, 71, 143, 93, 216, 135, 172, 190, 54, 0, 204, 179, 147, 129, 150, 11, 82, 241, 23, 52, 154, 235, 157, 76, 181, 223;
 9, 48, 189, 225, 53, 223, 217, 18, 79, 249, 150, 80, 159, 31, 18, 43, 142, 21, 93, 29, 141, 253, 113, 136, 203, 219, 250, 144, 134, 140, 85, 115;
 2, 185, 158, 53, 162, 234, 180, 103, 172, 219, 122, 225, 188, 62, 128, 42, 174, 51, 206, 1, 85, 184, 6, 64, 134, 22, 126, 131, 76, 64, 135, 159;
 179, 218, 111, 63, 102, 11, 174, 244, 20, 74, 80, 231, 247, 76, 185, 165, 62, 233, 23, 103, 229, 244, 76, 173, 164, 98, 120, 128, 125, 191, 19, 253;
 82, 153, 237, 151, 132, 68, 109, 33, 57, 254, 147, 227, 48, 63, 84, 107, 225, 159, 61, 133, 89, 219, 161, 193, 155, 50, 222, 194, 36, 36, 180, 119;
 122, 159, 106, 190, 95, 208, 186, 224, 169, 69, 221, 135, 109, 238, 62, 71, 238, 247, 147, 227, 244, 139, 188, 239, 119, 113, 138, 203, 39, 7, 127, 222;
 57, 225, 107, 229, 118, 66, 239, 113, 96, 224, 95, 166, 113, 23, 154, 32, 62, 140, 23, 239, 201, 178, 37, 79, 116, 13, 171, 128, 45, 178, 115, 241;
 91, 147, 106, 64, 118, 18, 249, 57, 96, 100, 223, 166, 25, 15, 182, 112, 118, 157, 151, 173, 209, 155, 37, 221, 114, 109, 170, 196, 63, 134, 112, 113;
 202, 216, 116, 219, 45, 213, 220, 175, 221, 95, 151, 23, 232, 78, 54, 207, 193, 129, 175, 131, 238, 77, 123, 247, 167, 122, 214, 91, 30, 12, 252, 87;
 10, 217, 99, 155, 211, 209, 187, 199, 30, 69, 88, 163, 44, 142, 54, 100, 255, 59, 147, 209, 214, 152, 54, 247, 47, 84, 158, 195, 21, 12, 181, 254;
 61, 192, 242, 195, 87, 29, 240, 204, 95, 49, 244, 10, 11, 24, 63, 60, 248, 152, 134, 209, 142, 183, 45, 241, 87, 205, 144, 103, 247, 31, 90, 142;
 126, 139, 85, 225, 54, 138, 90, 152, 47, 48, 178, 194, 75, 11, 213, 212, 110, 149, 125, 250, 142, 33, 73, 220, 154, 248, 131, 212, 55, 163, 120, 1;
 138, 140, 163, 223, 244, 211, 174, 231, 95, 67, 91, 179, 169, 236, 180, 228, 219, 122, 147, 133, 247, 188, 126, 255, 38, 118, 158, 193, 151, 222, 253, 252;
 137, 120, 216, 73, 115, 159, 176, 214, 126, 168, 116, 76, 154, 18, 135, 188, 175, 61, 194, 72, 165, 190, 49, 90, 46, 221, 52, 102, 75, 176, 75, 157;
 54, 96, 241, 203, 87, 29, 248, 204, 107, 49, 53, 10, 111, 75, 93, 188, 59, 137, 135, 220, 2, 54, 25, 241, 23, 220, 22, 39, 247, 154, 75, 172;
 11, 50, 151, 212, 109, 45, 184, 66, 170, 155, 80, 120, 188, 154, 100, 170, 166, 57, 215, 17, 131, 79, 130, 192, 5, 28, 58, 170, 140, 8, 43, 171;
 106, 24, 162, 148, 69, 244, 184, 66, 187, 215, 194, 19, 140, 190, 119, 202, 233, 189, 179, 129, 6, 255, 178, 192, 19, 119, 218, 11, 135, 101, 63, 222;
 10, 124, 247, 246, 111, 232, 191, 66, 201, 198, 56, 171, 172, 189, 53, 142, 175, 243, 215, 3, 197, 107, 178, 232, 23, 94, 94, 171, 199, 127, 7, 255;
 83, 149, 47, 225, 133, 102, 237, 231, 172, 27, 218, 18, 28, 62, 56, 97, 225, 151, 63, 173, 81, 153, 49, 215, 249, 175, 254, 196, 0, 72, 241, 34;
 165, 249, 14, 227, 221, 199, 247, 243, 198, 56, 156, 2, 176, 153, 112, 32, 137, 3, 83, 219, 91, 59, 26, 181, 233, 157, 159, 102, 73, 11, 251, 170;
 90, 210, 194, 158, 71, 84, 244, 220, 41, 94, 244, 55, 40, 158, 46, 220, 251, 137, 143, 134, 198, 39, 186, 243, 23, 125, 218, 175, 51, 22, 111, 223;
 23, 207, 67, 11, 210, 134, 238, 245, 52, 192, 91, 198, 81, 194, 187, 228, 126, 236, 18, 238, 197, 146, 28, 78, 52, 44, 175, 196, 111, 190, 240, 148;
 125, 17, 241, 236, 239, 88, 85, 57, 201, 220, 92, 46, 95, 247, 163, 127, 210, 172, 180, 106, 221, 34, 242, 137, 215, 249, 97, 43, 54, 172, 116, 115;
 216, 110, 238, 181, 134, 170, 237, 39, 190, 182, 6, 151, 183, 41, 83, 11, 35, 102, 105, 31, 96, 252, 149, 40, 236, 3, 255, 1, 173, 252, 149, 90;
 7, 162, 228, 129, 110, 51, 185, 200, 15, 253, 144, 231, 137, 12, 223, 46, 255, 201, 151, 245, 134, 242, 109, 208, 14, 90, 235, 230, 213, 173, 53, 213;
 34, 8, 251, 228, 116, 175, 248, 82, 43, 9, 184, 75, 190, 61, 20, 56, 174, 187, 23, 1, 152, 170, 64, 200, 215, 220, 26, 179, 197, 200, 87, 171;
 130, 171, 226, 152, 211, 145, 184, 199, 158, 21, 80, 179, 44, 206, 118, 192, 235, 43, 147, 213, 86, 30, 6, 243, 30, 20, 158, 235, 21, 4, 189, 206;
 26, 50, 114, 160, 39, 219, 176, 64, 143, 45, 212, 163, 12, 156, 102, 132, 174, 185, 151, 129, 6, 177, 34, 208, 147, 81, 10, 243, 119, 12, 45, 215;
 10, 16, 55, 185, 61, 223, 185, 67, 141, 109, 82, 53, 174, 30, 38, 207, 166, 49, 223, 17, 162, 157, 48, 221, 129, 247, 90, 211, 154, 12, 5, 255;
 91, 16, 58, 224, 125, 212, 89, 89, 163, 89, 182, 11, 159, 223, 118, 118, 236, 145, 255, 157, 143, 35, 178, 208, 219, 249, 139, 239, 27, 140, 104, 87;
 55, 123, 107, 36, 86, 194, 207, 112, 64, 228, 253, 239, 113, 204, 183, 32, 126, 236, 21, 231, 205, 179, 172, 140, 112, 13, 171, 168, 109, 175, 118, 245;
 19, 209, 234, 218, 118, 147, 187, 220, 94, 69, 93, 167, 121, 236, 190, 32, 126, 153, 151, 231, 199, 178, 62, 253, 114, 79, 174, 137, 221, 158, 253, 221;
 90, 185, 152, 228, 123, 66, 17, 107, 11, 168, 140, 106, 12, 215, 193, 246, 51, 221, 221, 176, 74, 75, 138, 220, 154, 197, 175, 255, 38, 32, 47, 35;
 207, 240, 1, 183, 16, 36, 75, 16, 48, 99, 195, 213, 245, 71, 26, 202, 84, 197, 121, 239, 185, 212, 209, 175, 197, 182, 203, 144, 8, 183, 144, 80;
 225, 111, 40, 183, 188, 173, 206, 21, 90, 226, 147, 221, 179, 137, 83, 1, 140, 110, 121, 79, 238, 124, 217, 183, 228, 57, 152, 48, 76, 95, 216, 90;
 7, 219, 10, 155, 244, 149, 168, 213, 94, 73, 84, 246, 156, 198, 246, 228, 127, 43, 146, 149, 151, 152, 44, 214, 44, 20, 174, 236, 156, 158, 185, 213;
 17, 9, 108, 57, 133, 221, 237, 161, 197, 86, 102, 7, 171, 72, 55, 47, 104, 162, 18, 239, 204, 52, 62, 221, 103, 90, 198, 5, 119, 254, 212, 222;
 60, 65, 106, 225, 118, 90, 122, 80, 97, 168, 246, 162, 27, 27, 245, 112, 122, 157, 149, 248, 72, 178, 37, 156, 218, 201, 161, 197, 39, 170, 126, 131;
 211, 171, 26, 146, 119, 144, 56, 97, 139, 244, 85, 167, 173, 218, 226, 69, 98, 45, 151, 212, 70, 90, 174, 253, 254, 209, 143, 235, 46, 6, 57, 207;
 74, 171, 129, 231, 57, 197, 27, 16, 134, 237, 3, 129, 173, 135, 64, 70, 196, 61, 173, 208, 26, 152, 235, 160, 205, 212, 155, 241, 2, 143, 20, 122;
 174, 160, 110, 144, 109, 208, 185, 97, 169, 213, 87, 147, 12, 222, 126, 11, 234, 45, 179, 149, 84, 223, 178, 196, 95, 121, 203, 207, 5, 36, 191, 214;
 52, 99, 250, 69, 244, 29, 118, 93, 99, 173, 254, 76, 67, 201, 77, 16, 60, 204, 100, 124, 216, 187, 209, 0, 123, 221, 37, 125, 233, 186, 226, 131;
 25, 197, 107, 207, 22, 6, 239, 125, 68, 68, 95, 6, 113, 67, 184, 96, 120, 172, 18, 238, 201, 177, 53, 31, 113, 173, 162, 0, 61, 138, 240, 248;
 107, 208, 62, 233, 109, 158, 248, 23, 207, 93, 254, 21, 140, 159, 54, 118, 204, 61, 191, 17, 215, 139, 243, 209, 199, 249, 154, 211, 26, 12, 249, 223;
 206, 155, 228, 137, 127, 16, 185, 232, 31, 85, 212, 167, 141, 174, 246, 199, 239, 157, 191, 229, 218, 91, 255, 209, 158, 113, 235, 238, 29, 44, 53, 245;
 130, 170, 58, 153, 215, 225, 177, 71, 222, 85, 80, 179, 172, 156, 102, 8, 175, 59, 131, 17, 22, 60, 34, 243, 77, 20, 26, 107, 85, 12, 181, 203;
 222, 121, 134, 172, 161, 210, 92, 7, 163, 220, 138, 109, 79, 215, 99, 211, 224, 239, 189, 245, 72, 75, 130, 152, 184, 225, 239, 175, 170, 116, 186, 91;
 170, 149, 110, 222, 111, 145, 188, 103, 141, 125, 92, 187, 232, 188, 190, 35, 206, 83, 179, 229, 244, 57, 38, 253, 119, 123, 218, 147, 87, 12, 157, 223;
 130, 146, 182, 156, 75, 244, 177, 103, 189, 23, 66, 147, 172, 190, 38, 73, 231, 59, 179, 129, 54, 205, 50, 215, 15, 118, 90, 75, 144, 68, 165, 222;
 202, 133, 180, 253, 175, 64, 189, 47, 158, 30, 20, 50, 189, 191, 48, 67, 226, 115, 191, 193, 98, 13, 130, 219, 229, 243, 126, 139, 22, 112, 165, 171;
 76, 244, 185, 213, 174, 88, 22, 158, 82, 243, 142, 40, 215, 244, 217, 110, 19, 92, 248, 75, 201, 100, 255, 160, 239, 231, 85, 63, 142, 250, 221, 54;
 14, 168, 34, 176, 199, 240, 184, 67, 170, 223, 89, 19, 12, 158, 118, 9, 233, 45, 179, 147, 84, 222, 130, 192, 87, 113, 218, 239, 5, 7, 183, 194;
 138, 40, 170, 176, 77, 244, 184, 66, 171, 221, 210, 19, 140, 158, 119, 138, 233, 59, 179, 145, 22, 207, 178, 194, 91, 119, 154, 203, 130, 4, 63, 202;
 180, 149, 61, 161, 186, 111, 19, 248, 8, 121, 169, 89, 86, 119, 8, 17, 149, 146, 85, 102, 59, 11, 121, 23, 217, 201, 97, 118, 48, 139, 134, 243;
 143, 232, 161, 17, 203, 109, 173, 204, 58, 243, 128, 153, 156, 172, 87, 46, 63, 205, 115, 159, 130, 102, 191, 210, 77, 30, 95, 124, 199, 117, 3, 224;
 195, 222, 159, 94, 40, 84, 180, 255, 188, 91, 210, 116, 248, 246, 172, 227, 229, 119, 254, 128, 229, 79, 163, 109, 50, 51, 254, 138, 24, 112, 169, 29;
 139, 18, 51, 147, 101, 157, 184, 83, 93, 109, 87, 247, 172, 156, 246, 109, 166, 57, 183, 5, 135, 188, 166, 213, 6, 24, 250, 226, 78, 140, 25, 223;
 11, 149, 51, 154, 83, 244, 184, 103, 28, 65, 77, 183, 44, 254, 166, 228, 118, 59, 146, 133, 215, 153, 54, 223, 50, 54, 26, 66, 31, 68, 169, 252;
 138, 253, 35, 187, 215, 213, 188, 231, 158, 89, 80, 87, 172, 158, 116, 224, 237, 59, 147, 145, 247, 158, 18, 247, 43, 85, 158, 203, 151, 12, 189, 223;
 34, 50, 245, 225, 116, 174, 249, 19, 77, 13, 250, 98, 175, 29, 148, 36, 174, 147, 87, 17, 154, 168, 65, 192, 135, 252, 58, 210, 229, 136, 85, 47;
 18, 114, 251, 142, 55, 124, 250, 72, 105, 77, 189, 39, 46, 126, 63, 136, 254, 219, 159, 133, 142, 163, 32, 203, 147, 125, 154, 131, 197, 127, 111, 223;
 79, 23, 199, 221, 174, 54, 172, 55, 248, 154, 87, 246, 216, 106, 181, 235, 100, 52, 190, 170, 181, 208, 166, 200, 6, 43, 250, 128, 143, 252, 249, 181;
 222, 88, 126, 244, 103, 154, 127, 113, 253, 130, 87, 191, 31, 157, 183, 123, 38, 245, 191, 115, 224, 247, 54, 234, 242, 107, 110, 139, 47, 188, 41, 115;
 139, 171, 109, 85, 244, 154, 239, 177, 112, 92, 86, 246, 145, 93, 150, 39, 40, 106, 85, 239, 243, 248, 229, 45, 100, 41, 238, 128, 111, 181, 215, 240;
 111, 44, 133, 135, 248, 240, 234, 138, 138, 253, 24, 3, 244, 102, 219, 234, 193, 99, 51, 221, 7, 88, 238, 160, 140, 4, 175, 177, 132, 127, 20, 204;
 105, 82, 121, 105, 100, 92, 249, 20, 97, 105, 119, 98, 153, 29, 150, 232, 110, 24, 183, 140, 129, 48, 229, 208, 71, 249, 242, 173, 119, 132, 68, 225;
 77, 94, 215, 247, 114, 50, 186, 16, 130, 162, 83, 231, 201, 67, 161, 202, 87, 117, 187, 150, 129, 212, 205, 170, 14, 239, 163, 128, 174, 227, 32, 145;
 3, 177, 115, 224, 117, 221, 248, 19, 205, 73, 31, 99, 157, 29, 180, 100, 166, 179, 159, 29, 150, 169, 32, 213, 15, 88, 138, 194, 7, 142, 240, 119;
 204, 81, 221, 87, 143, 91, 182, 185, 92, 242, 39, 154, 211, 125, 205, 47, 51, 86, 248, 106, 113, 116, 255, 34, 111, 235, 85, 20, 239, 249, 205, 50;
 197, 60, 9, 183, 149, 141, 198, 133, 28, 226, 3, 95, 246, 217, 89, 139, 145, 110, 121, 15, 123, 244, 217, 175, 165, 62, 157, 48, 12, 30, 217, 88;
 114, 157, 106, 170, 87, 192, 250, 224, 129, 68, 221, 167, 41, 223, 54, 68, 126, 177, 151, 231, 142, 15, 60, 255, 115, 118, 138, 203, 55, 7, 118, 214;
 55, 32, 235, 78, 70, 86, 235, 88, 65, 224, 253, 194, 81, 28, 159, 52, 126, 140, 23, 239, 137, 178, 180, 200, 23, 44, 162, 160, 103, 163, 114, 244;
 2, 144, 179, 152, 203, 228, 177, 71, 138, 93, 80, 53, 172, 190, 110, 74, 205, 59, 179, 145, 19, 11, 146, 209, 13, 52, 218, 235, 144, 68, 167, 251;
 55, 77, 75, 78, 86, 134, 238, 112, 196, 200, 91, 198, 113, 200, 181, 96, 124, 232, 18, 239, 205, 179, 52, 236, 50, 40, 170, 128, 125, 187, 120, 148;
 29, 32, 235, 231, 22, 226, 235, 80, 100, 69, 95, 130, 81, 12, 155, 96, 122, 173, 23, 157, 129, 176, 53, 72, 196, 45, 170, 128, 37, 130, 113, 224;
 63, 75, 99, 197, 118, 82, 239, 244, 69, 200, 86, 230, 81, 77, 189, 100, 126, 236, 22, 238, 201, 178, 44, 236, 114, 44, 167, 132, 47, 191, 112, 253;
 239, 45, 14, 161, 141, 174, 77, 147, 130, 104, 206, 77, 149, 195, 91, 217, 208, 142, 121, 236, 89, 208, 209, 21, 133, 57, 201, 244, 8, 124, 24, 112;
 222, 94, 110, 164, 3, 54, 159, 240, 233, 102, 150, 167, 77, 78, 191, 175, 54, 213, 253, 227, 236, 133, 52, 207, 242, 99, 235, 135, 39, 245, 175, 85;
 95, 94, 100, 13, 171, 50, 188, 158, 45, 110, 222, 231, 201, 46, 151, 207, 39, 197, 253, 175, 197, 5, 37, 200, 54, 107, 238, 151, 191, 246, 11, 85;
 25, 99, 106, 229, 54, 19, 239, 125, 33, 64, 94, 226, 57, 15, 146, 36, 62, 156, 149, 236, 200, 176, 37, 141, 242, 237, 170, 128, 39, 162, 115, 169;
 131, 92, 22, 81, 49, 255, 176, 70, 237, 234, 190, 4, 170, 154, 39, 53, 143, 51, 90, 16, 165, 189, 48, 222, 43, 222, 16, 18, 203, 16, 75, 159;
 47, 177, 224, 24, 203, 61, 58, 202, 31, 119, 100, 159, 8, 230, 254, 188, 119, 218, 178, 92, 151, 26, 254, 243, 31, 92, 17, 190, 159, 205, 192, 244;
 157, 73, 104, 69, 22, 18, 79, 120, 101, 228, 246, 130, 91, 13, 151, 113, 122, 132, 21, 238, 200, 176, 53, 28, 119, 201, 161, 132, 119, 179, 112, 96;
 230, 64, 197, 204, 108, 66, 204, 236, 202, 150, 144, 170, 209, 200, 253, 170, 91, 68, 115, 225, 121, 103, 238, 210, 16, 38, 235, 252, 53, 187, 118, 164;
 41, 177, 145, 192, 85, 159, 67, 221, 67, 101, 76, 14, 34, 1, 218, 164, 88, 138, 130, 60, 143, 58, 241, 147, 63, 221, 129, 44, 106, 142, 216, 92;
 19, 89, 98, 14, 83, 148, 174, 240, 229, 72, 218, 199, 40, 206, 183, 228, 126, 233, 19, 207, 197, 147, 20, 237, 50, 12, 138, 136, 47, 151, 121, 156;
 59, 75, 107, 109, 102, 82, 255, 112, 97, 192, 126, 162, 25, 15, 149, 36, 62, 252, 149, 238, 201, 176, 36, 204, 102, 233, 162, 128, 111, 183, 118, 249;
 63, 217, 110, 171, 62, 147, 187, 216, 70, 68, 213, 135, 89, 204, 190, 32, 126, 185, 23, 247, 206, 163, 62, 157, 90, 77, 171, 236, 125, 174, 113, 208;
 107, 18, 58, 224, 109, 205, 216, 16, 141, 232, 181, 107, 158, 159, 103, 122, 230, 53, 255, 49, 133, 39, 210, 192, 215, 217, 186, 251, 30, 12, 89, 83;
 2, 8, 170, 189, 71, 244, 185, 67, 60, 71, 82, 147, 40, 174, 54, 72, 233, 43, 147, 133, 20, 188, 4, 194, 87, 127, 154, 131, 149, 68, 63, 206;
 66, 2, 241, 173, 108, 41, 185, 3, 111, 13, 120, 106, 188, 171, 212, 10, 174, 27, 127, 1, 2, 40, 195, 193, 132, 52, 58, 170, 196, 200, 1, 169;
 127, 147, 233, 204, 126, 80, 235, 121, 67, 76, 221, 230, 89, 204, 254, 100, 126, 141, 23, 237, 139, 50, 236, 217, 94, 109, 171, 172, 119, 174, 116, 245;
 138, 194, 156, 254, 125, 237, 176, 196, 142, 29, 121, 59, 236, 253, 44, 66, 236, 49, 227, 1, 2, 43, 74, 241, 87, 49, 122, 187, 144, 26, 13, 139;
 34, 157, 104, 202, 210, 148, 191, 255, 31, 73, 124, 163, 104, 254, 190, 96, 255, 155, 151, 193, 214, 10, 126, 247, 63, 60, 142, 203, 125, 134, 167, 223;
 63, 145, 251, 236, 67, 255, 184, 210, 187, 113, 112, 255, 28, 189, 36, 168, 190, 157, 183, 69, 149, 19, 180, 208, 83, 57, 72, 182, 93, 109, 139, 211;
 91, 11, 194, 173, 35, 32, 90, 2, 165, 8, 218, 167, 111, 187, 35, 210, 230, 231, 189, 196, 12, 153, 129, 201, 210, 245, 234, 147, 174, 229, 56, 75;
 203, 31, 196, 93, 229, 50, 172, 155, 125, 26, 94, 246, 40, 170, 183, 239, 110, 78, 182, 168, 165, 208, 229, 217, 38, 122, 202, 131, 31, 245, 120, 141;
 219, 255, 127, 212, 38, 222, 127, 114, 185, 230, 86, 247, 29, 23, 162, 119, 38, 244, 253, 238, 225, 221, 52, 236, 242, 107, 233, 130, 46, 165, 180, 117;
 103, 156, 138, 222, 205, 116, 190, 254, 152, 11, 216, 82, 252, 251, 61, 43, 201, 83, 27, 171, 53, 15, 146, 231, 55, 63, 222, 139, 143, 113, 187, 142;
 34, 146, 249, 232, 244, 165, 152, 23, 11, 73, 88, 251, 28, 191, 116, 72, 207, 155, 151, 149, 158, 26, 64, 209, 31, 92, 154, 234, 149, 76, 149, 219;
 188, 27, 125, 255, 252, 131, 87, 121, 23, 172, 115, 229, 98, 198, 161, 65, 222, 186, 166, 82, 186, 186, 105, 190, 40, 209, 33, 226, 176, 139, 212, 249;
 190, 218, 114, 200, 111, 22, 222, 248, 1, 94, 245, 183, 75, 30, 230, 245, 237, 149, 183, 230, 220, 54, 123, 214, 155, 219, 195, 207, 119, 175, 254, 215;
 10, 3, 7, 186, 124, 165, 233, 220, 143, 92, 94, 103, 172, 199, 187, 205, 204, 106, 31, 221, 130, 153, 10, 253, 204, 16, 190, 128, 146, 223, 49, 233;
 88, 187, 88, 228, 90, 210, 17, 91, 51, 172, 188, 230, 45, 147, 194, 80, 118, 189, 141, 144, 71, 75, 163, 223, 219, 197, 171, 191, 37, 160, 39, 59;
 27, 27, 119, 233, 53, 221, 248, 118, 173, 72, 182, 99, 175, 30, 150, 227, 174, 179, 223, 197, 149, 169, 32, 237, 151, 249, 58, 211, 71, 140, 103, 255;
 218, 94, 110, 158, 50, 146, 190, 240, 180, 198, 214, 231, 105, 206, 183, 193, 102, 245, 189, 231, 237, 133, 4, 239, 178, 99, 170, 131, 47, 183, 57, 93;
 66, 82, 121, 241, 102, 205, 120, 22, 41, 121, 51, 125, 142, 31, 100, 217, 166, 153, 183, 17, 147, 28, 18, 208, 135, 216, 90, 227, 28, 0, 11, 19;
 194, 26, 94, 209, 100, 142, 232, 18, 169, 62, 178, 246, 140, 10, 180, 91, 238, 37, 95, 149, 164, 156, 80, 220, 4, 154, 250, 192, 12, 128, 75, 145;
 203, 20, 66, 223, 87, 188, 169, 51, 189, 69, 127, 150, 232, 226, 190, 69, 118, 174, 51, 140, 181, 156, 52, 207, 6, 56, 146, 128, 47, 140, 73, 220;
 98, 216, 176, 158, 109, 208, 185, 142, 159, 95, 20, 53, 172, 254, 46, 95, 195, 17, 171, 1, 70, 68, 251, 243, 7, 118, 218, 175, 22, 60, 93, 95;
 190, 165, 114, 64, 197, 55, 246, 193, 229, 58, 255, 18, 74, 248, 124, 181, 249, 220, 134, 226, 78, 179, 8, 194, 123, 216, 133, 39, 99, 255, 250, 134;
 191, 126, 118, 164, 119, 250, 250, 246, 201, 202, 60, 239, 142, 92, 183, 175, 174, 241, 215, 119, 229, 229, 36, 206, 178, 219, 7, 135, 111, 189, 95, 85;
 163, 77, 250, 93, 244, 190, 239, 87, 93, 98, 118, 18, 56, 40, 183, 124, 254, 238, 18, 78, 245, 190, 52, 255, 54, 62, 208, 2, 95, 253, 248, 236;
 18, 134, 42, 185, 151, 225, 185, 67, 31, 7, 89, 179, 172, 174, 46, 0, 255, 59, 147, 145, 22, 153, 4, 215, 204, 87, 154, 195, 181, 68, 181, 207;
 43, 187, 47, 162, 52, 255, 217, 115, 201, 105, 159, 189, 158, 60, 146, 166, 142, 183, 221, 13, 217, 169, 40, 213, 226, 93, 169, 246, 14, 238, 158, 113;
 138, 156, 39, 188, 75, 229, 185, 102, 156, 95, 80, 147, 44, 255, 32, 139, 237, 51, 179, 129, 33, 79, 18, 211, 85, 115, 218, 139, 22, 68, 53, 250;
 13, 25, 151, 251, 133, 116, 167, 155, 76, 27, 111, 116, 188, 214, 41, 237, 208, 91, 162, 82, 83, 240, 59, 161, 161, 241, 118, 2, 154, 91, 165, 183;
 106, 112, 34, 232, 205, 100, 153, 78, 137, 132, 156, 11, 44, 156, 127, 29, 200, 145, 147, 209, 2, 39, 178, 240, 81, 90, 222, 187, 151, 85, 247, 238;
 82, 30, 143, 93, 8, 102, 135, 26, 182, 138, 238, 100, 240, 54, 133, 110, 236, 246, 124, 194, 169, 201, 243, 106, 137, 166, 255, 146, 137, 113, 33, 59;
 159, 18, 108, 225, 38, 22, 248, 24, 33, 30, 183, 231, 219, 15, 159, 47, 62, 145, 21, 174, 136, 164, 101, 192, 194, 217, 234, 132, 47, 166, 121, 241;
 115, 144, 174, 158, 141, 6, 152, 158, 90, 27, 210, 64, 244, 186, 125, 122, 201, 223, 53, 145, 159, 79, 155, 241, 201, 62, 254, 223, 153, 48, 121, 31;
 226, 154, 119, 212, 102, 66, 221, 246, 89, 106, 242, 250, 57, 28, 180, 105, 254, 213, 55, 99, 241, 254, 117, 237, 23, 42, 240, 146, 69, 136, 212, 123;
 156, 7, 110, 225, 166, 78, 221, 53, 68, 250, 223, 83, 211, 61, 144, 99, 110, 149, 61, 175, 248, 188, 97, 130, 227, 201, 100, 196, 101, 234, 240, 113;
 46, 84, 227, 224, 193, 117, 190, 198, 41, 202, 248, 139, 28, 255, 117, 184, 191, 251, 183, 211, 5, 131, 178, 224, 115, 57, 222, 235, 215, 85, 191, 250;
 11, 16, 31, 177, 100, 172, 185, 19, 174, 91, 82, 84, 188, 130, 242, 200, 167, 59, 55, 141, 147, 152, 18, 209, 68, 27, 250, 232, 156, 0, 41, 153;
 95, 94, 226, 172, 99, 50, 191, 87, 161, 230, 94, 167, 73, 174, 183, 206, 110, 245, 253, 165, 204, 19, 181, 200, 242, 125, 207, 135, 175, 246, 37, 95;
 111, 29, 227, 0, 195, 245, 255, 195, 139, 228, 188, 143, 104, 238, 127, 28, 191, 235, 183, 151, 222, 35, 190, 208, 59, 92, 141, 239, 231, 126, 100, 214;
 105, 36, 8, 181, 21, 93, 97, 43, 156, 226, 6, 24, 182, 176, 83, 115, 145, 4, 120, 45, 41, 216, 243, 15, 197, 175, 153, 52, 136, 40, 88, 122;
 85, 236, 131, 150, 196, 7, 174, 230, 112, 162, 154, 74, 241, 40, 89, 163, 57, 199, 74, 239, 229, 123, 140, 104, 184, 138, 255, 60, 201, 120, 171, 140;
 77, 137, 140, 191, 140, 12, 108, 165, 4, 19, 66, 87, 197, 33, 42, 203, 73, 66, 42, 79, 87, 56, 91, 33, 204, 231, 254, 69, 184, 169, 152, 128;
 205, 211, 229, 167, 230, 78, 109, 189, 48, 127, 151, 255, 213, 39, 154, 99, 55, 198, 125, 239, 241, 220, 189, 167, 255, 107, 254, 196, 46, 132, 213, 113;
 11, 122, 238, 69, 36, 90, 239, 177, 252, 206, 86, 230, 217, 13, 147, 161, 38, 100, 221, 111, 193, 228, 39, 236, 102, 75, 229, 133, 111, 180, 220, 121;
 130, 94, 150, 191, 42, 160, 60, 23, 157, 158, 90, 247, 172, 239, 33, 207, 230, 115, 191, 131, 96, 221, 3, 233, 134, 242, 254, 131, 150, 240, 165, 11;
 31, 183, 244, 99, 187, 114, 223, 57, 225, 221, 29, 183, 205, 127, 154, 39, 6, 17, 213, 191, 182, 224, 111, 140, 111, 217, 45, 197, 231, 230, 175, 247;
 94, 94, 242, 228, 103, 114, 62, 210, 169, 202, 222, 163, 29, 239, 247, 118, 182, 253, 183, 195, 197, 151, 132, 232, 114, 127, 239, 139, 47, 247, 175, 149;
 200, 24, 254, 84, 203, 235, 181, 230, 252, 146, 34, 48, 60, 190, 37, 59, 171, 115, 106, 193, 116, 237, 50, 108, 85, 3, 122, 67, 65, 113, 39, 170;
 10, 145, 186, 186, 251, 132, 184, 87, 138, 25, 81, 117, 188, 159, 96, 74, 199, 59, 179, 17, 147, 27, 146, 209, 77, 21, 58, 234, 152, 4, 161, 155;
 246, 199, 83, 224, 223, 96, 74, 175, 1, 9, 138, 82, 67, 178, 108, 243, 248, 151, 61, 177, 58, 11, 193, 198, 185, 164, 174, 220, 165, 73, 244, 32;
 2, 56, 187, 248, 121, 236, 184, 82, 139, 89, 56, 101, 188, 159, 100, 26, 134, 27, 151, 17, 147, 41, 18, 241, 71, 25, 58, 251, 156, 1, 15, 219;
 102, 7, 136, 228, 216, 36, 88, 27, 130, 164, 143, 205, 213, 111, 67, 90, 199, 215, 105, 180, 28, 75, 219, 8, 95, 183, 239, 253, 132, 227, 26, 16;
 100, 43, 213, 71, 170, 110, 79, 136, 11, 183, 58, 200, 243, 101, 205, 26, 151, 214, 109, 126, 9, 224, 235, 32, 109, 170, 101, 20, 225, 251, 68, 113;
 125, 228, 172, 108, 57, 118, 78, 170, 227, 226, 172, 1, 210, 121, 85, 114, 217, 196, 121, 189, 12, 71, 209, 10, 235, 127, 135, 61, 128, 117, 122, 66;
 120, 18, 211, 237, 102, 104, 224, 82, 97, 41, 251, 106, 11, 153, 180, 152, 122, 157, 7, 129, 13, 50, 128, 192, 150, 236, 160, 174, 239, 143, 114, 131;
 131, 189, 41, 155, 245, 149, 175, 229, 94, 91, 80, 86, 188, 222, 254, 33, 221, 43, 18, 207, 247, 238, 126, 255, 45, 30, 158, 232, 28, 8, 177, 188;
 133, 117, 189, 69, 164, 47, 181, 159, 86, 242, 158, 204, 151, 53, 193, 43, 23, 92, 72, 58, 225, 245, 121, 10, 105, 136, 101, 52, 204, 248, 209, 57;
 42, 129, 21, 200, 125, 217, 152, 109, 143, 57, 48, 168, 172, 31, 172, 133, 206, 17, 223, 25, 82, 43, 66, 213, 30, 88, 26, 255, 22, 12, 133, 173;
 106, 24, 35, 220, 77, 212, 152, 67, 137, 88, 208, 3, 44, 158, 52, 239, 204, 177, 179, 129, 193, 15, 242, 209, 19, 112, 218, 139, 27, 12, 52, 255;
 215, 225, 169, 182, 205, 93, 236, 201, 179, 242, 129, 25, 207, 204, 89, 174, 169, 205, 121, 223, 79, 103, 158, 210, 155, 89, 221, 61, 65, 52, 139, 172;
 35, 81, 74, 167, 232, 18, 190, 117, 141, 232, 191, 231, 237, 174, 247, 198, 238, 245, 255, 231, 197, 35, 30, 232, 166, 81, 206, 155, 95, 190, 41, 221;
 166, 234, 97, 169, 44, 25, 206, 251, 27, 81, 152, 247, 139, 205, 244, 132, 223, 8, 159, 47, 203, 99, 202, 213, 162, 221, 175, 252, 94, 188, 208, 241;
 62, 29, 98, 202, 215, 246, 222, 211, 23, 68, 92, 167, 40, 223, 55, 68, 127, 187, 151, 211, 158, 154, 60, 255, 51, 124, 138, 203, 63, 71, 116, 255;
 163, 220, 14, 188, 71, 135, 188, 239, 159, 90, 216, 215, 172, 252, 54, 1, 239, 123, 179, 135, 247, 255, 26, 245, 33, 18, 218, 142, 93, 108, 185, 223;
 43, 64, 230, 228, 108, 6, 172, 127, 186, 138, 80, 195, 121, 255, 244, 200, 126, 205, 51, 239, 193, 214, 134, 224, 84, 43, 255, 140, 13, 180, 243, 249;
 211, 73, 86, 128, 110, 25, 233, 64, 173, 164, 178, 142, 45, 10, 149, 215, 106, 161, 94, 220, 73, 47, 53, 204, 148, 152, 170, 144, 45, 136, 97, 44;
 131, 75, 230, 29, 229, 16, 188, 103, 249, 87, 82, 183, 168, 170, 151, 239, 238, 111, 178, 133, 212, 252, 167, 225, 46, 123, 222, 131, 157, 164, 187, 204;
 89, 30, 156, 239, 5, 44, 121, 150, 1, 59, 222, 18, 159, 55, 3, 107, 230, 223, 61, 25, 24, 220, 211, 160, 211, 225, 250, 209, 178, 219, 13, 11;
 131, 206, 46, 155, 52, 135, 175, 247, 156, 75, 66, 87, 188, 66, 50, 225, 237, 43, 27, 159, 231, 156, 28, 255, 229, 6, 190, 192, 24, 28, 177, 248;
 54, 86, 250, 172, 54, 102, 222, 216, 61, 67, 255, 227, 30, 190, 63, 48, 254, 217, 151, 163, 142, 163, 8, 193, 211, 252, 138, 151, 101, 127, 126, 19;
 200, 187, 57, 236, 120, 198, 25, 23, 51, 236, 188, 228, 189, 135, 194, 112, 198, 191, 132, 144, 171, 90, 244, 95, 78, 157, 179, 172, 8, 128, 39, 249;
 0, 251, 93, 203, 58, 219, 146, 156, 78, 97, 20, 234, 254, 85, 172, 164, 6, 82, 142, 80, 131, 40, 127, 253, 170, 4, 39, 58, 30, 155, 141, 53;
 226, 211, 125, 178, 237, 93, 124, 173, 143, 126, 147, 191, 238, 220, 126, 251, 167, 147, 255, 67, 214, 103, 107, 241, 151, 81, 255, 255, 20, 12, 213, 95;
 2, 16, 147, 184, 98, 237, 185, 66, 171, 89, 24, 189, 188, 158, 108, 232, 167, 27, 151, 17, 19, 9, 50, 209, 5, 84, 26, 234, 156, 1, 7, 251;
 35, 199, 98, 136, 85, 148, 222, 255, 69, 76, 220, 199, 40, 76, 190, 228, 92, 171, 151, 229, 206, 138, 36, 253, 50, 60, 142, 201, 23, 156, 252, 221;
 63, 92, 98, 132, 39, 121, 254, 226, 25, 194, 250, 171, 207, 254, 247, 176, 254, 249, 151, 103, 140, 176, 4, 232, 146, 220, 203, 186, 141, 255, 81, 215;
 20, 45, 210, 165, 50, 106, 163, 194, 56, 167, 91, 242, 199, 51, 193, 4, 51, 127, 4, 35, 33, 241, 136, 78, 184, 166, 47, 134, 132, 115, 3, 161;
 61, 196, 218, 141, 6, 147, 198, 109, 87, 130, 124, 130, 107, 224, 187, 228, 123, 232, 134, 40, 78, 179, 12, 139, 178, 239, 135, 37, 191, 250, 248, 132;
 115, 184, 136, 238, 93, 132, 144, 152, 10, 169, 152, 72, 116, 218, 89, 112, 216, 223, 53, 145, 15, 11, 211, 249, 217, 60, 187, 250, 152, 3, 58, 27;
 91, 82, 234, 244, 102, 26, 248, 28, 125, 198, 86, 167, 105, 45, 151, 236, 54, 36, 183, 12, 197, 244, 39, 138, 86, 255, 244, 129, 111, 254, 124, 93;
 83, 19, 226, 135, 199, 80, 251, 87, 169, 237, 94, 231, 40, 174, 247, 70, 110, 239, 183, 213, 149, 152, 164, 232, 30, 40, 158, 131, 175, 39, 57, 223;
 76, 21, 135, 103, 136, 38, 236, 49, 164, 128, 171, 64, 209, 119, 0, 226, 81, 116, 121, 162, 89, 201, 219, 12, 175, 238, 199, 80, 171, 226, 240, 48;
 69, 132, 152, 191, 172, 104, 197, 143, 94, 83, 77, 21, 215, 97, 186, 74, 83, 66, 10, 45, 23, 32, 77, 19, 236, 190, 118, 92, 216, 250, 217, 64;
 100, 107, 213, 103, 56, 78, 75, 152, 42, 160, 42, 200, 243, 101, 213, 54, 22, 244, 108, 122, 83, 104, 233, 40, 173, 168, 37, 52, 192, 187, 70, 48;
 46, 145, 224, 220, 237, 84, 221, 105, 157, 82, 117, 18, 72, 127, 62, 189, 217, 177, 147, 171, 216, 98, 122, 201, 55, 122, 208, 15, 151, 252, 248, 102;
 66, 27, 147, 156, 226, 164, 60, 87, 31, 143, 82, 199, 172, 231, 101, 204, 247, 123, 191, 133, 2, 217, 130, 227, 148, 54, 222, 138, 148, 240, 161, 29;
 42, 211, 115, 231, 102, 6, 172, 244, 88, 42, 114, 194, 121, 13, 60, 236, 126, 223, 183, 193, 193, 186, 197, 225, 21, 110, 250, 192, 79, 142, 112, 185;
 3, 234, 170, 159, 37, 144, 186, 103, 127, 197, 90, 151, 168, 172, 118, 64, 239, 111, 179, 149, 214, 152, 182, 227, 12, 60, 158, 195, 141, 4, 189, 222;
 112, 109, 172, 100, 253, 70, 93, 47, 162, 166, 164, 9, 147, 57, 83, 19, 201, 132, 121, 185, 104, 111, 208, 14, 251, 143, 149, 125, 192, 112, 218, 10;
 31, 233, 195, 166, 87, 192, 175, 97, 160, 128, 217, 142, 61, 235, 112, 0, 58, 235, 19, 203, 81, 155, 158, 239, 117, 36, 143, 168, 45, 34, 51, 128;
 159, 191, 109, 65, 190, 82, 251, 152, 101, 236, 30, 182, 217, 95, 154, 38, 54, 212, 221, 252, 179, 68, 109, 206, 207, 221, 171, 213, 167, 167, 7, 117;
 43, 12, 250, 79, 247, 146, 254, 231, 89, 11, 126, 2, 120, 248, 183, 244, 123, 106, 146, 136, 212, 186, 44, 239, 118, 47, 166, 131, 215, 254, 248, 141;
 137, 252, 53, 153, 173, 199, 188, 239, 94, 82, 80, 82, 188, 90, 48, 33, 217, 43, 19, 141, 247, 236, 82, 255, 101, 30, 223, 100, 28, 88, 177, 155;
 207, 187, 226, 30, 243, 148, 187, 49, 233, 200, 87, 231, 72, 204, 254, 230, 54, 233, 183, 223, 215, 72, 190, 225, 62, 120, 206, 202, 15, 166, 185, 117;
 163, 157, 167, 157, 77, 231, 188, 231, 94, 74, 208, 18, 180, 188, 52, 40, 201, 59, 19, 129, 229, 190, 115, 251, 37, 54, 218, 131, 85, 124, 181, 255;
 19, 225, 234, 236, 108, 0, 237, 108, 130, 128, 92, 130, 81, 235, 124, 64, 126, 77, 51, 237, 192, 178, 150, 193, 116, 45, 139, 172, 37, 182, 251, 168;
 202, 57, 189, 252, 45, 100, 157, 27, 202, 238, 17, 41, 188, 189, 83, 11, 134, 55, 253, 1, 228, 73, 163, 200, 211, 211, 123, 187, 148, 108, 5, 123;
 47, 33, 235, 225, 86, 191, 107, 24, 7, 105, 95, 198, 89, 79, 219, 160, 126, 140, 23, 252, 139, 144, 117, 140, 78, 205, 161, 196, 175, 143, 80, 241;
 29, 45, 133, 119, 5, 14, 239, 41, 240, 170, 161, 72, 243, 112, 81, 175, 41, 100, 104, 238, 105, 224, 251, 40, 141, 202, 199, 48, 97, 123, 3, 164;
 122, 159, 226, 236, 118, 38, 95, 115, 17, 205, 254, 239, 107, 47, 178, 68, 126, 247, 151, 173, 136, 186, 37, 239, 114, 239, 168, 136, 119, 238, 180, 121;
 190, 19, 118, 226, 229, 18, 125, 113, 45, 152, 183, 178, 75, 31, 61, 159, 254, 147, 183, 243, 250, 227, 9, 204, 30, 219, 199, 199, 167, 206, 248, 33;
 178, 145, 111, 80, 86, 74, 248, 229, 61, 89, 243, 187, 122, 29, 62, 25, 239, 145, 23, 182, 239, 255, 9, 221, 95, 42, 240, 196, 101, 128, 246, 219;
 147, 197, 97, 236, 151, 22, 220, 109, 121, 78, 181, 131, 47, 14, 180, 183, 126, 141, 23, 175, 238, 39, 44, 223, 179, 248, 142, 173, 119, 180, 231, 253;
 59, 19, 226, 213, 229, 114, 189, 71, 89, 206, 86, 167, 41, 188, 183, 236, 254, 175, 183, 141, 133, 186, 38, 234, 22, 111, 250, 131, 207, 252, 117, 253;
 84, 37, 168, 8, 152, 164, 75, 15, 102, 133, 140, 1, 147, 66, 83, 82, 80, 138, 72, 188, 26, 66, 247, 8, 249, 141, 143, 125, 144, 65, 163, 66;
 116, 7, 211, 232, 244, 226, 70, 207, 17, 137, 248, 114, 2, 115, 164, 208, 217, 223, 132, 176, 63, 91, 65, 204, 184, 166, 167, 223, 144, 232, 252, 3;
 178, 88, 119, 92, 39, 216, 176, 102, 217, 83, 240, 51, 46, 156, 54, 107, 234, 113, 151, 83, 103, 173, 54, 227, 83, 122, 90, 19, 87, 13, 95, 222;
 60, 84, 113, 225, 213, 207, 83, 222, 85, 239, 188, 94, 26, 29, 64, 61, 253, 152, 134, 48, 187, 182, 112, 156, 251, 217, 53, 118, 251, 24, 204, 19;
 59, 155, 106, 237, 180, 146, 95, 183, 21, 69, 94, 167, 59, 45, 150, 64, 94, 175, 149, 205, 158, 184, 117, 189, 230, 253, 168, 193, 175, 142, 248, 89;
 55, 126, 97, 5, 114, 15, 175, 144, 49, 202, 80, 238, 145, 12, 213, 164, 127, 217, 23, 239, 225, 148, 236, 202, 36, 12, 171, 164, 109, 255, 19, 245;
 131, 232, 77, 137, 124, 223, 200, 173, 143, 115, 148, 216, 157, 12, 182, 35, 207, 1, 95, 77, 231, 101, 127, 223, 167, 24, 143, 60, 20, 184, 81, 124;
 6, 122, 242, 117, 114, 234, 178, 194, 186, 173, 122, 33, 12, 190, 229, 88, 162, 125, 167, 16, 6, 209, 128, 64, 84, 36, 43, 167, 164, 113, 7, 131;
 251, 49, 106, 192, 244, 59, 106, 121, 77, 169, 159, 106, 219, 123, 188, 36, 122, 146, 31, 249, 156, 177, 100, 206, 222, 221, 171, 245, 166, 203, 88, 38;
 86, 127, 226, 228, 114, 230, 190, 83, 169, 200, 222, 227, 9, 175, 183, 118, 238, 253, 151, 133, 133, 147, 128, 202, 50, 124, 175, 138, 173, 246, 43, 151;
 122, 124, 43, 176, 51, 221, 49, 119, 185, 77, 78, 47, 60, 159, 38, 80, 228, 63, 157, 1, 223, 157, 176, 175, 243, 117, 154, 251, 10, 4, 151, 91;
 204, 24, 185, 251, 165, 252, 121, 146, 63, 31, 150, 52, 191, 55, 75, 75, 195, 83, 189, 82, 30, 92, 249, 225, 207, 243, 122, 211, 130, 105, 5, 115;
 143, 83, 99, 75, 99, 146, 174, 144, 61, 72, 87, 231, 200, 79, 189, 204, 118, 28, 175, 222, 199, 148, 109, 245, 38, 56, 170, 194, 127, 151, 41, 53;
 46, 29, 254, 252, 221, 245, 246, 226, 197, 132, 220, 2, 0, 185, 53, 192, 201, 122, 131, 17, 24, 187, 82, 168, 127, 87, 135, 75, 215, 121, 124, 162;
 43, 27, 106, 218, 247, 181, 186, 214, 23, 9, 220, 230, 40, 255, 183, 224, 254, 187, 151, 209, 134, 154, 34, 255, 127, 95, 186, 139, 151, 159, 124, 223;
 34, 143, 250, 79, 118, 242, 179, 103, 76, 13, 125, 35, 96, 248, 190, 96, 122, 107, 23, 137, 150, 184, 44, 239, 102, 47, 174, 131, 213, 74, 253, 207;
 254, 147, 116, 225, 239, 22, 248, 49, 9, 156, 183, 178, 73, 95, 94, 222, 238, 149, 183, 243, 216, 115, 99, 192, 95, 219, 207, 199, 103, 174, 252, 83;
 253, 18, 188, 38, 233, 127, 81, 24, 98, 255, 55, 61, 95, 181, 203, 255, 5, 212, 252, 46, 157, 86, 251, 128, 211, 227, 97, 189, 170, 239, 76, 115;
 141, 120, 109, 71, 34, 94, 31, 184, 172, 254, 151, 228, 255, 87, 155, 43, 6, 117, 221, 110, 225, 197, 125, 12, 230, 43, 111, 148, 46, 183, 1, 121;
 23, 105, 125, 225, 190, 253, 120, 25, 141, 220, 28, 135, 9, 79, 215, 43, 174, 185, 87, 220, 134, 136, 114, 252, 207, 217, 137, 235, 55, 133, 84, 215;
 155, 208, 126, 225, 103, 95, 217, 121, 25, 104, 87, 122, 30, 29, 150, 61, 182, 157, 23, 47, 245, 188, 33, 221, 219, 91, 122, 199, 6, 140, 221, 119;
 2, 29, 183, 237, 180, 227, 183, 103, 30, 15, 90, 34, 180, 60, 49, 32, 217, 59, 19, 1, 208, 184, 113, 191, 101, 38, 190, 130, 213, 122, 181, 235;
 218, 114, 184, 182, 171, 241, 156, 5, 155, 175, 149, 187, 140, 191, 66, 143, 135, 63, 253, 17, 20, 79, 194, 194, 219, 215, 126, 187, 134, 84, 141, 91;
 91, 245, 240, 237, 103, 124, 249, 95, 43, 124, 125, 170, 45, 223, 219, 166, 182, 155, 149, 185, 198, 48, 170, 209, 215, 217, 186, 175, 119, 214, 91, 223;
 239, 214, 228, 95, 233, 84, 205, 189, 123, 127, 117, 244, 104, 108, 158, 255, 221, 198, 166, 137, 239, 86, 125, 243, 54, 58, 214, 167, 91, 244, 234, 221;
 126, 65, 130, 198, 173, 29, 198, 132, 135, 169, 190, 175, 74, 173, 253, 206, 216, 212, 238, 82, 9, 35, 201, 224, 58, 84, 133, 31, 203, 255, 252, 18;
 116, 8, 149, 119, 128, 15, 71, 144, 179, 184, 34, 8, 215, 119, 73, 59, 17, 244, 125, 122, 89, 240, 219, 40, 141, 142, 117, 116, 224, 251, 4, 32;
 118, 45, 107, 174, 94, 192, 235, 97, 192, 132, 89, 2, 81, 203, 112, 64, 120, 172, 19, 235, 88, 26, 174, 222, 117, 36, 171, 168, 53, 42, 116, 224;
 11, 156, 145, 157, 229, 167, 172, 119, 94, 67, 90, 66, 188, 179, 49, 228, 217, 59, 51, 137, 225, 152, 81, 255, 165, 126, 158, 2, 30, 92, 177, 172;
 252, 252, 10, 145, 196, 132, 103, 242, 144, 62, 4, 54, 52, 3, 226, 85, 97, 236, 0, 238, 105, 94, 184, 63, 252, 131, 239, 100, 42, 57, 246, 248;
 174, 188, 67, 156, 85, 196, 174, 99, 176, 192, 217, 70, 56, 235, 52, 148, 104, 233, 19, 203, 99, 159, 144, 239, 53, 36, 138, 136, 31, 39, 51, 178;
 235, 210, 236, 72, 124, 86, 203, 156, 79, 121, 150, 118, 72, 44, 255, 228, 221, 196, 191, 253, 143, 39, 109, 211, 54, 125, 162, 222, 223, 158, 120, 125;
 3, 153, 130, 157, 117, 132, 172, 71, 30, 11, 72, 215, 172, 166, 36, 196, 215, 43, 179, 157, 82, 218, 146, 203, 173, 52, 158, 138, 156, 76, 185, 153;
 57, 195, 90, 229, 100, 18, 238, 113, 64, 33, 126, 66, 9, 137, 252, 228, 126, 141, 178, 235, 204, 178, 132, 130, 22, 237, 170, 193, 127, 138, 249, 136;
 26, 80, 230, 164, 87, 123, 248, 78, 41, 202, 248, 207, 107, 62, 55, 146, 254, 153, 151, 165, 141, 163, 20, 200, 179, 221, 234, 145, 109, 126, 121, 91;
 154, 253, 107, 186, 23, 192, 53, 103, 189, 76, 214, 179, 44, 223, 38, 81, 38, 187, 223, 195, 102, 137, 38, 237, 243, 97, 234, 139, 37, 20, 55, 251;
 57, 67, 218, 173, 4, 147, 206, 93, 70, 129, 220, 198, 67, 232, 186, 192, 122, 232, 134, 232, 76, 179, 12, 138, 226, 237, 167, 37, 125, 186, 248, 140;
 209, 159, 84, 165, 34, 11, 126, 184, 53, 234, 82, 228, 247, 99, 129, 135, 22, 86, 108, 110, 225, 148, 69, 47, 164, 227, 97, 144, 46, 241, 1, 57;
 223, 210, 226, 140, 118, 80, 250, 220, 113, 77, 212, 247, 73, 206, 190, 245, 126, 205, 151, 253, 175, 135, 164, 199, 50, 120, 174, 206, 175, 148, 248, 85;
 43, 151, 225, 203, 118, 147, 235, 95, 71, 109, 95, 231, 41, 45, 182, 228, 126, 138, 151, 156, 147, 184, 109, 213, 110, 45, 160, 192, 183, 142, 244, 253;
 223, 62, 106, 97, 176, 122, 123, 18, 49, 238, 22, 181, 189, 29, 151, 111, 38, 118, 221, 93, 180, 205, 165, 238, 66, 221, 56, 145, 166, 197, 119, 125;
 60, 210, 116, 67, 229, 95, 87, 245, 69, 255, 191, 110, 90, 29, 206, 188, 253, 144, 215, 58, 201, 176, 121, 252, 127, 223, 117, 214, 219, 158, 204, 251;
 50, 130, 101, 205, 117, 82, 205, 121, 121, 110, 177, 98, 74, 14, 158, 245, 248, 133, 23, 175, 253, 182, 109, 220, 147, 250, 250, 215, 119, 166, 246, 229;
 146, 219, 238, 190, 114, 192, 186, 112, 156, 68, 214, 167, 109, 204, 182, 66, 110, 251, 167, 197, 198, 255, 6, 239, 82, 35, 170, 139, 101, 172, 45, 223;
 154, 75, 110, 188, 226, 210, 61, 228, 189, 86, 212, 163, 109, 238, 167, 89, 34, 225, 151, 231, 100, 143, 38, 236, 242, 99, 126, 131, 119, 180, 173, 207;
 14, 26, 247, 154, 111, 248, 179, 194, 207, 87, 124, 163, 172, 204, 55, 110, 235, 243, 167, 19, 134, 33, 38, 225, 85, 54, 26, 203, 215, 109, 61, 215;
 219, 82, 248, 109, 102, 54, 248, 30, 117, 78, 86, 183, 169, 13, 159, 228, 54, 221, 189, 205, 133, 180, 229, 195, 70, 253, 176, 131, 111, 245, 124, 93;
 32, 153, 75, 163, 70, 206, 235, 113, 48, 73, 243, 98, 17, 31, 48, 48, 126, 157, 55, 131, 193, 186, 25, 245, 93, 174, 250, 196, 109, 10, 246, 177;
 107, 8, 21, 184, 109, 205, 233, 67, 143, 98, 20, 139, 188, 142, 54, 105, 199, 33, 95, 13, 197, 45, 48, 223, 213, 158, 155, 56, 20, 140, 89, 252;
 219, 55, 227, 150, 118, 148, 251, 84, 185, 205, 211, 247, 120, 222, 190, 195, 254, 239, 151, 245, 189, 215, 164, 206, 58, 41, 170, 139, 173, 134, 55, 253;
 107, 214, 212, 31, 73, 240, 100, 175, 235, 91, 124, 229, 104, 106, 206, 254, 205, 199, 162, 128, 199, 70, 239, 209, 14, 62, 214, 139, 27, 212, 234, 221;
 187, 22, 230, 229, 117, 54, 121, 92, 9, 205, 190, 247, 107, 62, 151, 150, 254, 213, 223, 165, 173, 167, 113, 202, 146, 249, 234, 131, 47, 254, 124, 95;
 107, 210, 192, 29, 233, 220, 172, 191, 203, 127, 61, 229, 8, 238, 214, 246, 197, 79, 166, 132, 215, 72, 238, 209, 14, 62, 219, 255, 26, 22, 202, 221;
 47, 71, 68, 133, 236, 51, 110, 250, 1, 126, 156, 231, 201, 38, 158, 159, 95, 196, 151, 238, 157, 146, 101, 221, 6, 91, 233, 180, 47, 247, 26, 213;
 26, 94, 239, 182, 50, 226, 187, 114, 181, 204, 222, 231, 125, 239, 162, 70, 126, 253, 191, 199, 225, 221, 54, 239, 240, 99, 234, 130, 47, 175, 37, 123;
 27, 223, 46, 255, 61, 151, 222, 247, 149, 78, 220, 231, 249, 254, 182, 97, 220, 187, 159, 199, 238, 139, 118, 255, 227, 95, 190, 139, 23, 220, 188, 223;
 14, 90, 242, 154, 235, 176, 187, 65, 159, 213, 85, 183, 12, 206, 119, 13, 239, 57, 163, 151, 150, 107, 174, 240, 94, 81, 79, 235, 215, 63, 165, 215;
 48, 237, 3, 222, 20, 192, 7, 99, 85, 64, 216, 98, 48, 215, 160, 100, 120, 250, 2, 202, 75, 187, 40, 239, 177, 36, 130, 8, 53, 170, 116, 168;
 23, 94, 106, 169, 98, 54, 190, 210, 173, 14, 222, 231, 9, 170, 183, 72, 239, 169, 159, 167, 132, 147, 4, 200, 214, 103, 234, 131, 189, 247, 41, 223;
 50, 113, 127, 225, 244, 237, 121, 205, 77, 92, 120, 39, 126, 30, 125, 25, 250, 155, 23, 241, 138, 242, 19, 205, 221, 152, 170, 196, 37, 10, 116, 251;
 107, 212, 212, 222, 207, 255, 101, 191, 203, 127, 95, 46, 72, 176, 174, 246, 35, 206, 182, 14, 211, 90, 191, 241, 31, 62, 85, 239, 30, 222, 220, 125;
 30, 94, 106, 188, 38, 226, 191, 114, 188, 78, 222, 167, 45, 207, 179, 64, 110, 253, 175, 167, 192, 131, 134, 237, 240, 103, 170, 139, 37, 213, 53, 211;
 27, 51, 108, 13, 42, 51, 190, 120, 39, 110, 157, 231, 105, 46, 159, 156, 126, 199, 223, 238, 204, 17, 111, 241, 86, 95, 251, 135, 63, 247, 47, 221;
 35, 166, 106, 201, 214, 179, 170, 79, 94, 97, 93, 134, 1, 204, 254, 100, 127, 58, 147, 189, 151, 178, 52, 214, 62, 13, 139, 229, 149, 207, 248, 244;
 111, 158, 229, 89, 237, 94, 189, 179, 91, 127, 119, 253, 200, 60, 190, 255, 223, 95, 183, 135, 245, 254, 236, 240, 14, 123, 254, 238, 223, 228, 214, 245;
 39, 214, 111, 138, 124, 18, 249, 220, 73, 86, 213, 231, 89, 76, 190, 237, 127, 141, 151, 191, 239, 150, 124, 204, 118, 123, 142, 204, 63, 150, 248, 213;
 51, 129, 83, 200, 100, 2, 235, 252, 37, 0, 248, 66, 81, 153, 188, 132, 126, 156, 50, 248, 89, 186, 0, 244, 28, 188, 130, 76, 127, 139, 114, 168;
 118, 158, 122, 161, 231, 116, 248, 115, 41, 238, 191, 167, 12, 142, 102, 22, 239, 149, 183, 166, 220, 63, 160, 192, 159, 217, 203, 199, 39, 175, 111, 215;
 0, 200, 151, 149, 71, 194, 165, 230, 156, 150, 82, 3, 172, 166, 32, 73, 234, 119, 42, 192, 64, 253, 34, 237, 133, 34, 218, 1, 4, 9, 53, 234;
 79, 62, 118, 115, 183, 212, 94, 146, 237, 206, 150, 181, 173, 29, 151, 238, 135, 115, 221, 149, 254, 141, 37, 238, 106, 95, 60, 211, 175, 199, 223, 87;
 131, 140, 130, 157, 245, 150, 168, 7, 30, 9, 66, 86, 172, 178, 32, 196, 193, 43, 27, 157, 55, 156, 80, 255, 174, 127, 154, 194, 154, 12, 185, 141;
 31, 84, 225, 135, 118, 127, 107, 89, 87, 107, 93, 246, 121, 108, 158, 164, 63, 137, 150, 173, 159, 148, 61, 203, 54, 94, 185, 132, 255, 238, 152, 245;
 222, 53, 210, 175, 183, 122, 19, 121, 25, 205, 93, 61, 110, 119, 138, 215, 178, 79, 149, 114, 55, 73, 168, 174, 170, 245, 52, 251, 174, 111, 159, 215;
 56, 67, 74, 174, 20, 131, 195, 80, 86, 140, 221, 231, 115, 201, 50, 64, 120, 168, 6, 238, 204, 163, 68, 155, 242, 229, 163, 9, 125, 170, 120, 131;
 219, 84, 224, 239, 55, 114, 124, 30, 113, 79, 247, 183, 57, 47, 159, 233, 118, 159, 157, 175, 173, 224, 229, 202, 102, 249, 178, 129, 175, 212, 220, 95;
 11, 72, 186, 221, 125, 249, 248, 70, 143, 37, 78, 2, 172, 155, 114, 238, 226, 41, 187, 13, 4, 25, 178, 209, 215, 93, 26, 43, 150, 12, 13, 175;
 175, 25, 251, 64, 230, 31, 223, 48, 95, 228, 54, 62, 90, 157, 246, 164, 30, 100, 182, 94, 213, 173, 117, 194, 78, 93, 5, 214, 103, 173, 216, 117;
 182, 76, 3, 158, 84, 226, 235, 98, 16, 194, 89, 82, 48, 223, 176, 36, 120, 168, 19, 139, 105, 159, 32, 255, 53, 36, 138, 136, 53, 43, 118, 164;
 49, 131, 90, 236, 84, 147, 234, 112, 84, 0, 221, 198, 81, 200, 186, 0, 120, 172, 2, 233, 204, 179, 148, 147, 242, 237, 162, 109, 125, 170, 120, 128;
 23, 246, 111, 138, 102, 166, 185, 254, 41, 84, 220, 231, 89, 78, 190, 73, 127, 137, 23, 181, 167, 215, 54, 205, 94, 58, 250, 198, 45, 151, 55, 253;
 145, 1, 235, 255, 22, 134, 235, 69, 28, 0, 81, 82, 113, 219, 57, 96, 122, 171, 19, 205, 98, 182, 23, 27, 117, 172, 170, 8, 53, 10, 177, 168;
 58, 210, 99, 196, 101, 90, 248, 113, 109, 102, 191, 231, 200, 14, 190, 212, 126, 133, 159, 167, 201, 183, 116, 205, 150, 95, 203, 183, 95, 174, 127, 245]