[23, 189, 99, 142, 86, 146, 170, 96, 249, 64, 217, 199, 121, 236, 190, 165, 126, 233, 23, 239, 189, 147, 188, 207, 48, 44, 139, 200, 45, 39, 59, 212;
 11, 129, 67, 137, 21, 146, 170, 83, 101, 65, 91, 198, 41, 142, 182, 228, 102, 175, 159, 157, 151, 152, 21, 205, 144, 124, 154, 192, 175, 134, 57, 92;
 108, 144, 93, 161, 252, 107, 241, 152, 30, 113, 21, 62, 223, 55, 218, 105, 83, 20, 31, 59, 179, 80, 121, 148, 204, 195, 123, 244, 190, 137, 85, 241;
 14, 6, 131, 203, 52, 227, 171, 80, 20, 9, 223, 115, 240, 205, 184, 100, 88, 56, 23, 155, 10, 176, 9, 255, 69, 38, 186, 128, 149, 11, 52, 163;
 191, 26, 106, 28, 78, 183, 138, 80, 212, 70, 213, 231, 113, 204, 183, 41, 126, 169, 151, 239, 173, 167, 116, 156, 82, 9, 170, 152, 127, 173, 120, 213;
 163, 236, 98, 184, 124, 133, 186, 228, 159, 88, 80, 135, 40, 220, 62, 33, 236, 43, 19, 231, 230, 46, 22, 253, 101, 24, 138, 234, 21, 28, 113, 223;
 19, 201, 35, 202, 19, 196, 107, 231, 165, 65, 202, 2, 60, 247, 56, 228, 96, 155, 59, 216, 83, 137, 50, 247, 185, 172, 158, 72, 186, 2, 161, 42;
 126, 90, 238, 164, 74, 18, 154, 208, 160, 196, 218, 239, 89, 111, 159, 27, 110, 245, 245, 231, 136, 211, 212, 200, 210, 233, 234, 136, 109, 247, 55, 241;
 39, 106, 225, 73, 108, 242, 233, 130, 107, 123, 124, 224, 136, 142, 215, 254, 207, 109, 51, 157, 135, 18, 230, 240, 6, 60, 139, 238, 215, 245, 122, 244;
 203, 139, 7, 187, 164, 152, 172, 37, 140, 89, 82, 231, 173, 142, 182, 195, 102, 35, 191, 197, 213, 152, 198, 229, 164, 241, 250, 192, 28, 12, 153, 221;
 91, 93, 119, 220, 226, 114, 188, 55, 177, 66, 94, 243, 121, 127, 180, 229, 118, 247, 181, 165, 245, 155, 36, 235, 114, 126, 254, 130, 167, 244, 164, 127;
 195, 27, 194, 148, 115, 152, 184, 71, 63, 229, 82, 191, 172, 174, 246, 205, 166, 47, 187, 149, 180, 221, 180, 202, 156, 50, 90, 163, 12, 12, 137, 93;
 43, 45, 103, 195, 85, 253, 97, 86, 197, 128, 254, 10, 58, 29, 181, 167, 104, 242, 91, 88, 43, 249, 112, 172, 63, 217, 128, 19, 195, 137, 80, 172;
 11, 75, 2, 168, 83, 144, 42, 80, 164, 69, 91, 199, 173, 130, 178, 196, 110, 169, 147, 221, 134, 154, 20, 241, 148, 100, 186, 200, 62, 7, 41, 220;
 126, 1, 119, 236, 159, 211, 91, 113, 133, 4, 223, 138, 75, 111, 50, 97, 126, 176, 159, 225, 93, 171, 53, 156, 242, 224, 131, 209, 55, 174, 116, 80;
 131, 76, 14, 190, 77, 132, 204, 110, 20, 66, 192, 19, 244, 122, 51, 73, 200, 161, 59, 133, 108, 143, 83, 255, 149, 63, 218, 8, 29, 56, 56, 136;
 3, 217, 168, 153, 111, 181, 184, 87, 31, 125, 84, 255, 140, 172, 214, 141, 175, 11, 183, 5, 135, 122, 114, 209, 22, 89, 90, 238, 95, 76, 191, 223;
 6, 49, 249, 200, 222, 97, 185, 84, 14, 201, 216, 162, 188, 223, 253, 40, 126, 187, 151, 209, 3, 34, 242, 192, 93, 4, 174, 170, 245, 91, 37, 251;
 216, 89, 107, 236, 4, 6, 79, 214, 245, 136, 210, 67, 123, 59, 49, 73, 248, 245, 29, 231, 233, 145, 16, 236, 243, 235, 238, 128, 37, 249, 112, 42;
 54, 157, 122, 74, 83, 213, 82, 248, 5, 8, 253, 35, 56, 223, 44, 112, 254, 153, 151, 226, 91, 3, 24, 255, 123, 141, 128, 239, 121, 3, 46, 147;
 187, 74, 195, 223, 70, 19, 234, 80, 86, 34, 209, 242, 177, 136, 177, 236, 122, 248, 23, 203, 201, 182, 108, 186, 148, 105, 250, 160, 63, 185, 120, 172;
 87, 89, 54, 180, 223, 133, 191, 247, 172, 130, 210, 143, 125, 255, 33, 67, 55, 241, 187, 231, 241, 43, 18, 254, 249, 199, 79, 202, 13, 56, 161, 51;
 198, 89, 62, 218, 233, 244, 26, 212, 137, 90, 148, 55, 12, 191, 103, 79, 198, 113, 191, 211, 182, 71, 154, 224, 19, 112, 202, 235, 154, 117, 45, 215;
 6, 120, 234, 146, 226, 132, 191, 216, 190, 215, 85, 167, 156, 207, 127, 8, 63, 89, 147, 215, 130, 84, 158, 226, 77, 4, 191, 174, 173, 215, 167, 243;
 22, 34, 87, 192, 234, 97, 185, 74, 140, 181, 57, 163, 12, 143, 237, 15, 46, 25, 195, 177, 16, 115, 130, 192, 28, 128, 75, 111, 197, 201, 37, 163;
 146, 151, 106, 169, 242, 211, 186, 103, 30, 69, 88, 167, 29, 14, 54, 0, 254, 59, 151, 245, 215, 154, 36, 223, 122, 69, 170, 225, 53, 14, 189, 219;
 10, 28, 248, 124, 79, 249, 176, 78, 223, 71, 92, 187, 46, 189, 55, 40, 174, 187, 151, 1, 38, 52, 100, 211, 87, 117, 16, 171, 247, 92, 13, 95;
 58, 9, 128, 236, 13, 87, 77, 79, 135, 170, 222, 2, 160, 183, 49, 228, 200, 182, 187, 137, 72, 27, 115, 154, 179, 244, 207, 59, 22, 124, 60, 46;
 144, 150, 63, 171, 62, 135, 186, 56, 4, 12, 219, 247, 245, 75, 56, 64, 254, 1, 15, 231, 154, 165, 11, 191, 192, 161, 170, 192, 20, 139, 53, 73;
 202, 236, 226, 220, 115, 208, 184, 230, 177, 7, 214, 179, 40, 159, 182, 100, 102, 51, 187, 145, 230, 15, 166, 227, 91, 125, 154, 203, 39, 132, 36, 111;
 11, 149, 238, 93, 178, 150, 189, 55, 61, 71, 94, 162, 124, 126, 182, 109, 118, 55, 179, 141, 245, 152, 39, 205, 103, 62, 222, 130, 135, 196, 165, 253;
 35, 245, 104, 139, 85, 151, 190, 229, 12, 68, 88, 135, 40, 76, 62, 33, 252, 27, 147, 229, 230, 186, 60, 253, 103, 25, 142, 233, 29, 30, 255, 222;
 45, 200, 122, 75, 244, 157, 227, 212, 109, 73, 124, 6, 185, 216, 191, 164, 110, 10, 22, 222, 151, 188, 60, 247, 38, 93, 34, 64, 223, 159, 249, 228;
 59, 217, 171, 190, 221, 244, 222, 198, 198, 65, 200, 2, 60, 254, 51, 104, 200, 235, 51, 193, 30, 139, 50, 233, 243, 255, 222, 11, 145, 94, 252, 142;
 34, 251, 40, 174, 124, 193, 158, 204, 139, 76, 216, 175, 164, 204, 119, 0, 204, 251, 151, 213, 94, 11, 206, 251, 56, 20, 142, 187, 21, 31, 29, 223;
 161, 129, 110, 123, 61, 125, 241, 103, 252, 77, 251, 16, 250, 56, 62, 32, 200, 2, 126, 1, 150, 169, 115, 215, 69, 125, 82, 65, 213, 12, 245, 206;
 45, 235, 243, 67, 116, 31, 107, 240, 66, 224, 125, 78, 121, 65, 177, 180, 122, 236, 22, 126, 129, 178, 108, 188, 110, 205, 165, 224, 111, 187, 82, 161;
 90, 146, 18, 188, 55, 248, 49, 7, 189, 5, 78, 49, 174, 186, 34, 196, 227, 51, 169, 17, 50, 13, 2, 215, 217, 181, 26, 75, 146, 4, 165, 11;
 82, 151, 103, 186, 242, 164, 57, 115, 189, 77, 91, 247, 109, 238, 186, 68, 55, 35, 63, 149, 147, 137, 47, 215, 152, 38, 186, 202, 189, 134, 165, 117;
 59, 139, 44, 233, 29, 151, 218, 105, 198, 40, 216, 131, 233, 72, 62, 64, 220, 41, 151, 181, 158, 40, 76, 157, 111, 79, 171, 253, 53, 14, 120, 139;
 130, 164, 158, 217, 239, 232, 180, 71, 171, 31, 124, 50, 172, 186, 46, 202, 163, 59, 147, 0, 50, 60, 130, 243, 7, 51, 90, 163, 148, 64, 207, 139;
 7, 48, 231, 161, 85, 244, 168, 74, 110, 81, 89, 199, 184, 220, 126, 168, 254, 9, 19, 149, 135, 242, 54, 225, 5, 93, 138, 194, 133, 7, 115, 214;
 50, 49, 251, 192, 119, 240, 250, 84, 73, 201, 156, 239, 60, 92, 223, 32, 190, 187, 149, 241, 135, 178, 180, 204, 59, 93, 141, 170, 239, 158, 118, 223;
 182, 90, 127, 200, 71, 123, 249, 194, 205, 60, 208, 58, 30, 28, 181, 105, 234, 149, 159, 243, 172, 183, 36, 220, 147, 144, 234, 199, 117, 25, 117, 231;
 63, 51, 251, 192, 246, 243, 187, 84, 73, 204, 188, 239, 60, 221, 255, 32, 190, 251, 151, 241, 150, 163, 164, 200, 122, 77, 173, 234, 239, 143, 119, 251;
 27, 223, 98, 157, 55, 18, 126, 182, 21, 206, 94, 231, 105, 46, 182, 68, 118, 230, 149, 237, 236, 152, 37, 239, 34, 127, 222, 131, 63, 180, 120, 93;
 252, 91, 241, 197, 102, 43, 83, 16, 75, 172, 52, 110, 31, 147, 225, 126, 118, 124, 31, 122, 129, 48, 224, 138, 214, 221, 33, 180, 54, 187, 84, 33;
 59, 8, 234, 224, 69, 245, 121, 82, 7, 200, 94, 3, 60, 157, 115, 236, 104, 168, 183, 157, 128, 154, 48, 240, 83, 93, 152, 171, 183, 157, 120, 235;
 162, 149, 105, 203, 247, 211, 223, 125, 93, 12, 253, 34, 32, 57, 62, 5, 216, 154, 151, 161, 248, 186, 100, 223, 47, 89, 138, 235, 119, 138, 244, 231;
 38, 233, 41, 136, 236, 197, 142, 198, 202, 20, 24, 10, 132, 136, 120, 4, 201, 74, 19, 91, 91, 42, 210, 177, 45, 16, 142, 124, 85, 26, 208, 168;
 119, 65, 230, 68, 207, 22, 206, 113, 193, 234, 159, 206, 72, 108, 183, 246, 126, 228, 253, 239, 205, 195, 180, 200, 50, 122, 205, 146, 47, 254, 248, 84;
 3, 219, 193, 159, 226, 153, 190, 207, 15, 65, 88, 231, 172, 174, 166, 192, 166, 75, 151, 197, 215, 24, 79, 241, 164, 116, 30, 162, 188, 94, 137, 221;
 63, 80, 110, 192, 36, 22, 221, 212, 133, 238, 190, 134, 91, 29, 183, 107, 110, 132, 31, 238, 200, 177, 53, 204, 115, 105, 230, 132, 111, 188, 112, 121;
 34, 153, 186, 154, 221, 245, 176, 199, 79, 25, 76, 2, 140, 152, 110, 236, 201, 26, 147, 17, 22, 58, 18, 241, 15, 87, 158, 111, 146, 12, 253, 142;
 3, 77, 42, 156, 213, 128, 190, 230, 141, 128, 90, 131, 172, 170, 51, 64, 234, 107, 27, 197, 68, 155, 150, 232, 183, 52, 158, 139, 148, 31, 57, 142;
 3, 134, 225, 203, 52, 61, 232, 95, 111, 75, 249, 247, 171, 72, 158, 172, 251, 139, 30, 157, 159, 164, 100, 211, 6, 28, 178, 196, 223, 207, 219, 197;
 163, 129, 44, 184, 29, 133, 216, 107, 223, 49, 193, 19, 176, 24, 62, 1, 200, 3, 19, 5, 126, 40, 90, 149, 75, 91, 218, 117, 89, 12, 216, 138;
 2, 11, 154, 191, 109, 173, 176, 194, 142, 29, 88, 3, 172, 185, 115, 2, 166, 107, 51, 69, 134, 57, 130, 241, 69, 56, 58, 171, 208, 73, 25, 139;
 10, 213, 1, 169, 53, 227, 188, 167, 30, 9, 90, 98, 172, 59, 40, 192, 219, 27, 151, 161, 51, 152, 81, 223, 173, 87, 154, 195, 30, 12, 181, 139;
 54, 114, 234, 160, 38, 9, 187, 208, 25, 79, 80, 239, 15, 204, 127, 8, 191, 217, 135, 87, 134, 183, 4, 194, 208, 68, 58, 175, 229, 61, 55, 211;
 187, 219, 106, 204, 118, 151, 223, 117, 29, 76, 84, 183, 56, 29, 182, 100, 110, 160, 151, 205, 235, 59, 52, 223, 114, 125, 170, 139, 63, 156, 252, 125;
 91, 252, 178, 220, 19, 212, 185, 103, 249, 69, 78, 18, 44, 158, 54, 253, 162, 191, 185, 153, 247, 205, 182, 197, 19, 121, 154, 75, 15, 4, 175, 126;
 40, 105, 81, 197, 103, 89, 111, 84, 233, 168, 60, 42, 63, 21, 193, 182, 46, 240, 198, 106, 65, 34, 160, 232, 119, 217, 36, 40, 103, 250, 70, 169;
 11, 149, 183, 94, 195, 244, 189, 39, 252, 83, 79, 2, 124, 254, 62, 239, 98, 51, 179, 137, 151, 153, 54, 197, 7, 63, 218, 67, 158, 68, 165, 254;
 6, 189, 145, 233, 238, 99, 190, 202, 30, 178, 152, 226, 140, 254, 117, 169, 223, 91, 179, 243, 83, 114, 219, 240, 189, 144, 207, 254, 157, 121, 181, 150;
 119, 13, 110, 200, 190, 226, 75, 51, 133, 68, 222, 3, 67, 107, 54, 117, 122, 164, 31, 172, 60, 139, 37, 156, 179, 248, 128, 209, 54, 175, 116, 100;
 57, 165, 99, 232, 92, 131, 201, 105, 198, 160, 212, 130, 49, 201, 176, 32, 92, 184, 19, 169, 75, 171, 102, 157, 120, 136, 139, 124, 53, 138, 112, 168;
 31, 149, 20, 136, 189, 23, 30, 235, 207, 126, 156, 7, 206, 123, 42, 197, 217, 131, 159, 161, 125, 41, 91, 223, 251, 191, 207, 95, 30, 44, 185, 23;
 111, 98, 232, 194, 252, 61, 234, 218, 75, 233, 61, 74, 80, 236, 221, 46, 221, 220, 55, 31, 132, 50, 236, 162, 95, 93, 173, 189, 215, 255, 90, 196;
 162, 233, 42, 203, 85, 197, 171, 228, 94, 4, 72, 2, 32, 201, 116, 0, 216, 42, 19, 219, 98, 58, 24, 255, 109, 28, 142, 104, 81, 10, 117, 170;
 31, 51, 250, 224, 246, 129, 187, 80, 139, 193, 220, 239, 29, 221, 255, 0, 62, 251, 151, 209, 146, 43, 134, 192, 120, 65, 47, 234, 239, 143, 33, 153;
 20, 141, 15, 168, 158, 163, 171, 235, 22, 164, 88, 131, 149, 237, 49, 64, 121, 43, 19, 177, 34, 185, 17, 28, 232, 133, 175, 228, 181, 72, 53, 138;
 35, 205, 96, 158, 92, 129, 206, 239, 87, 0, 248, 78, 32, 200, 180, 132, 72, 170, 19, 205, 235, 42, 94, 253, 36, 28, 142, 168, 93, 26, 248, 140;
 24, 93, 46, 191, 20, 198, 189, 119, 132, 6, 94, 35, 189, 59, 50, 64, 104, 51, 155, 129, 112, 153, 48, 175, 225, 231, 190, 129, 36, 24, 189, 234;
 6, 12, 47, 219, 180, 243, 235, 103, 92, 140, 90, 34, 229, 104, 177, 97, 249, 42, 31, 177, 52, 184, 33, 254, 168, 151, 190, 193, 148, 202, 116, 236;
 198, 92, 95, 218, 234, 100, 187, 144, 140, 18, 211, 246, 220, 247, 41, 107, 103, 81, 59, 243, 49, 197, 58, 226, 85, 162, 250, 200, 156, 243, 37, 49;
 18, 141, 39, 171, 149, 227, 162, 231, 69, 5, 72, 2, 164, 57, 56, 68, 121, 10, 147, 145, 26, 184, 73, 255, 173, 118, 158, 67, 181, 10, 181, 174;
 147, 197, 87, 235, 54, 143, 189, 245, 237, 0, 122, 70, 189, 11, 184, 229, 238, 3, 31, 237, 243, 185, 16, 221, 160, 216, 42, 192, 85, 138, 161, 169;
 104, 208, 80, 250, 77, 201, 80, 228, 7, 44, 245, 11, 98, 221, 47, 88, 216, 184, 167, 16, 14, 62, 90, 149, 95, 223, 144, 123, 50, 14, 84, 74;
 170, 248, 42, 235, 87, 213, 187, 232, 222, 4, 68, 2, 56, 216, 116, 160, 248, 123, 147, 211, 98, 62, 56, 255, 109, 77, 143, 107, 85, 15, 125, 170;
 62, 72, 227, 196, 69, 115, 109, 210, 81, 166, 246, 138, 11, 13, 117, 191, 120, 220, 183, 234, 136, 246, 21, 194, 23, 90, 213, 33, 103, 253, 118, 172;
 178, 234, 98, 202, 126, 131, 155, 104, 199, 132, 213, 235, 40, 200, 253, 36, 94, 185, 151, 227, 206, 35, 14, 221, 26, 24, 139, 251, 119, 142, 116, 135;
 24, 135, 110, 233, 150, 18, 78, 117, 85, 36, 223, 198, 27, 1, 176, 193, 122, 132, 157, 168, 248, 184, 21, 140, 242, 235, 162, 196, 63, 138, 248, 32;
 219, 210, 127, 254, 102, 28, 125, 117, 233, 82, 183, 214, 125, 74, 190, 247, 102, 129, 159, 239, 229, 39, 60, 205, 242, 249, 234, 136, 55, 156, 121, 109;
 8, 149, 0, 131, 213, 175, 235, 247, 14, 37, 94, 23, 132, 33, 122, 64, 121, 10, 3, 157, 19, 184, 25, 255, 109, 5, 142, 100, 158, 75, 217, 154;
 249, 90, 235, 228, 70, 83, 109, 84, 81, 226, 246, 238, 91, 13, 215, 59, 126, 212, 55, 238, 205, 246, 53, 136, 82, 203, 240, 128, 111, 185, 126, 121;
 150, 0, 15, 186, 34, 192, 59, 248, 20, 86, 83, 179, 245, 87, 185, 105, 126, 25, 23, 231, 58, 148, 43, 125, 193, 163, 250, 128, 52, 19, 37, 243;
 153, 219, 85, 236, 46, 6, 159, 248, 69, 184, 176, 102, 29, 27, 161, 227, 110, 197, 22, 238, 225, 39, 45, 221, 242, 201, 103, 132, 127, 186, 33, 169;
 178, 106, 106, 227, 86, 145, 248, 212, 165, 4, 244, 167, 41, 15, 247, 9, 110, 169, 223, 213, 166, 191, 68, 232, 118, 9, 154, 137, 103, 149, 111, 216;
 194, 72, 23, 220, 110, 128, 188, 68, 168, 26, 82, 114, 188, 155, 165, 207, 230, 97, 63, 203, 97, 69, 130, 233, 20, 56, 122, 138, 20, 113, 33, 169;
 51, 121, 232, 111, 86, 212, 249, 20, 67, 64, 116, 131, 49, 31, 151, 48, 110, 185, 23, 205, 207, 152, 245, 233, 71, 109, 184, 128, 47, 146, 122, 253;
 26, 141, 126, 250, 159, 225, 211, 239, 132, 5, 204, 2, 1, 255, 40, 64, 104, 155, 155, 209, 26, 137, 123, 245, 249, 165, 158, 73, 181, 10, 180, 106;
 35, 133, 72, 200, 92, 135, 202, 107, 71, 160, 216, 3, 32, 200, 180, 128, 88, 170, 19, 189, 222, 43, 76, 159, 62, 12, 139, 253, 125, 138, 120, 140;
 246, 74, 226, 196, 100, 59, 105, 82, 81, 174, 246, 239, 11, 13, 247, 29, 126, 204, 55, 238, 140, 246, 165, 194, 86, 90, 241, 160, 239, 253, 120, 221;
 2, 217, 142, 188, 13, 164, 237, 151, 142, 11, 202, 0, 176, 187, 48, 72, 200, 42, 59, 129, 10, 8, 82, 177, 197, 182, 222, 8, 152, 88, 176, 10;
 35, 137, 103, 199, 181, 214, 175, 229, 76, 104, 90, 66, 112, 28, 180, 228, 72, 102, 18, 239, 209, 184, 101, 173, 45, 56, 130, 194, 79, 143, 240, 237;
 61, 135, 109, 75, 22, 83, 203, 248, 69, 64, 253, 230, 91, 72, 190, 164, 122, 136, 22, 238, 237, 176, 109, 189, 234, 205, 161, 132, 119, 175, 120, 228;
 209, 129, 31, 234, 20, 134, 107, 57, 164, 5, 203, 2, 113, 67, 56, 96, 112, 1, 42, 232, 90, 137, 56, 29, 233, 169, 170, 68, 16, 2, 161, 34;
 3, 146, 156, 155, 188, 173, 176, 11, 158, 29, 89, 113, 164, 218, 46, 72, 199, 11, 23, 21, 150, 24, 66, 245, 142, 22, 58, 235, 144, 73, 153, 135;
 118, 127, 107, 226, 246, 192, 255, 229, 168, 204, 218, 235, 113, 222, 63, 48, 254, 179, 87, 231, 206, 131, 4, 109, 113, 8, 174, 136, 5, 82, 246, 91;
 189, 57, 123, 98, 242, 205, 251, 240, 96, 236, 252, 44, 59, 29, 151, 49, 206, 250, 87, 122, 171, 186, 112, 44, 127, 201, 32, 160, 79, 139, 70, 251;
 152, 19, 91, 236, 180, 151, 91, 113, 20, 12, 95, 230, 83, 7, 160, 65, 124, 188, 21, 170, 249, 152, 49, 158, 242, 239, 160, 192, 62, 170, 252, 49;
 15, 219, 7, 137, 207, 23, 175, 241, 6, 252, 86, 231, 8, 142, 242, 196, 108, 109, 187, 199, 213, 26, 111, 240, 60, 96, 239, 238, 30, 63, 189, 85;
 54, 151, 72, 234, 222, 165, 222, 249, 135, 12, 221, 135, 81, 255, 62, 64, 253, 210, 31, 226, 94, 11, 26, 183, 251, 175, 171, 255, 61, 203, 252, 19;
 139, 147, 118, 161, 215, 159, 188, 119, 236, 89, 243, 86, 140, 26, 54, 229, 238, 35, 154, 181, 245, 185, 49, 213, 47, 89, 154, 67, 95, 12, 233, 198;
 38, 48, 162, 152, 77, 119, 177, 73, 94, 247, 69, 18, 204, 248, 127, 12, 217, 8, 179, 179, 20, 119, 186, 210, 13, 22, 219, 47, 144, 111, 125, 198;
 163, 17, 106, 137, 124, 147, 217, 88, 68, 101, 212, 135, 1, 140, 182, 32, 216, 40, 147, 253, 159, 187, 116, 157, 66, 93, 138, 209, 29, 12, 88, 212;
 254, 89, 251, 252, 244, 100, 94, 216, 19, 136, 220, 42, 123, 255, 121, 126, 124, 254, 181, 242, 43, 67, 226, 170, 243, 229, 164, 139, 167, 249, 116, 35;
 52, 30, 122, 122, 116, 167, 219, 80, 253, 12, 121, 35, 119, 219, 41, 16, 190, 185, 23, 114, 134, 179, 10, 127, 208, 221, 34, 202, 117, 171, 101, 147;
 185, 74, 72, 223, 14, 17, 204, 124, 87, 2, 213, 66, 115, 200, 251, 109, 120, 232, 62, 203, 204, 39, 111, 177, 210, 201, 235, 185, 55, 187, 120, 140;
 19, 148, 107, 67, 212, 63, 233, 247, 76, 67, 126, 87, 27, 44, 190, 97, 107, 138, 23, 141, 189, 184, 53, 230, 101, 40, 186, 192, 245, 204, 241, 252;
 75, 80, 240, 204, 109, 20, 184, 24, 201, 90, 149, 166, 188, 30, 191, 239, 230, 213, 191, 175, 197, 7, 162, 193, 214, 123, 250, 142, 30, 244, 41, 253;
 34, 179, 224, 203, 244, 177, 186, 79, 75, 65, 121, 239, 160, 24, 220, 128, 218, 139, 19, 149, 150, 58, 196, 208, 46, 28, 142, 238, 221, 142, 218, 199;
 189, 201, 104, 75, 22, 147, 207, 248, 69, 224, 214, 198, 83, 73, 191, 100, 120, 232, 22, 255, 205, 176, 109, 188, 234, 205, 165, 196, 127, 191, 120, 212;
 3, 147, 58, 158, 187, 177, 148, 103, 207, 77, 92, 167, 172, 174, 166, 192, 198, 59, 174, 5, 150, 9, 38, 245, 162, 117, 26, 203, 28, 76, 173, 95;
 188, 242, 104, 235, 150, 3, 75, 216, 23, 49, 149, 150, 211, 77, 121, 40, 94, 152, 31, 251, 170, 38, 125, 151, 219, 197, 141, 116, 191, 139, 84, 48;
 37, 201, 115, 74, 114, 133, 251, 220, 223, 12, 112, 66, 88, 219, 189, 48, 254, 57, 22, 126, 195, 179, 42, 253, 103, 156, 35, 206, 119, 147, 99, 165;
 34, 153, 154, 184, 157, 197, 144, 199, 150, 9, 200, 19, 148, 153, 96, 64, 201, 58, 19, 17, 22, 171, 82, 179, 235, 4, 158, 107, 144, 8, 189, 138;
 18, 173, 234, 147, 211, 240, 184, 199, 15, 117, 14, 147, 41, 46, 118, 192, 107, 155, 147, 149, 30, 152, 29, 247, 191, 69, 158, 199, 181, 68, 189, 222;
 54, 218, 122, 90, 82, 229, 154, 240, 141, 12, 125, 231, 56, 223, 164, 17, 238, 187, 151, 194, 22, 58, 10, 125, 23, 141, 162, 235, 113, 3, 46, 211;
 253, 72, 105, 168, 125, 77, 195, 216, 71, 96, 212, 11, 19, 29, 115, 40, 72, 136, 95, 127, 143, 54, 117, 144, 215, 217, 160, 125, 119, 175, 116, 102;
 16, 133, 63, 186, 52, 226, 235, 107, 84, 129, 211, 34, 245, 110, 184, 97, 120, 50, 31, 177, 56, 137, 37, 254, 201, 167, 250, 64, 148, 136, 116, 104;
 23, 5, 99, 140, 84, 18, 232, 105, 88, 64, 217, 198, 81, 204, 188, 36, 126, 173, 18, 173, 213, 178, 52, 220, 16, 44, 171, 204, 29, 166, 115, 244;
 118, 112, 218, 224, 94, 99, 186, 72, 137, 132, 185, 170, 68, 222, 109, 42, 122, 177, 203, 177, 12, 35, 0, 200, 17, 132, 11, 59, 229, 43, 39, 131;
 74, 131, 66, 128, 211, 145, 186, 103, 43, 37, 120, 175, 12, 175, 102, 132, 254, 191, 131, 213, 18, 27, 128, 214, 60, 84, 143, 239, 151, 6, 165, 212;
 58, 138, 40, 169, 28, 129, 219, 72, 198, 165, 156, 131, 33, 201, 50, 0, 216, 184, 19, 209, 10, 45, 78, 191, 217, 5, 139, 121, 21, 142, 116, 202;
 44, 166, 104, 201, 220, 179, 186, 203, 94, 53, 61, 147, 81, 104, 126, 40, 217, 8, 147, 177, 150, 50, 125, 150, 78, 13, 169, 229, 213, 203, 220, 194;
 146, 217, 49, 216, 159, 197, 147, 198, 151, 17, 192, 18, 16, 223, 96, 100, 233, 154, 147, 209, 91, 11, 122, 247, 185, 4, 158, 111, 177, 8, 180, 186;
 118, 82, 233, 224, 109, 125, 216, 216, 11, 123, 61, 127, 75, 60, 95, 56, 253, 157, 183, 51, 141, 54, 121, 146, 23, 223, 209, 191, 247, 255, 86, 215;
 23, 108, 170, 169, 94, 229, 184, 206, 134, 75, 216, 135, 153, 156, 119, 40, 239, 9, 95, 149, 134, 135, 199, 194, 117, 77, 170, 204, 133, 31, 57, 211;
 35, 42, 163, 81, 245, 245, 185, 198, 206, 253, 124, 128, 136, 140, 247, 108, 205, 43, 19, 157, 135, 184, 118, 240, 15, 88, 154, 227, 213, 85, 95, 253;
 51, 206, 98, 141, 118, 146, 218, 182, 69, 65, 90, 231, 104, 40, 182, 116, 254, 231, 151, 229, 204, 152, 5, 255, 34, 62, 154, 131, 63, 158, 120, 95;
 34, 255, 40, 170, 124, 193, 155, 236, 30, 68, 93, 175, 164, 204, 114, 0, 222, 59, 151, 71, 198, 42, 94, 255, 116, 21, 174, 187, 28, 30, 31, 219;
 34, 52, 232, 203, 213, 37, 248, 79, 91, 9, 121, 31, 1, 185, 124, 8, 217, 154, 19, 145, 155, 58, 216, 146, 15, 92, 154, 238, 221, 78, 250, 154;
 11, 180, 165, 177, 95, 183, 185, 82, 175, 249, 28, 215, 156, 30, 86, 175, 167, 3, 91, 149, 147, 216, 51, 192, 13, 88, 158, 198, 134, 68, 51, 255;
 169, 226, 0, 186, 93, 133, 200, 253, 215, 25, 144, 70, 162, 200, 124, 133, 201, 10, 19, 221, 223, 47, 26, 183, 41, 88, 158, 124, 91, 12, 248, 142;
 178, 254, 104, 250, 94, 209, 154, 236, 214, 4, 208, 163, 37, 200, 55, 129, 238, 57, 147, 195, 230, 47, 14, 255, 122, 65, 170, 171, 117, 9, 125, 139;
 22, 122, 234, 168, 86, 39, 159, 222, 30, 78, 216, 175, 13, 142, 51, 8, 254, 153, 159, 149, 138, 7, 20, 202, 240, 5, 174, 172, 189, 124, 53, 219;
 230, 88, 181, 158, 111, 100, 184, 202, 155, 218, 144, 51, 44, 222, 101, 235, 199, 81, 187, 215, 39, 71, 218, 226, 23, 50, 222, 171, 148, 125, 53, 223;
 167, 12, 111, 29, 79, 247, 185, 66, 220, 198, 81, 147, 80, 92, 55, 41, 232, 33, 19, 167, 164, 246, 54, 220, 7, 26, 202, 2, 85, 45, 112, 214;
 23, 125, 227, 130, 206, 4, 191, 216, 138, 214, 89, 199, 92, 238, 127, 14, 63, 219, 147, 199, 194, 67, 190, 226, 121, 8, 143, 174, 37, 119, 179, 241;
 86, 74, 150, 150, 15, 18, 174, 96, 141, 134, 146, 199, 108, 234, 55, 207, 102, 229, 191, 199, 196, 133, 6, 232, 144, 34, 202, 131, 47, 119, 33, 12;
 6, 122, 218, 192, 101, 221, 48, 80, 171, 156, 52, 40, 12, 151, 229, 62, 134, 57, 215, 80, 0, 167, 162, 192, 71, 217, 101, 171, 130, 185, 79, 167;
 98, 81, 234, 68, 69, 82, 252, 117, 65, 138, 246, 42, 64, 185, 245, 190, 120, 252, 179, 234, 204, 243, 164, 200, 51, 57, 196, 139, 111, 250, 254, 142;
 139, 51, 112, 225, 254, 131, 185, 124, 137, 140, 148, 231, 157, 29, 251, 7, 110, 185, 215, 245, 242, 171, 100, 204, 126, 89, 174, 238, 111, 140, 35, 249;
 135, 49, 113, 233, 254, 197, 185, 92, 140, 136, 216, 226, 189, 223, 253, 35, 110, 185, 151, 241, 147, 2, 96, 204, 125, 9, 175, 234, 213, 8, 33, 185;
 75, 26, 146, 220, 105, 164, 188, 82, 136, 138, 88, 64, 188, 179, 97, 206, 198, 123, 179, 129, 3, 3, 130, 224, 5, 180, 250, 138, 154, 113, 33, 171;
 191, 76, 110, 157, 71, 247, 189, 66, 84, 66, 80, 147, 89, 92, 55, 169, 122, 169, 147, 167, 228, 182, 52, 206, 85, 43, 218, 1, 245, 125, 117, 214;
 134, 189, 35, 179, 182, 135, 187, 99, 30, 65, 89, 215, 157, 78, 60, 32, 255, 27, 19, 149, 179, 152, 28, 215, 45, 87, 186, 198, 157, 12, 181, 244;
 46, 4, 224, 65, 213, 119, 218, 138, 83, 163, 103, 18, 65, 105, 125, 204, 89, 220, 179, 56, 152, 242, 125, 130, 15, 95, 149, 119, 247, 237, 88, 130;
 234, 193, 114, 140, 231, 18, 124, 101, 233, 4, 215, 19, 13, 26, 178, 65, 234, 181, 63, 201, 212, 155, 132, 196, 214, 121, 250, 193, 6, 140, 249, 11;
 43, 5, 98, 137, 213, 55, 172, 103, 69, 69, 88, 151, 8, 172, 182, 172, 124, 138, 147, 61, 148, 186, 36, 206, 38, 92, 138, 131, 215, 222, 248, 196;
 66, 219, 227, 94, 114, 20, 189, 183, 49, 73, 94, 227, 104, 47, 180, 100, 126, 247, 181, 133, 192, 154, 167, 237, 62, 62, 254, 138, 39, 148, 180, 125;
 115, 148, 53, 140, 189, 71, 24, 43, 79, 123, 155, 123, 76, 58, 38, 103, 201, 149, 127, 161, 125, 15, 81, 221, 187, 62, 219, 215, 30, 44, 144, 15;
 96, 129, 209, 235, 252, 37, 73, 27, 79, 33, 153, 90, 147, 43, 88, 64, 89, 146, 63, 24, 26, 10, 91, 147, 221, 156, 186, 124, 148, 202, 208, 32;
 163, 170, 34, 249, 87, 151, 186, 74, 222, 164, 88, 2, 40, 200, 52, 32, 250, 57, 19, 209, 134, 191, 4, 223, 13, 92, 139, 99, 85, 14, 113, 134;
 60, 151, 124, 233, 254, 115, 218, 90, 86, 57, 125, 34, 81, 124, 190, 32, 255, 24, 151, 49, 178, 178, 109, 158, 95, 207, 163, 245, 245, 203, 116, 179;
 50, 78, 237, 164, 46, 98, 157, 254, 148, 238, 154, 167, 17, 45, 183, 11, 111, 229, 127, 165, 224, 231, 37, 206, 112, 42, 255, 148, 117, 248, 117, 251;
 41, 113, 118, 226, 85, 223, 241, 68, 197, 193, 246, 10, 59, 24, 63, 163, 232, 160, 18, 120, 175, 179, 48, 140, 127, 217, 128, 1, 67, 10, 116, 174;
 53, 233, 107, 5, 84, 147, 239, 244, 68, 224, 126, 198, 49, 232, 182, 160, 120, 232, 22, 239, 205, 186, 45, 111, 60, 12, 167, 160, 109, 154, 120, 252;
 14, 233, 153, 161, 205, 71, 190, 230, 30, 176, 24, 2, 156, 190, 113, 169, 249, 125, 179, 211, 85, 90, 123, 240, 189, 145, 207, 60, 148, 123, 29, 170;
 52, 81, 120, 235, 69, 221, 86, 89, 69, 44, 117, 42, 115, 221, 44, 112, 216, 152, 151, 98, 74, 50, 122, 149, 87, 221, 161, 63, 113, 10, 212, 179;
 102, 34, 241, 163, 110, 105, 248, 202, 15, 55, 25, 171, 143, 45, 89, 10, 59, 137, 223, 17, 134, 48, 204, 208, 212, 84, 155, 189, 213, 94, 85, 195;
 61, 120, 235, 231, 102, 107, 251, 80, 97, 230, 126, 175, 27, 13, 215, 56, 62, 253, 23, 222, 137, 182, 180, 168, 214, 205, 176, 160, 229, 251, 118, 248;
 2, 73, 10, 140, 85, 128, 170, 102, 141, 1, 216, 3, 164, 154, 51, 64, 232, 43, 19, 193, 70, 155, 18, 253, 177, 52, 154, 11, 20, 26, 61, 142;
 214, 76, 55, 164, 142, 70, 127, 224, 169, 138, 146, 66, 92, 255, 49, 67, 226, 245, 125, 243, 97, 135, 144, 234, 241, 164, 175, 136, 165, 51, 37, 35;
 87, 92, 147, 220, 74, 36, 43, 154, 152, 154, 154, 230, 92, 246, 233, 111, 119, 213, 63, 227, 33, 71, 154, 234, 153, 38, 239, 142, 141, 115, 33, 49;
 19, 159, 99, 149, 178, 184, 186, 115, 125, 64, 90, 231, 44, 236, 180, 228, 54, 59, 151, 213, 151, 152, 36, 239, 44, 44, 42, 130, 47, 206, 33, 253;
 96, 129, 225, 202, 252, 33, 201, 155, 79, 85, 221, 218, 176, 175, 252, 100, 219, 138, 63, 28, 155, 42, 251, 241, 77, 60, 146, 124, 150, 138, 212, 96;
 203, 80, 242, 236, 111, 24, 252, 92, 233, 86, 245, 134, 173, 202, 191, 239, 110, 193, 255, 175, 198, 39, 182, 193, 214, 249, 250, 141, 30, 188, 41, 221;
 194, 193, 106, 204, 68, 139, 124, 101, 189, 4, 215, 147, 8, 140, 54, 65, 104, 165, 59, 133, 124, 191, 17, 196, 119, 56, 218, 69, 21, 136, 244, 72;
 13, 161, 49, 89, 181, 253, 176, 3, 254, 93, 125, 16, 142, 152, 126, 173, 131, 11, 138, 25, 150, 168, 55, 209, 79, 219, 18, 79, 210, 76, 197, 198;
 3, 88, 147, 219, 54, 241, 138, 192, 15, 64, 208, 226, 188, 218, 177, 236, 206, 121, 158, 195, 3, 164, 102, 249, 132, 180, 170, 138, 28, 155, 57, 173;
 195, 145, 190, 220, 223, 240, 184, 107, 238, 81, 79, 18, 188, 254, 62, 102, 226, 19, 187, 145, 22, 137, 54, 197, 15, 47, 218, 75, 151, 68, 173, 230;
 163, 203, 119, 207, 180, 215, 167, 229, 76, 72, 122, 98, 32, 24, 180, 164, 72, 118, 22, 107, 241, 184, 101, 173, 44, 56, 166, 194, 71, 143, 240, 173;
 218, 156, 122, 216, 67, 208, 184, 103, 201, 87, 68, 50, 40, 158, 54, 101, 227, 187, 179, 145, 118, 15, 182, 245, 27, 121, 218, 203, 55, 4, 181, 238;
 157, 115, 107, 195, 54, 147, 171, 81, 20, 224, 87, 230, 249, 77, 178, 32, 62, 56, 23, 255, 227, 144, 45, 142, 226, 77, 175, 128, 39, 174, 17, 241;
 27, 195, 40, 190, 18, 128, 159, 125, 4, 69, 220, 167, 253, 111, 58, 96, 126, 147, 31, 197, 218, 138, 103, 125, 240, 37, 186, 201, 53, 6, 181, 123;
 163, 215, 122, 89, 246, 147, 252, 215, 93, 77, 116, 118, 8, 137, 182, 37, 254, 10, 6, 220, 246, 184, 36, 223, 102, 24, 54, 195, 95, 156, 229, 223;
 10, 215, 21, 171, 52, 227, 184, 191, 30, 73, 90, 102, 172, 63, 40, 192, 223, 27, 151, 161, 51, 152, 81, 253, 172, 87, 190, 195, 28, 90, 189, 155;
 124, 74, 110, 104, 206, 34, 255, 216, 64, 230, 252, 175, 19, 13, 179, 11, 110, 196, 55, 239, 136, 51, 101, 0, 86, 9, 225, 140, 245, 249, 118, 242;
 11, 184, 234, 211, 119, 245, 185, 199, 191, 69, 92, 133, 172, 174, 118, 36, 135, 59, 147, 21, 150, 152, 54, 241, 79, 28, 26, 235, 151, 132, 247, 255;
 187, 220, 110, 220, 47, 145, 253, 245, 157, 86, 212, 183, 56, 158, 182, 101, 110, 241, 159, 207, 228, 143, 54, 255, 242, 107, 218, 147, 55, 156, 252, 253;
 250, 129, 152, 254, 93, 81, 80, 105, 87, 165, 197, 26, 108, 243, 106, 224, 216, 154, 174, 128, 62, 11, 251, 155, 147, 221, 155, 59, 18, 40, 92, 110;
 195, 79, 87, 238, 108, 24, 126, 180, 237, 72, 18, 194, 172, 170, 181, 247, 230, 227, 63, 239, 229, 37, 36, 235, 182, 120, 74, 136, 30, 177, 41, 13;
 75, 145, 40, 175, 18, 198, 191, 61, 4, 77, 223, 135, 245, 111, 58, 96, 118, 143, 63, 173, 211, 154, 61, 117, 97, 45, 170, 192, 61, 130, 177, 121;
 19, 129, 238, 221, 242, 210, 189, 55, 61, 69, 94, 131, 120, 47, 182, 100, 118, 55, 183, 141, 208, 152, 39, 205, 107, 63, 222, 195, 183, 132, 165, 127;
 131, 88, 3, 221, 79, 149, 174, 196, 143, 0, 80, 198, 172, 158, 52, 228, 236, 121, 147, 195, 71, 54, 82, 241, 37, 48, 138, 170, 29, 25, 57, 189;
 211, 74, 76, 189, 46, 10, 77, 182, 221, 50, 146, 198, 183, 40, 177, 107, 102, 100, 61, 111, 233, 213, 69, 190, 224, 251, 250, 144, 60, 184, 89, 8;
 103, 82, 237, 64, 238, 82, 207, 184, 64, 254, 150, 238, 80, 60, 223, 239, 126, 196, 55, 239, 205, 119, 237, 192, 22, 43, 231, 236, 63, 255, 120, 117;
 131, 216, 183, 220, 5, 132, 189, 199, 238, 91, 66, 20, 188, 218, 36, 110, 228, 41, 59, 13, 195, 141, 50, 227, 129, 58, 90, 2, 24, 16, 33, 126;
 11, 203, 195, 157, 178, 208, 174, 167, 31, 69, 90, 227, 237, 174, 190, 228, 103, 3, 179, 133, 215, 152, 47, 247, 164, 118, 158, 195, 150, 156, 181, 108;
 67, 66, 208, 204, 110, 0, 189, 120, 169, 10, 176, 230, 188, 74, 189, 126, 230, 209, 63, 175, 193, 39, 130, 195, 148, 62, 250, 136, 29, 240, 35, 169;
 34, 254, 160, 155, 247, 181, 146, 198, 31, 69, 88, 167, 40, 140, 118, 132, 207, 107, 131, 85, 198, 58, 206, 247, 46, 20, 30, 235, 85, 13, 125, 223;
 29, 8, 253, 225, 166, 251, 120, 18, 39, 241, 22, 170, 159, 21, 211, 172, 39, 188, 191, 88, 16, 184, 97, 180, 207, 207, 113, 117, 166, 169, 13, 225;
 250, 93, 106, 172, 23, 94, 126, 164, 41, 70, 254, 135, 43, 14, 54, 87, 228, 229, 157, 230, 236, 155, 117, 237, 243, 241, 130, 19, 39, 156, 124, 94;
 42, 151, 40, 177, 176, 228, 125, 151, 62, 127, 94, 181, 156, 55, 234, 88, 199, 10, 63, 28, 146, 24, 113, 211, 207, 255, 190, 194, 154, 68, 212, 123;
 188, 25, 125, 113, 167, 221, 253, 113, 37, 204, 183, 54, 58, 93, 135, 37, 238, 177, 215, 106, 249, 180, 113, 158, 87, 219, 97, 210, 103, 172, 70, 243;
 147, 216, 95, 220, 106, 132, 189, 244, 172, 16, 82, 226, 189, 147, 161, 105, 102, 49, 63, 202, 195, 25, 2, 241, 212, 170, 122, 130, 60, 145, 33, 169;
 255, 33, 110, 228, 70, 2, 107, 88, 32, 196, 223, 199, 81, 79, 155, 19, 126, 213, 117, 239, 200, 210, 197, 8, 210, 169, 235, 140, 45, 163, 122, 112;
 45, 162, 192, 195, 244, 57, 235, 217, 91, 39, 61, 206, 11, 105, 222, 156, 91, 136, 151, 28, 154, 50, 236, 144, 94, 221, 181, 189, 255, 207, 90, 164;
 71, 90, 178, 156, 107, 180, 184, 67, 153, 222, 80, 247, 12, 222, 103, 235, 231, 61, 179, 147, 196, 213, 130, 192, 23, 56, 90, 139, 148, 117, 41, 199;
 31, 79, 110, 207, 70, 146, 239, 252, 68, 78, 92, 166, 121, 77, 183, 97, 126, 98, 23, 239, 224, 176, 36, 125, 102, 43, 226, 129, 119, 255, 117, 249;
 252, 131, 102, 72, 53, 82, 90, 248, 69, 4, 247, 34, 75, 25, 188, 244, 120, 132, 191, 250, 152, 179, 37, 204, 82, 235, 160, 197, 119, 175, 116, 34;
 63, 88, 227, 196, 101, 31, 254, 210, 81, 226, 54, 203, 27, 29, 213, 188, 127, 220, 183, 206, 205, 182, 129, 128, 83, 220, 209, 166, 239, 253, 112, 151;
 11, 90, 146, 191, 39, 156, 184, 198, 191, 27, 82, 114, 172, 154, 53, 202, 231, 123, 191, 129, 167, 148, 130, 227, 132, 52, 250, 130, 28, 80, 41, 141;
 90, 143, 102, 222, 163, 240, 189, 39, 189, 7, 95, 178, 104, 235, 182, 77, 99, 51, 191, 137, 176, 137, 38, 237, 82, 127, 218, 131, 183, 196, 173, 111;
 162, 249, 42, 184, 221, 197, 145, 231, 134, 29, 144, 11, 52, 153, 116, 1, 200, 186, 19, 145, 90, 107, 210, 149, 121, 16, 158, 123, 17, 8, 244, 235;
 181, 73, 106, 107, 20, 139, 207, 240, 68, 224, 214, 227, 115, 73, 183, 96, 120, 232, 23, 239, 204, 176, 109, 60, 242, 201, 165, 132, 125, 187, 112, 200;
 123, 144, 117, 237, 110, 20, 72, 57, 65, 83, 181, 246, 91, 31, 156, 247, 127, 149, 53, 174, 223, 54, 125, 213, 22, 251, 224, 196, 63, 138, 248, 53;
 16, 72, 15, 233, 60, 226, 73, 90, 134, 17, 218, 2, 53, 211, 48, 96, 106, 152, 63, 217, 27, 137, 7, 157, 217, 161, 171, 204, 180, 137, 52, 32;
 251, 80, 73, 200, 80, 22, 75, 88, 5, 12, 244, 200, 27, 23, 173, 112, 94, 148, 21, 234, 9, 134, 113, 30, 211, 173, 160, 156, 51, 163, 102, 113;
 60, 42, 232, 225, 100, 39, 251, 218, 66, 175, 112, 7, 17, 9, 81, 8, 93, 220, 23, 127, 154, 54, 221, 128, 94, 205, 171, 236, 245, 235, 114, 130;
 151, 66, 236, 205, 44, 19, 200, 88, 205, 130, 211, 198, 211, 202, 189, 106, 90, 128, 31, 139, 140, 165, 119, 194, 130, 252, 170, 152, 156, 187, 112, 4;
 227, 27, 99, 78, 124, 148, 159, 113, 201, 204, 243, 110, 96, 248, 182, 102, 220, 236, 55, 231, 220, 171, 246, 206, 114, 60, 194, 138, 93, 46, 116, 215;
 189, 81, 107, 229, 70, 6, 239, 112, 64, 194, 119, 198, 81, 141, 188, 34, 126, 236, 19, 239, 193, 182, 180, 10, 119, 169, 162, 128, 109, 187, 114, 240;
 129, 223, 103, 205, 118, 211, 175, 245, 76, 72, 82, 98, 160, 28, 180, 229, 250, 34, 22, 105, 229, 184, 37, 253, 36, 56, 174, 194, 21, 12, 241, 109;
 189, 127, 193, 200, 214, 55, 207, 251, 82, 226, 156, 206, 81, 224, 249, 167, 121, 200, 18, 254, 233, 39, 60, 154, 57, 8, 143, 60, 191, 251, 242, 180;
 10, 151, 40, 187, 242, 153, 57, 127, 30, 29, 93, 247, 173, 142, 170, 192, 39, 27, 131, 133, 214, 24, 38, 215, 236, 5, 186, 239, 20, 140, 133, 221;
 187, 8, 38, 188, 13, 181, 200, 74, 132, 82, 196, 19, 48, 216, 55, 175, 200, 160, 51, 205, 172, 39, 82, 153, 83, 123, 202, 24, 95, 61, 120, 222;
 55, 22, 102, 201, 4, 38, 232, 82, 69, 75, 219, 87, 64, 40, 63, 45, 237, 128, 23, 175, 189, 180, 21, 194, 20, 126, 218, 130, 221, 125, 120, 148;
 10, 16, 170, 187, 197, 253, 181, 67, 30, 79, 85, 23, 172, 188, 118, 8, 173, 43, 147, 5, 22, 184, 18, 227, 71, 87, 90, 163, 221, 76, 189, 214;
 179, 73, 88, 174, 206, 145, 158, 206, 92, 2, 88, 226, 52, 154, 179, 224, 126, 107, 23, 199, 198, 58, 70, 251, 180, 44, 190, 168, 52, 216, 185, 141;
 103, 80, 232, 196, 238, 33, 255, 216, 203, 254, 20, 174, 80, 248, 255, 43, 91, 204, 51, 255, 132, 102, 190, 144, 126, 8, 229, 188, 221, 251, 80, 199;
 178, 78, 108, 191, 30, 193, 154, 104, 148, 2, 208, 179, 33, 77, 51, 1, 110, 177, 151, 227, 110, 39, 70, 191, 82, 67, 250, 185, 53, 137, 124, 155;
 80, 217, 169, 161, 180, 2, 79, 149, 6, 225, 146, 231, 151, 7, 80, 64, 70, 69, 29, 221, 218, 152, 81, 172, 236, 197, 191, 212, 188, 154, 148, 121;
 60, 74, 115, 238, 101, 157, 118, 240, 65, 10, 112, 70, 123, 217, 61, 128, 248, 232, 23, 110, 201, 182, 26, 169, 99, 205, 32, 8, 123, 187, 120, 155;
 23, 219, 98, 26, 215, 145, 190, 245, 221, 21, 88, 231, 40, 200, 190, 132, 127, 43, 135, 223, 214, 169, 14, 245, 58, 76, 142, 207, 127, 158, 185, 157;
 95, 87, 209, 204, 138, 52, 14, 218, 7, 218, 156, 230, 77, 246, 237, 238, 119, 213, 188, 238, 141, 3, 175, 240, 176, 237, 239, 190, 191, 247, 169, 53;
 115, 95, 194, 238, 210, 2, 238, 247, 177, 10, 90, 231, 105, 239, 53, 192, 126, 247, 181, 231, 237, 155, 4, 234, 50, 108, 174, 130, 47, 246, 184, 29;
 5, 135, 82, 171, 246, 139, 238, 245, 108, 0, 121, 230, 157, 56, 180, 161, 126, 11, 23, 111, 246, 184, 4, 253, 36, 8, 46, 192, 125, 218, 249, 129;
 62, 165, 96, 235, 151, 51, 218, 73, 70, 37, 153, 131, 203, 72, 88, 128, 218, 139, 151, 177, 158, 178, 93, 148, 233, 205, 139, 245, 247, 143, 220, 130;
 67, 193, 235, 207, 118, 208, 188, 45, 15, 65, 94, 163, 121, 206, 188, 96, 118, 63, 177, 141, 215, 136, 167, 213, 42, 60, 158, 201, 23, 134, 181, 252;
 195, 212, 149, 156, 111, 68, 188, 238, 26, 250, 16, 187, 188, 158, 125, 235, 199, 85, 187, 99, 103, 71, 155, 243, 21, 58, 223, 190, 28, 125, 41, 159;
 53, 85, 89, 204, 66, 119, 79, 89, 21, 66, 253, 226, 83, 87, 173, 120, 94, 152, 22, 170, 169, 130, 101, 28, 178, 237, 161, 140, 61, 243, 96, 53;
 123, 64, 250, 236, 102, 16, 252, 56, 73, 70, 244, 166, 89, 143, 183, 122, 126, 133, 183, 239, 204, 23, 164, 193, 82, 255, 234, 141, 55, 166, 105, 69;
 115, 27, 99, 142, 95, 212, 218, 96, 201, 204, 216, 79, 104, 252, 183, 229, 236, 225, 151, 231, 140, 171, 38, 237, 19, 56, 202, 138, 87, 47, 116, 223;
 11, 151, 42, 186, 187, 145, 159, 111, 159, 69, 92, 167, 172, 238, 46, 64, 230, 59, 155, 133, 214, 9, 54, 247, 106, 117, 26, 235, 20, 12, 173, 223;
 231, 77, 225, 206, 204, 69, 207, 232, 195, 226, 184, 11, 80, 252, 117, 35, 217, 212, 51, 227, 232, 115, 254, 186, 125, 28, 207, 60, 85, 123, 116, 198;
 3, 57, 171, 161, 124, 229, 185, 86, 140, 233, 216, 199, 189, 156, 115, 34, 206, 41, 31, 149, 134, 26, 116, 200, 237, 93, 170, 160, 149, 28, 49, 222;
 32, 161, 145, 234, 253, 173, 202, 11, 11, 33, 25, 26, 180, 249, 120, 0, 219, 26, 19, 17, 18, 42, 218, 147, 205, 148, 154, 126, 212, 74, 85, 162;
 214, 74, 134, 156, 14, 0, 30, 128, 137, 130, 146, 195, 236, 234, 53, 75, 230, 225, 127, 199, 108, 71, 130, 232, 144, 48, 202, 154, 4, 49, 49, 14;
 161, 223, 122, 122, 114, 135, 191, 244, 28, 64, 120, 231, 117, 222, 175, 33, 254, 251, 23, 230, 231, 182, 24, 127, 116, 9, 42, 232, 93, 147, 35, 219;
 174, 73, 106, 200, 93, 79, 67, 220, 197, 96, 180, 10, 18, 157, 53, 36, 88, 156, 223, 123, 201, 39, 112, 152, 119, 25, 128, 189, 119, 191, 84, 234;
 2, 145, 55, 219, 189, 221, 176, 35, 207, 93, 19, 17, 142, 152, 62, 100, 129, 19, 74, 17, 150, 41, 51, 213, 143, 28, 30, 71, 208, 12, 213, 103;
 34, 46, 74, 144, 211, 241, 186, 71, 153, 133, 104, 147, 44, 142, 100, 0, 235, 187, 131, 145, 22, 155, 16, 222, 59, 5, 158, 107, 209, 12, 175, 214;
 135, 237, 235, 222, 206, 36, 190, 248, 146, 194, 217, 195, 112, 238, 125, 34, 255, 251, 19, 239, 227, 67, 158, 227, 57, 12, 143, 172, 13, 115, 51, 176;
 167, 12, 175, 157, 77, 231, 168, 66, 220, 66, 66, 19, 176, 188, 55, 106, 233, 33, 51, 133, 37, 165, 51, 194, 69, 46, 218, 11, 21, 109, 117, 246;
 55, 224, 232, 65, 70, 112, 235, 216, 66, 241, 53, 138, 81, 8, 223, 42, 121, 204, 51, 251, 137, 114, 237, 192, 94, 9, 229, 237, 109, 187, 90, 228;
 183, 97, 125, 232, 54, 131, 219, 89, 73, 128, 177, 66, 27, 91, 180, 33, 126, 129, 23, 253, 235, 163, 68, 204, 242, 136, 171, 144, 101, 168, 113, 161;
 2, 217, 115, 203, 119, 141, 167, 228, 205, 1, 122, 66, 172, 156, 52, 228, 238, 19, 19, 65, 195, 184, 62, 245, 37, 60, 18, 66, 87, 30, 245, 237;
 131, 18, 119, 192, 108, 19, 216, 120, 141, 152, 176, 226, 141, 15, 180, 47, 110, 145, 95, 253, 225, 111, 68, 204, 30, 88, 250, 222, 23, 140, 33, 189;
 154, 208, 22, 185, 27, 211, 177, 71, 159, 23, 198, 50, 172, 159, 34, 205, 230, 49, 155, 145, 114, 205, 19, 215, 129, 211, 26, 67, 58, 4, 173, 95;
 60, 133, 36, 171, 157, 51, 218, 233, 70, 53, 219, 131, 75, 104, 58, 128, 217, 7, 151, 183, 28, 184, 93, 149, 235, 207, 139, 117, 247, 15, 217, 130;
 60, 151, 117, 235, 182, 7, 218, 249, 70, 41, 251, 98, 211, 125, 56, 32, 95, 148, 23, 243, 152, 176, 89, 149, 239, 207, 171, 212, 247, 139, 240, 131;
 127, 97, 235, 68, 68, 86, 237, 124, 64, 226, 254, 138, 17, 188, 247, 106, 126, 204, 51, 239, 205, 243, 181, 136, 87, 105, 229, 164, 111, 191, 122, 252;
 7, 112, 187, 220, 98, 164, 185, 82, 190, 147, 83, 242, 156, 222, 229, 107, 231, 61, 51, 147, 129, 214, 146, 192, 85, 34, 122, 138, 140, 113, 33, 179;
 60, 2, 232, 233, 22, 3, 75, 89, 21, 5, 255, 162, 19, 7, 186, 220, 126, 136, 149, 188, 26, 178, 101, 132, 210, 205, 160, 212, 183, 139, 244, 97;
 23, 39, 84, 161, 182, 171, 232, 112, 141, 176, 179, 198, 207, 11, 149, 133, 46, 161, 31, 253, 57, 240, 1, 204, 136, 216, 171, 212, 237, 139, 89, 17;
 146, 210, 109, 185, 10, 81, 28, 29, 5, 119, 150, 247, 137, 14, 206, 203, 110, 145, 255, 229, 239, 20, 119, 209, 150, 241, 250, 215, 62, 132, 140, 93;
 218, 92, 215, 252, 52, 68, 79, 180, 177, 138, 146, 98, 125, 91, 49, 123, 102, 245, 29, 235, 105, 207, 128, 232, 241, 178, 238, 152, 44, 177, 48, 41;
 131, 219, 19, 153, 103, 149, 174, 199, 78, 72, 80, 102, 172, 154, 164, 228, 238, 43, 18, 199, 199, 26, 82, 241, 36, 24, 142, 170, 29, 28, 185, 157;
 126, 104, 242, 224, 71, 43, 222, 66, 81, 162, 180, 138, 11, 185, 117, 156, 123, 220, 183, 195, 8, 183, 208, 226, 23, 204, 209, 63, 231, 253, 118, 162;
 2, 72, 147, 191, 100, 140, 168, 198, 188, 19, 82, 83, 188, 139, 49, 74, 226, 41, 59, 133, 34, 148, 130, 227, 133, 182, 218, 0, 20, 80, 49, 138;
 58, 133, 39, 137, 215, 243, 187, 99, 140, 5, 219, 163, 12, 172, 50, 192, 122, 170, 155, 33, 16, 155, 96, 157, 61, 101, 138, 195, 151, 78, 181, 226;
 40, 16, 117, 204, 93, 215, 81, 72, 199, 125, 116, 10, 8, 223, 110, 117, 216, 152, 162, 96, 14, 50, 114, 149, 87, 217, 129, 127, 19, 13, 92, 198;
 57, 80, 63, 226, 5, 221, 209, 112, 197, 196, 247, 2, 123, 25, 59, 33, 200, 160, 55, 121, 207, 179, 112, 141, 211, 217, 128, 3, 99, 142, 116, 238;
 107, 16, 116, 200, 127, 179, 88, 11, 79, 161, 155, 11, 78, 24, 52, 204, 219, 133, 255, 53, 29, 43, 83, 220, 154, 30, 153, 87, 158, 12, 80, 22;
 17, 65, 191, 161, 182, 79, 191, 87, 204, 233, 26, 195, 151, 44, 116, 32, 166, 39, 31, 21, 149, 185, 37, 8, 237, 207, 62, 128, 228, 88, 209, 217;
 35, 42, 153, 217, 109, 167, 248, 83, 31, 105, 113, 84, 144, 173, 84, 73, 204, 44, 51, 156, 145, 250, 210, 192, 7, 56, 218, 104, 209, 232, 82, 176;
 85, 17, 223, 229, 166, 46, 53, 19, 172, 211, 91, 102, 220, 186, 225, 106, 230, 117, 63, 17, 145, 208, 135, 192, 196, 168, 107, 134, 140, 249, 161, 33;
 55, 104, 224, 192, 77, 99, 74, 202, 87, 162, 52, 10, 18, 145, 117, 60, 89, 204, 19, 218, 8, 54, 193, 208, 23, 12, 145, 61, 183, 185, 80, 160;
 215, 96, 227, 196, 70, 18, 232, 208, 97, 194, 150, 194, 25, 140, 255, 174, 126, 204, 23, 239, 205, 183, 164, 192, 18, 120, 174, 132, 47, 183, 122, 237;
 155, 122, 98, 135, 111, 153, 186, 112, 133, 204, 223, 231, 169, 206, 246, 230, 110, 41, 191, 199, 197, 149, 166, 201, 22, 121, 171, 170, 47, 174, 56, 213;
 55, 77, 67, 132, 214, 6, 175, 240, 48, 192, 88, 198, 49, 206, 177, 37, 126, 236, 19, 239, 225, 146, 188, 236, 48, 40, 175, 136, 45, 247, 51, 248;
 2, 8, 159, 189, 52, 160, 185, 2, 190, 17, 80, 66, 188, 210, 33, 75, 230, 59, 27, 153, 2, 205, 2, 233, 132, 182, 58, 136, 148, 64, 33, 169;
 130, 176, 57, 146, 237, 205, 185, 3, 158, 91, 4, 25, 156, 222, 94, 43, 133, 51, 251, 17, 55, 77, 178, 211, 15, 19, 218, 251, 152, 4, 149, 119;
 74, 131, 226, 222, 215, 144, 188, 39, 61, 5, 95, 167, 104, 235, 190, 196, 119, 187, 179, 129, 212, 152, 7, 205, 62, 127, 222, 203, 151, 198, 173, 143;
 1, 218, 123, 205, 102, 194, 167, 116, 84, 78, 94, 230, 241, 77, 180, 100, 126, 56, 22, 110, 193, 188, 37, 207, 100, 44, 162, 128, 125, 186, 117, 249;
 39, 123, 129, 168, 228, 0, 174, 216, 10, 194, 88, 230, 177, 234, 241, 170, 127, 121, 19, 243, 195, 18, 142, 234, 60, 4, 175, 172, 157, 115, 49, 144;
 3, 216, 146, 157, 37, 148, 184, 134, 174, 91, 208, 70, 172, 154, 52, 202, 231, 25, 159, 133, 135, 13, 146, 241, 132, 50, 218, 138, 28, 16, 41, 157;
 26, 143, 111, 161, 182, 134, 187, 183, 140, 85, 26, 167, 157, 47, 50, 64, 103, 67, 31, 245, 178, 152, 1, 253, 236, 69, 174, 196, 164, 133, 181, 90;
 37, 121, 234, 228, 68, 39, 173, 220, 66, 226, 28, 78, 17, 249, 119, 10, 94, 108, 19, 251, 129, 114, 182, 8, 120, 12, 175, 172, 253, 250, 83, 248;
 2, 165, 163, 129, 210, 226, 187, 71, 30, 65, 74, 131, 152, 46, 116, 72, 255, 31, 147, 149, 19, 152, 53, 198, 109, 36, 158, 195, 133, 70, 181, 254;
 51, 5, 15, 172, 132, 39, 141, 66, 4, 74, 219, 215, 209, 32, 177, 73, 92, 38, 31, 175, 153, 179, 69, 156, 144, 166, 234, 144, 29, 233, 48, 16;
 60, 9, 42, 226, 148, 231, 211, 208, 70, 164, 158, 3, 209, 221, 115, 0, 88, 120, 147, 249, 8, 177, 25, 188, 235, 197, 167, 113, 247, 171, 92, 162;
 27, 91, 110, 205, 102, 146, 175, 252, 68, 76, 94, 230, 113, 109, 183, 96, 126, 98, 23, 238, 192, 184, 37, 253, 102, 47, 234, 128, 63, 187, 116, 249;
 168, 72, 114, 193, 119, 251, 241, 80, 205, 164, 246, 170, 43, 29, 183, 47, 106, 184, 215, 83, 192, 182, 100, 200, 119, 73, 32, 163, 103, 223, 124, 235;
 52, 104, 171, 232, 68, 71, 175, 216, 66, 164, 92, 2, 17, 221, 113, 40, 88, 120, 19, 251, 72, 50, 248, 152, 101, 141, 175, 44, 181, 251, 116, 224;
 139, 57, 62, 179, 45, 213, 185, 87, 204, 217, 82, 51, 188, 156, 247, 43, 238, 59, 31, 17, 150, 233, 34, 228, 77, 89, 186, 203, 156, 12, 117, 251;
 95, 139, 192, 172, 206, 22, 76, 223, 67, 230, 156, 207, 77, 98, 243, 244, 119, 197, 54, 173, 221, 3, 175, 216, 250, 111, 239, 172, 191, 246, 41, 93;
 115, 64, 115, 228, 102, 32, 233, 90, 25, 34, 122, 206, 29, 138, 245, 240, 254, 141, 55, 173, 201, 54, 164, 210, 144, 172, 234, 172, 61, 168, 113, 41;
 43, 215, 0, 142, 245, 151, 174, 255, 4, 77, 92, 231, 236, 96, 186, 196, 92, 10, 147, 173, 213, 154, 100, 159, 44, 118, 158, 202, 31, 14, 185, 221;
 24, 9, 92, 233, 60, 163, 73, 6, 6, 16, 222, 2, 181, 11, 177, 73, 74, 182, 63, 217, 10, 184, 67, 156, 204, 225, 186, 64, 180, 136, 48, 40;
 13, 104, 131, 233, 68, 70, 175, 216, 6, 192, 88, 66, 213, 214, 241, 32, 124, 104, 19, 255, 195, 18, 190, 218, 101, 12, 175, 172, 157, 123, 49, 176;
 134, 145, 62, 218, 246, 201, 177, 67, 254, 93, 113, 53, 156, 158, 110, 8, 163, 19, 39, 17, 18, 56, 26, 215, 77, 18, 58, 207, 220, 0, 165, 115;
 4, 197, 127, 203, 196, 199, 239, 197, 76, 87, 125, 18, 29, 92, 188, 41, 107, 91, 2, 251, 211, 176, 46, 244, 101, 138, 6, 68, 245, 219, 229, 228;
 245, 66, 225, 237, 44, 11, 72, 88, 197, 130, 144, 238, 131, 200, 241, 78, 90, 128, 110, 239, 200, 39, 71, 136, 144, 248, 203, 28, 60, 173, 80, 4;
 160, 161, 17, 233, 252, 137, 152, 75, 74, 33, 57, 122, 148, 25, 88, 0, 138, 27, 87, 17, 18, 42, 64, 215, 141, 148, 10, 126, 148, 8, 211, 131;
 2, 24, 177, 186, 155, 229, 153, 71, 142, 77, 88, 179, 188, 254, 32, 72, 199, 59, 155, 145, 18, 9, 18, 241, 197, 23, 154, 187, 144, 72, 133, 251;
 3, 66, 1, 192, 108, 5, 168, 114, 140, 42, 16, 230, 156, 14, 244, 42, 206, 145, 63, 143, 193, 30, 66, 212, 20, 26, 250, 168, 28, 136, 33, 169;
 15, 88, 167, 154, 13, 246, 185, 130, 236, 91, 71, 17, 220, 190, 55, 106, 229, 33, 59, 141, 135, 133, 50, 241, 71, 63, 218, 66, 146, 21, 57, 94;
 199, 74, 135, 156, 108, 0, 169, 2, 136, 154, 210, 224, 180, 194, 241, 75, 204, 101, 59, 143, 128, 70, 194, 200, 4, 48, 250, 136, 12, 57, 49, 33;
 51, 223, 99, 142, 62, 209, 158, 240, 197, 64, 218, 231, 33, 220, 183, 228, 78, 235, 158, 199, 207, 139, 102, 189, 50, 116, 138, 154, 61, 143, 56, 93;
 39, 12, 202, 137, 151, 243, 146, 75, 95, 65, 95, 23, 8, 184, 55, 236, 217, 10, 147, 149, 55, 184, 93, 222, 46, 62, 154, 195, 159, 79, 248, 150;
 44, 73, 123, 225, 180, 167, 235, 208, 70, 160, 222, 66, 81, 65, 177, 96, 94, 252, 19, 249, 153, 176, 125, 60, 109, 141, 161, 84, 191, 171, 112, 160;
 189, 65, 73, 77, 70, 83, 235, 88, 68, 224, 252, 226, 17, 21, 181, 100, 122, 188, 18, 234, 193, 182, 101, 10, 102, 140, 161, 172, 127, 186, 112, 184;
 90, 197, 99, 201, 23, 212, 175, 111, 14, 69, 79, 131, 41, 206, 60, 224, 254, 27, 147, 129, 210, 153, 180, 213, 97, 41, 138, 201, 21, 6, 181, 108;
 10, 148, 30, 153, 35, 241, 56, 71, 141, 15, 222, 179, 172, 158, 162, 196, 231, 51, 187, 144, 6, 157, 35, 215, 214, 119, 154, 203, 22, 68, 45, 95;
 34, 207, 98, 204, 246, 2, 238, 238, 17, 7, 88, 199, 41, 107, 180, 68, 127, 207, 23, 237, 248, 154, 4, 239, 62, 126, 190, 133, 53, 246, 242, 140;
 57, 66, 110, 100, 20, 27, 194, 48, 196, 160, 246, 202, 83, 9, 183, 32, 122, 164, 29, 235, 205, 181, 101, 158, 242, 237, 161, 148, 117, 170, 88, 0;
 19, 173, 42, 179, 150, 128, 191, 167, 222, 85, 26, 131, 189, 172, 118, 96, 99, 75, 27, 149, 214, 184, 36, 247, 237, 13, 158, 65, 165, 92, 181, 78;
 61, 40, 232, 225, 52, 107, 218, 82, 71, 161, 157, 39, 19, 25, 81, 8, 107, 204, 21, 253, 159, 178, 73, 172, 202, 205, 169, 245, 239, 171, 88, 146;
 228, 205, 225, 222, 220, 69, 143, 236, 90, 226, 152, 74, 112, 253, 117, 33, 217, 254, 51, 227, 97, 107, 218, 190, 61, 14, 207, 60, 85, 123, 112, 168;
 61, 60, 140, 212, 141, 55, 204, 251, 212, 250, 156, 70, 211, 96, 183, 175, 93, 228, 30, 174, 253, 235, 125, 142, 171, 203, 239, 52, 155, 248, 120, 188;
 146, 86, 59, 168, 34, 102, 157, 123, 20, 78, 220, 183, 21, 14, 171, 105, 126, 145, 31, 163, 233, 135, 53, 94, 241, 225, 170, 148, 53, 112, 37, 115;
 107, 217, 100, 205, 126, 146, 250, 188, 11, 65, 84, 231, 57, 28, 182, 100, 126, 166, 183, 197, 198, 190, 68, 255, 102, 124, 170, 131, 63, 156, 248, 221;
 62, 104, 242, 228, 71, 22, 218, 64, 65, 164, 176, 10, 11, 153, 117, 14, 120, 220, 149, 208, 12, 179, 144, 136, 19, 205, 149, 51, 231, 251, 114, 142;
 63, 56, 243, 193, 119, 47, 250, 82, 73, 224, 186, 75, 27, 29, 85, 174, 238, 253, 151, 209, 137, 178, 208, 232, 23, 220, 129, 178, 239, 255, 82, 132;
 63, 35, 224, 225, 245, 59, 234, 89, 91, 165, 61, 207, 11, 73, 223, 132, 59, 136, 151, 60, 158, 48, 76, 208, 142, 221, 133, 245, 255, 239, 90, 132;
 57, 2, 123, 101, 52, 27, 203, 113, 109, 224, 254, 198, 59, 8, 180, 224, 62, 164, 30, 172, 201, 185, 37, 142, 114, 237, 32, 144, 111, 170, 96, 45;
 106, 1, 85, 201, 125, 251, 104, 2, 15, 33, 250, 203, 136, 24, 52, 220, 202, 133, 187, 17, 21, 186, 81, 212, 30, 92, 152, 86, 158, 13, 88, 6;
 35, 48, 179, 216, 101, 172, 168, 82, 202, 9, 121, 64, 148, 157, 116, 8, 204, 59, 51, 29, 147, 186, 210, 192, 13, 60, 154, 106, 200, 9, 83, 179;
 70, 60, 142, 252, 108, 100, 185, 18, 168, 154, 134, 0, 156, 151, 113, 75, 196, 117, 123, 139, 1, 71, 210, 200, 197, 179, 218, 136, 140, 96, 53, 50;
 75, 112, 98, 142, 109, 241, 187, 64, 141, 76, 221, 167, 232, 206, 191, 228, 110, 169, 159, 239, 133, 3, 190, 221, 22, 121, 138, 171, 31, 175, 61, 212;
 168, 112, 118, 200, 127, 219, 241, 72, 207, 124, 116, 42, 8, 157, 39, 180, 234, 184, 147, 112, 3, 55, 50, 156, 87, 217, 129, 127, 87, 31, 94, 247;
 54, 239, 72, 154, 222, 145, 142, 236, 23, 52, 89, 163, 96, 204, 255, 133, 127, 171, 147, 247, 230, 18, 14, 255, 58, 6, 143, 239, 53, 159, 125, 196;
 18, 141, 42, 169, 150, 178, 186, 99, 132, 5, 218, 163, 1, 174, 32, 64, 106, 187, 155, 161, 24, 155, 4, 213, 250, 101, 138, 195, 53, 10, 189, 34;
 98, 120, 152, 133, 111, 100, 188, 202, 10, 178, 24, 170, 188, 190, 101, 110, 239, 95, 179, 129, 1, 82, 210, 225, 21, 22, 219, 175, 21, 125, 13, 143;
 31, 2, 86, 128, 167, 155, 232, 113, 173, 208, 183, 238, 143, 10, 182, 143, 42, 129, 222, 189, 21, 161, 5, 204, 156, 219, 235, 212, 239, 141, 73, 4;
 73, 64, 89, 224, 108, 5, 168, 115, 204, 128, 144, 78, 157, 27, 176, 41, 110, 129, 95, 169, 193, 39, 119, 212, 84, 155, 250, 156, 29, 136, 33, 160;
 82, 217, 147, 225, 147, 196, 189, 215, 42, 241, 66, 146, 29, 159, 96, 106, 102, 95, 187, 209, 83, 153, 145, 194, 253, 165, 30, 68, 169, 0, 165, 56;
 19, 157, 106, 170, 155, 209, 158, 229, 143, 69, 73, 167, 44, 204, 62, 64, 246, 59, 155, 197, 214, 139, 62, 245, 122, 117, 142, 203, 53, 14, 189, 222;
 184, 19, 114, 101, 116, 26, 90, 117, 65, 172, 127, 110, 27, 25, 148, 176, 124, 156, 149, 232, 216, 186, 101, 140, 114, 233, 160, 193, 103, 138, 244, 185;
 2, 154, 45, 187, 48, 164, 56, 19, 159, 93, 82, 245, 172, 14, 34, 73, 199, 59, 191, 149, 151, 220, 99, 245, 196, 50, 250, 194, 156, 12, 165, 87;
 159, 221, 210, 151, 231, 123, 166, 230, 92, 194, 92, 54, 108, 240, 175, 165, 59, 106, 146, 67, 101, 252, 46, 239, 60, 6, 95, 163, 223, 127, 185, 157;
 177, 105, 235, 68, 76, 71, 197, 69, 192, 228, 240, 10, 17, 216, 117, 32, 216, 232, 18, 226, 204, 51, 246, 8, 115, 136, 165, 56, 85, 58, 118, 138;
 161, 176, 185, 216, 253, 221, 144, 143, 94, 27, 16, 90, 176, 156, 124, 105, 205, 27, 19, 17, 182, 108, 242, 179, 15, 25, 150, 122, 212, 24, 212, 239;
 163, 91, 98, 220, 102, 149, 254, 118, 213, 76, 84, 102, 40, 188, 183, 229, 78, 106, 150, 79, 231, 168, 54, 191, 38, 121, 160, 138, 63, 188, 120, 253;
 142, 82, 61, 218, 175, 81, 181, 200, 206, 30, 181, 34, 204, 220, 173, 109, 239, 17, 170, 115, 70, 37, 43, 240, 67, 83, 87, 127, 83, 57, 165, 103;
 80, 151, 31, 248, 148, 194, 21, 55, 132, 13, 202, 50, 6, 55, 32, 67, 200, 182, 171, 16, 120, 155, 1, 140, 249, 163, 150, 67, 144, 88, 180, 42;
 252, 129, 2, 232, 13, 64, 66, 232, 5, 32, 177, 3, 75, 27, 120, 64, 248, 133, 15, 227, 88, 35, 17, 149, 251, 225, 138, 125, 55, 43, 112, 2;
 199, 217, 187, 186, 237, 212, 81, 212, 175, 93, 69, 37, 28, 222, 107, 89, 228, 25, 191, 87, 215, 3, 186, 241, 211, 112, 218, 235, 154, 23, 181, 87;
 131, 51, 146, 156, 205, 164, 184, 67, 155, 139, 81, 87, 172, 190, 117, 202, 236, 59, 179, 149, 150, 90, 146, 194, 21, 60, 218, 170, 152, 68, 41, 151;
 30, 96, 243, 192, 119, 89, 248, 68, 111, 1, 178, 195, 14, 141, 125, 140, 186, 153, 223, 81, 7, 49, 1, 192, 150, 92, 2, 74, 231, 159, 113, 140;
 83, 129, 152, 141, 44, 4, 88, 9, 43, 81, 145, 71, 172, 74, 94, 66, 238, 137, 63, 197, 207, 2, 211, 209, 132, 176, 154, 174, 28, 2, 57, 28;
 43, 81, 114, 200, 111, 151, 150, 92, 205, 228, 188, 10, 8, 220, 55, 164, 250, 177, 147, 99, 196, 35, 48, 220, 115, 89, 130, 59, 87, 30, 125, 254;
 157, 68, 107, 69, 116, 58, 235, 120, 84, 194, 118, 226, 81, 64, 179, 164, 126, 172, 22, 238, 225, 180, 37, 14, 36, 15, 161, 132, 111, 251, 112, 228;
 23, 141, 139, 161, 148, 6, 110, 167, 4, 73, 218, 210, 17, 34, 184, 64, 108, 198, 63, 221, 89, 153, 1, 226, 252, 164, 174, 192, 172, 217, 176, 32;
 0, 146, 29, 185, 108, 173, 177, 58, 14, 26, 80, 103, 180, 24, 32, 73, 199, 9, 51, 5, 130, 52, 67, 17, 69, 26, 122, 186, 16, 72, 81, 139;
 107, 16, 241, 231, 116, 36, 184, 22, 137, 25, 148, 254, 189, 31, 180, 111, 238, 159, 23, 141, 129, 139, 196, 224, 68, 120, 186, 186, 15, 200, 179, 169;
 139, 0, 147, 227, 100, 37, 168, 87, 140, 25, 81, 82, 157, 155, 240, 234, 204, 57, 23, 137, 129, 26, 240, 193, 199, 217, 186, 168, 30, 136, 1, 169;
 73, 74, 148, 157, 108, 32, 168, 10, 136, 146, 80, 226, 180, 2, 209, 234, 194, 32, 42, 13, 0, 70, 198, 192, 132, 50, 250, 168, 156, 232, 17, 169;
 219, 94, 101, 175, 46, 55, 154, 120, 92, 226, 211, 231, 253, 60, 181, 235, 110, 245, 191, 231, 233, 7, 61, 251, 144, 98, 203, 146, 61, 127, 53, 125;
 128, 9, 84, 249, 36, 137, 105, 7, 29, 21, 86, 18, 183, 3, 176, 73, 74, 170, 47, 156, 10, 188, 67, 148, 196, 248, 250, 64, 54, 136, 80, 8;
 29, 12, 87, 204, 2, 38, 107, 248, 5, 66, 221, 194, 125, 119, 177, 237, 126, 208, 23, 238, 33, 165, 31, 253, 82, 234, 227, 132, 127, 251, 32, 176;
 38, 249, 58, 168, 239, 97, 95, 205, 139, 94, 28, 33, 12, 159, 111, 18, 227, 91, 151, 83, 86, 3, 170, 240, 243, 89, 143, 255, 22, 119, 167, 211;
 45, 21, 231, 197, 230, 62, 237, 215, 80, 75, 94, 214, 89, 37, 191, 173, 127, 78, 54, 45, 177, 240, 53, 128, 68, 107, 246, 132, 175, 253, 241, 245;
 11, 151, 32, 137, 247, 145, 188, 103, 15, 108, 88, 247, 44, 142, 178, 196, 238, 11, 151, 133, 214, 26, 4, 245, 60, 80, 158, 235, 31, 12, 185, 223;
 23, 6, 207, 141, 198, 34, 173, 80, 196, 194, 223, 246, 81, 104, 191, 107, 126, 229, 58, 175, 181, 181, 101, 200, 4, 46, 234, 128, 189, 251, 57, 212;
 9, 95, 123, 205, 118, 146, 239, 116, 84, 64, 94, 230, 121, 5, 181, 100, 126, 124, 22, 238, 193, 176, 36, 239, 100, 44, 162, 128, 127, 186, 117, 253;
 234, 90, 107, 248, 104, 192, 89, 22, 169, 73, 212, 253, 188, 135, 179, 93, 198, 144, 159, 92, 131, 15, 96, 242, 214, 113, 186, 216, 30, 149, 52, 121;
 168, 109, 129, 228, 212, 67, 167, 105, 82, 162, 88, 74, 113, 249, 241, 160, 88, 126, 18, 235, 97, 250, 249, 175, 61, 134, 175, 40, 85, 106, 117, 168;
 189, 137, 87, 225, 21, 71, 74, 176, 69, 160, 150, 2, 91, 25, 48, 225, 124, 148, 29, 250, 57, 181, 17, 156, 235, 201, 129, 84, 55, 171, 80, 34;
 113, 96, 196, 172, 44, 42, 72, 10, 77, 160, 146, 206, 151, 10, 213, 222, 74, 132, 94, 61, 136, 39, 197, 192, 148, 184, 130, 28, 188, 169, 88, 4;
 138, 24, 178, 184, 115, 240, 184, 71, 159, 7, 86, 179, 172, 158, 230, 200, 231, 187, 147, 144, 54, 31, 34, 211, 86, 245, 154, 203, 150, 4, 173, 223;
 179, 193, 96, 205, 86, 131, 236, 231, 71, 1, 88, 131, 41, 9, 54, 196, 110, 139, 19, 197, 198, 186, 4, 221, 54, 108, 138, 1, 55, 158, 248, 140;
 14, 174, 64, 177, 87, 177, 184, 67, 31, 53, 89, 159, 141, 140, 118, 141, 175, 25, 131, 149, 22, 18, 12, 209, 23, 85, 155, 239, 183, 77, 159, 214;
 54, 41, 198, 225, 87, 139, 232, 64, 141, 160, 186, 11, 3, 8, 85, 2, 232, 161, 71, 209, 8, 185, 1, 204, 29, 136, 139, 115, 229, 43, 81, 130;
 107, 17, 82, 137, 95, 189, 240, 64, 143, 161, 115, 79, 8, 152, 109, 216, 216, 173, 147, 81, 22, 178, 80, 208, 30, 92, 130, 123, 157, 15, 88, 134;
 2, 30, 217, 191, 62, 225, 145, 7, 158, 67, 88, 243, 180, 190, 164, 72, 199, 59, 35, 1, 3, 168, 66, 123, 132, 150, 58, 27, 148, 72, 5, 91;
 253, 192, 85, 237, 12, 6, 74, 184, 69, 32, 231, 2, 91, 11, 56, 240, 124, 132, 61, 234, 73, 181, 89, 157, 243, 235, 129, 84, 63, 171, 120, 0;
 87, 17, 223, 220, 166, 54, 108, 25, 237, 194, 127, 246, 80, 227, 173, 239, 118, 52, 58, 46, 145, 129, 63, 200, 18, 170, 67, 6, 175, 227, 105, 53;
 131, 163, 84, 129, 61, 31, 248, 124, 205, 121, 144, 95, 140, 8, 156, 143, 174, 1, 95, 125, 183, 109, 65, 221, 14, 24, 75, 246, 30, 140, 153, 149;
 157, 78, 90, 200, 10, 23, 106, 248, 85, 0, 196, 198, 89, 67, 169, 229, 126, 216, 138, 238, 225, 7, 61, 255, 114, 137, 131, 12, 59, 177, 40, 180;
 231, 153, 194, 220, 87, 144, 106, 168, 19, 197, 228, 167, 104, 238, 238, 214, 127, 252, 162, 220, 135, 79, 190, 195, 30, 124, 135, 238, 191, 166, 124, 244;
 33, 28, 181, 197, 45, 87, 193, 59, 69, 234, 156, 10, 178, 56, 150, 39, 200, 164, 62, 44, 157, 248, 117, 140, 143, 222, 215, 18, 154, 40, 80, 110;
 6, 40, 119, 209, 119, 207, 185, 64, 169, 181, 49, 10, 156, 157, 117, 47, 174, 49, 211, 17, 19, 248, 50, 196, 13, 24, 11, 230, 199, 13, 87, 246;
 184, 85, 115, 229, 53, 30, 90, 113, 65, 4, 247, 6, 11, 13, 52, 48, 124, 156, 149, 234, 220, 186, 113, 140, 51, 249, 128, 66, 103, 138, 116, 140;
 11, 20, 170, 153, 253, 183, 176, 78, 159, 15, 88, 39, 172, 248, 55, 72, 217, 43, 179, 21, 150, 176, 18, 211, 6, 31, 155, 143, 157, 93, 57, 207;
 130, 176, 187, 90, 229, 228, 177, 195, 190, 89, 113, 17, 28, 159, 124, 104, 161, 27, 19, 17, 18, 92, 186, 241, 79, 24, 26, 107, 208, 0, 103, 234;
 3, 144, 167, 185, 112, 236, 57, 23, 174, 81, 74, 229, 188, 222, 32, 104, 199, 51, 59, 21, 147, 8, 18, 213, 13, 54, 154, 194, 156, 4, 177, 123;
 18, 141, 42, 186, 211, 181, 187, 231, 31, 77, 92, 131, 44, 143, 50, 68, 231, 59, 147, 149, 146, 27, 18, 247, 123, 69, 154, 235, 148, 12, 165, 251;
 59, 73, 98, 142, 23, 213, 94, 224, 5, 68, 236, 11, 43, 94, 55, 244, 88, 233, 147, 239, 79, 3, 124, 253, 179, 253, 138, 59, 55, 31, 126, 222;
 179, 147, 110, 136, 108, 23, 218, 91, 69, 77, 255, 255, 1, 140, 182, 116, 108, 136, 183, 199, 221, 191, 119, 209, 82, 121, 170, 200, 63, 141, 248, 213;
 47, 135, 1, 138, 213, 181, 175, 251, 93, 111, 125, 222, 136, 98, 190, 133, 93, 138, 130, 46, 183, 50, 124, 215, 36, 20, 139, 110, 147, 206, 222, 244;
 60, 1, 91, 225, 55, 74, 90, 208, 37, 97, 254, 163, 27, 31, 43, 84, 122, 157, 149, 240, 31, 178, 5, 196, 218, 205, 128, 71, 247, 143, 120, 66;
 34, 149, 10, 139, 85, 197, 181, 111, 28, 12, 93, 39, 164, 219, 42, 65, 216, 42, 131, 161, 114, 186, 80, 223, 229, 32, 138, 11, 20, 10, 189, 138;
 248, 78, 70, 237, 4, 171, 77, 81, 5, 34, 214, 194, 51, 1, 177, 77, 104, 164, 79, 170, 72, 181, 69, 159, 208, 160, 170, 16, 55, 138, 116, 40;
 103, 159, 173, 214, 244, 44, 95, 186, 26, 255, 30, 77, 116, 103, 251, 80, 213, 98, 53, 30, 147, 88, 122, 187, 239, 159, 237, 148, 156, 251, 80, 121;
 163, 94, 103, 94, 110, 212, 222, 116, 213, 74, 84, 246, 56, 220, 181, 229, 78, 232, 150, 202, 229, 238, 38, 239, 38, 122, 242, 138, 127, 188, 112, 253;
 58, 106, 162, 179, 199, 245, 184, 66, 15, 167, 92, 139, 40, 141, 119, 140, 173, 187, 131, 149, 6, 62, 2, 242, 87, 85, 154, 235, 215, 31, 63, 218;
 188, 13, 122, 110, 85, 156, 86, 96, 209, 132, 253, 10, 75, 249, 55, 17, 248, 232, 147, 238, 108, 179, 176, 170, 115, 237, 128, 11, 115, 191, 122, 134;
 47, 141, 229, 151, 245, 188, 109, 183, 27, 127, 95, 7, 254, 101, 218, 207, 5, 202, 181, 12, 179, 248, 105, 165, 238, 91, 245, 132, 190, 254, 216, 121;
 131, 219, 5, 153, 95, 151, 174, 246, 141, 88, 80, 231, 168, 12, 180, 229, 108, 11, 155, 199, 231, 152, 68, 253, 36, 16, 158, 130, 31, 156, 185, 221;
 143, 210, 229, 193, 230, 30, 237, 158, 23, 119, 86, 214, 217, 37, 216, 238, 39, 70, 183, 28, 243, 220, 237, 226, 110, 239, 246, 196, 175, 220, 213, 249;
 32, 248, 184, 249, 124, 205, 145, 159, 94, 31, 80, 30, 180, 156, 118, 40, 201, 27, 19, 17, 166, 110, 114, 147, 77, 30, 186, 106, 148, 8, 213, 187;
 67, 0, 157, 187, 109, 196, 185, 8, 206, 81, 17, 0, 188, 158, 106, 106, 198, 17, 59, 209, 7, 13, 242, 209, 197, 48, 154, 58, 20, 3, 1, 234;
 139, 147, 70, 153, 243, 146, 188, 103, 141, 89, 90, 231, 44, 202, 182, 197, 230, 43, 159, 165, 214, 137, 6, 221, 44, 48, 170, 195, 30, 4, 185, 221;
 157, 222, 183, 183, 183, 89, 182, 180, 220, 91, 18, 119, 255, 124, 187, 171, 183, 99, 159, 103, 244, 109, 44, 175, 234, 215, 126, 211, 174, 125, 149, 91;
 242, 195, 104, 232, 78, 0, 89, 40, 9, 20, 188, 171, 9, 15, 126, 80, 126, 145, 183, 227, 72, 6, 195, 209, 86, 57, 202, 239, 53, 142, 124, 66;
 1, 138, 30, 187, 52, 136, 105, 22, 158, 29, 82, 240, 183, 131, 176, 72, 70, 43, 63, 28, 130, 156, 71, 117, 196, 190, 122, 192, 148, 136, 1, 9;
 41, 173, 151, 159, 93, 211, 163, 109, 90, 224, 92, 66, 252, 240, 176, 164, 88, 110, 178, 105, 101, 250, 250, 191, 60, 22, 203, 46, 95, 46, 121, 172;
 43, 23, 197, 193, 224, 50, 108, 55, 21, 35, 79, 246, 137, 39, 132, 238, 79, 158, 178, 172, 185, 152, 117, 194, 38, 223, 212, 132, 174, 248, 200, 180;
 215, 3, 231, 142, 166, 50, 173, 89, 124, 71, 215, 215, 75, 236, 191, 111, 118, 197, 62, 175, 181, 181, 61, 192, 144, 42, 74, 132, 173, 231, 245, 117;
 77, 7, 239, 133, 166, 50, 169, 31, 100, 211, 94, 214, 209, 44, 186, 106, 127, 68, 58, 189, 149, 208, 165, 194, 76, 47, 254, 196, 173, 232, 241, 208;
 143, 120, 150, 219, 101, 188, 184, 84, 143, 25, 85, 82, 188, 219, 120, 239, 228, 59, 23, 219, 19, 84, 154, 224, 135, 216, 218, 234, 154, 11, 169, 163;
 188, 105, 114, 238, 85, 195, 210, 64, 85, 132, 225, 11, 43, 200, 55, 16, 248, 169, 131, 103, 76, 167, 24, 186, 243, 201, 129, 57, 113, 63, 118, 130;
 135, 22, 134, 149, 162, 54, 172, 27, 189, 187, 19, 247, 204, 106, 189, 207, 231, 71, 191, 167, 180, 213, 9, 194, 134, 114, 251, 134, 142, 229, 57, 133;
 123, 225, 0, 224, 29, 213, 74, 101, 3, 224, 140, 10, 10, 204, 114, 228, 216, 188, 152, 253, 79, 43, 248, 159, 187, 212, 141, 127, 51, 14, 184, 92;
 61, 205, 107, 238, 85, 219, 203, 232, 69, 64, 125, 3, 123, 77, 63, 164, 120, 232, 147, 110, 77, 182, 60, 191, 115, 205, 129, 1, 119, 175, 92, 232;
 74, 144, 183, 145, 173, 116, 48, 7, 143, 29, 195, 149, 140, 166, 98, 207, 195, 23, 235, 21, 18, 217, 211, 192, 157, 114, 218, 199, 130, 12, 181, 127;
 106, 185, 161, 178, 205, 217, 188, 196, 143, 119, 0, 139, 172, 158, 100, 142, 225, 27, 187, 193, 86, 73, 186, 241, 151, 80, 218, 187, 22, 12, 21, 254;
 169, 76, 99, 93, 85, 215, 227, 80, 84, 74, 84, 2, 49, 220, 177, 229, 72, 104, 18, 207, 225, 182, 116, 191, 101, 41, 162, 0, 119, 57, 112, 236;
 154, 151, 46, 175, 182, 194, 185, 55, 132, 12, 222, 167, 229, 39, 34, 65, 230, 51, 143, 165, 120, 137, 33, 157, 232, 225, 186, 193, 52, 4, 181, 91;
 5, 176, 155, 243, 228, 172, 56, 17, 126, 25, 83, 112, 156, 147, 232, 108, 167, 59, 54, 24, 147, 220, 136, 240, 12, 156, 58, 98, 140, 9, 129, 161;
 119, 153, 232, 200, 213, 212, 90, 221, 67, 77, 108, 15, 59, 254, 126, 112, 244, 234, 145, 220, 158, 10, 186, 243, 123, 125, 132, 111, 146, 14, 236, 86;
 9, 143, 134, 181, 244, 58, 103, 183, 62, 31, 94, 247, 172, 162, 226, 204, 113, 78, 166, 28, 118, 216, 139, 231, 44, 103, 246, 197, 130, 212, 249, 201;
 109, 210, 124, 80, 107, 253, 17, 120, 243, 126, 53, 60, 90, 213, 234, 253, 151, 24, 228, 98, 133, 119, 58, 181, 83, 219, 113, 255, 90, 165, 78, 247;
 135, 78, 244, 141, 14, 54, 173, 26, 204, 246, 135, 150, 201, 34, 183, 111, 103, 101, 42, 174, 165, 197, 55, 200, 6, 42, 207, 4, 159, 245, 33, 68;
 150, 178, 185, 186, 202, 225, 145, 204, 30, 63, 17, 187, 12, 159, 110, 8, 191, 27, 147, 145, 50, 79, 174, 243, 93, 4, 187, 239, 181, 13, 165, 243;
 159, 4, 103, 133, 7, 118, 233, 50, 84, 66, 71, 150, 89, 100, 187, 237, 123, 132, 18, 175, 173, 212, 53, 206, 68, 107, 218, 68, 47, 253, 48, 244;
 3, 144, 177, 219, 75, 253, 185, 0, 30, 123, 81, 82, 188, 158, 108, 172, 135, 27, 178, 3, 131, 52, 122, 241, 5, 18, 90, 170, 26, 75, 1, 191;
 38, 178, 233, 155, 102, 225, 177, 200, 30, 95, 81, 247, 196, 204, 254, 72, 255, 9, 135, 151, 150, 22, 238, 211, 68, 6, 186, 239, 21, 15, 53, 215;
 221, 14, 210, 140, 7, 52, 106, 154, 220, 198, 218, 70, 105, 234, 183, 235, 118, 229, 44, 239, 172, 197, 190, 235, 146, 238, 234, 8, 191, 255, 121, 4;
 147, 221, 99, 159, 87, 150, 174, 117, 93, 66, 66, 214, 120, 108, 182, 229, 126, 42, 146, 239, 229, 184, 52, 239, 53, 60, 138, 0, 63, 156, 249, 252;
 10, 146, 182, 219, 103, 189, 184, 64, 30, 63, 81, 51, 172, 159, 104, 9, 167, 27, 147, 1, 2, 220, 10, 241, 71, 83, 122, 231, 150, 15, 5, 139;
 59, 201, 106, 238, 85, 215, 86, 228, 5, 64, 236, 3, 59, 29, 55, 240, 216, 186, 147, 227, 76, 186, 120, 189, 243, 237, 128, 27, 115, 30, 116, 238;
 222, 159, 54, 166, 175, 89, 158, 248, 205, 254, 25, 175, 207, 236, 255, 35, 167, 83, 239, 99, 212, 37, 46, 234, 251, 85, 79, 191, 117, 127, 133, 87;
 87, 25, 252, 77, 142, 54, 173, 27, 76, 214, 250, 198, 81, 42, 183, 106, 103, 101, 58, 188, 149, 241, 181, 192, 22, 46, 195, 4, 189, 227, 97, 68;
 18, 144, 241, 253, 54, 79, 249, 89, 127, 41, 243, 98, 255, 91, 52, 72, 250, 157, 63, 25, 27, 248, 67, 209, 205, 254, 123, 214, 125, 42, 81, 163;
 165, 75, 104, 174, 90, 129, 255, 112, 128, 66, 117, 199, 113, 75, 179, 65, 126, 232, 19, 238, 228, 134, 126, 63, 118, 41, 234, 137, 61, 187, 72, 216;
 145, 203, 15, 191, 36, 134, 110, 164, 156, 16, 210, 70, 247, 2, 48, 65, 98, 97, 60, 207, 109, 141, 17, 125, 160, 163, 234, 0, 60, 24, 57, 8;
 151, 194, 238, 193, 164, 22, 237, 221, 84, 243, 23, 214, 81, 39, 254, 107, 127, 196, 58, 188, 245, 245, 181, 194, 94, 43, 231, 196, 175, 248, 248, 244;
 218, 215, 46, 190, 58, 128, 29, 189, 148, 68, 214, 167, 237, 207, 42, 65, 214, 179, 173, 229, 236, 143, 2, 191, 240, 227, 234, 153, 20, 144, 165, 91;
 209, 214, 252, 65, 166, 50, 189, 158, 126, 243, 54, 246, 17, 46, 222, 107, 127, 71, 62, 188, 247, 252, 237, 66, 78, 43, 254, 196, 173, 208, 225, 93;
 15, 141, 237, 211, 244, 248, 107, 179, 79, 117, 31, 134, 121, 37, 222, 230, 35, 70, 55, 28, 147, 216, 47, 177, 46, 79, 181, 192, 174, 207, 216, 245;
 70, 38, 164, 147, 109, 185, 184, 10, 155, 191, 21, 191, 136, 204, 95, 75, 201, 111, 171, 21, 38, 101, 203, 194, 78, 18, 223, 255, 133, 77, 93, 214;
 163, 167, 123, 192, 100, 124, 249, 126, 73, 83, 52, 146, 189, 45, 62, 39, 174, 147, 22, 45, 183, 43, 52, 207, 7, 89, 18, 46, 71, 200, 111, 253;
 171, 189, 21, 158, 93, 213, 178, 232, 223, 89, 93, 10, 236, 240, 238, 164, 217, 42, 162, 77, 39, 106, 250, 255, 47, 86, 3, 111, 26, 14, 25, 205;
 175, 94, 253, 67, 235, 127, 21, 158, 99, 254, 188, 189, 90, 63, 199, 191, 135, 84, 244, 70, 133, 102, 127, 242, 66, 219, 113, 191, 254, 247, 14, 247;
 78, 94, 134, 156, 107, 176, 184, 2, 168, 142, 218, 231, 172, 238, 39, 203, 230, 117, 187, 199, 4, 199, 134, 232, 20, 114, 218, 139, 12, 117, 45, 31;
 67, 67, 118, 233, 45, 159, 248, 21, 237, 56, 243, 194, 141, 138, 180, 253, 238, 133, 127, 141, 201, 185, 71, 212, 150, 248, 154, 210, 95, 132, 107, 13;
 142, 222, 238, 247, 230, 136, 125, 181, 29, 211, 87, 247, 255, 125, 250, 207, 39, 226, 183, 30, 242, 220, 12, 227, 238, 219, 252, 192, 166, 252, 216, 121;
 62, 222, 228, 215, 160, 176, 127, 182, 59, 187, 60, 240, 249, 103, 207, 254, 95, 126, 149, 154, 170, 220, 105, 235, 206, 223, 255, 129, 142, 245, 74, 185;
 218, 75, 110, 188, 2, 128, 61, 53, 164, 132, 198, 131, 237, 199, 35, 67, 102, 229, 173, 204, 104, 205, 7, 239, 224, 225, 238, 129, 37, 176, 165, 105;
 18, 157, 219, 156, 211, 243, 154, 231, 22, 65, 76, 183, 96, 254, 38, 196, 91, 123, 147, 128, 55, 136, 87, 255, 42, 38, 154, 75, 157, 76, 189, 222;
 18, 50, 115, 233, 46, 143, 248, 88, 111, 40, 251, 66, 159, 155, 116, 64, 238, 157, 127, 209, 139, 177, 131, 208, 151, 248, 171, 226, 125, 139, 97, 35;
 2, 146, 150, 155, 247, 232, 176, 135, 190, 93, 82, 181, 172, 158, 106, 79, 231, 27, 171, 17, 22, 220, 195, 241, 76, 50, 94, 195, 132, 12, 149, 223;
 215, 91, 106, 26, 160, 180, 94, 180, 137, 76, 94, 245, 12, 158, 183, 236, 134, 111, 189, 79, 213, 137, 174, 231, 162, 121, 172, 218, 14, 215, 153, 93;
 2, 149, 43, 203, 213, 242, 187, 99, 28, 69, 79, 19, 236, 254, 62, 224, 251, 59, 147, 129, 23, 152, 49, 223, 103, 55, 154, 67, 148, 78, 181, 254;
 171, 91, 117, 90, 207, 244, 155, 180, 201, 73, 181, 110, 120, 125, 149, 173, 142, 243, 215, 195, 149, 42, 122, 253, 55, 123, 88, 218, 255, 151, 235, 127;
 9, 159, 148, 159, 147, 150, 54, 183, 119, 255, 78, 71, 237, 162, 162, 196, 119, 110, 162, 140, 246, 216, 63, 255, 174, 255, 86, 67, 186, 196, 169, 205;
 99, 1, 118, 201, 109, 143, 232, 25, 239, 57, 243, 66, 136, 10, 148, 253, 238, 133, 127, 173, 139, 179, 67, 213, 150, 248, 186, 192, 15, 136, 121, 141;
 139, 211, 70, 152, 190, 146, 188, 255, 156, 81, 208, 247, 172, 138, 190, 193, 102, 3, 155, 229, 247, 13, 22, 215, 46, 49, 158, 203, 30, 132, 185, 220;
 126, 212, 58, 226, 115, 245, 186, 229, 139, 113, 173, 27, 28, 191, 110, 178, 239, 149, 211, 147, 58, 11, 184, 242, 251, 213, 159, 127, 134, 15, 174, 82;
 255, 83, 246, 2, 238, 50, 222, 216, 203, 214, 181, 239, 74, 200, 255, 94, 118, 197, 236, 246, 134, 71, 175, 226, 122, 125, 135, 255, 239, 255, 254, 87;
 50, 131, 75, 254, 170, 208, 156, 109, 156, 15, 209, 243, 37, 206, 172, 201, 238, 59, 135, 129, 86, 11, 34, 149, 50, 163, 254, 203, 21, 8, 173, 199;
 22, 121, 170, 168, 207, 69, 159, 200, 130, 208, 132, 15, 20, 223, 123, 43, 236, 209, 219, 243, 78, 67, 154, 240, 123, 0, 143, 127, 21, 63, 53, 242;
 255, 67, 234, 14, 206, 55, 222, 216, 211, 220, 181, 239, 75, 232, 191, 254, 126, 193, 174, 230, 140, 35, 15, 224, 114, 107, 229, 159, 255, 255, 104, 85;
 62, 188, 232, 215, 247, 114, 158, 248, 153, 194, 29, 167, 92, 127, 238, 23, 247, 125, 149, 34, 224, 69, 184, 238, 107, 95, 207, 191, 159, 231, 95, 243;
 71, 5, 239, 197, 199, 118, 109, 43, 97, 115, 206, 147, 89, 46, 158, 239, 97, 198, 123, 173, 181, 209, 53, 200, 47, 42, 218, 196, 167, 228, 240, 116;
 159, 217, 238, 215, 214, 22, 125, 180, 93, 209, 86, 150, 123, 61, 214, 111, 39, 223, 183, 221, 227, 252, 55, 226, 127, 107, 116, 194, 167, 188, 244, 121;
 167, 79, 97, 133, 246, 19, 238, 248, 85, 226, 90, 231, 81, 104, 191, 164, 126, 204, 18, 239, 245, 178, 109, 238, 38, 46, 165, 132, 111, 191, 248, 212;
 72, 188, 177, 179, 205, 237, 181, 143, 218, 123, 8, 24, 172, 188, 76, 170, 129, 27, 251, 17, 22, 104, 251, 179, 77, 87, 92, 127, 144, 76, 135, 207;
 73, 88, 31, 252, 12, 84, 73, 178, 212, 66, 198, 2, 253, 82, 51, 235, 192, 97, 186, 202, 237, 197, 55, 189, 195, 235, 250, 16, 24, 57, 41, 104;
 177, 92, 111, 254, 124, 135, 203, 112, 196, 66, 215, 198, 115, 201, 176, 97, 124, 224, 31, 239, 233, 167, 62, 189, 80, 171, 234, 136, 61, 187, 112, 48;
 142, 122, 97, 169, 110, 65, 187, 216, 30, 114, 80, 239, 157, 204, 249, 9, 127, 89, 179, 247, 195, 86, 190, 177, 84, 0, 239, 172, 61, 189, 53, 241;
 47, 39, 161, 139, 221, 189, 234, 75, 79, 105, 89, 94, 136, 232, 92, 164, 221, 10, 146, 61, 151, 34, 124, 214, 13, 28, 155, 124, 223, 78, 217, 148;
 126, 77, 230, 12, 143, 50, 222, 238, 131, 150, 172, 139, 75, 236, 127, 223, 123, 197, 249, 231, 76, 35, 142, 234, 114, 105, 205, 61, 247, 255, 252, 70;
 39, 79, 100, 141, 214, 19, 238, 253, 85, 226, 90, 231, 97, 104, 183, 164, 126, 108, 51, 239, 229, 176, 77, 238, 44, 46, 175, 132, 63, 254, 248, 220;
 67, 67, 114, 232, 109, 28, 248, 69, 237, 9, 243, 70, 143, 138, 180, 246, 238, 129, 127, 205, 206, 51, 197, 192, 150, 248, 138, 218, 95, 150, 233, 13;
 143, 148, 245, 247, 181, 246, 220, 59, 90, 210, 57, 211, 249, 126, 220, 171, 151, 127, 53, 189, 183, 84, 255, 223, 111, 219, 255, 196, 159, 228, 209, 113;
 15, 36, 140, 147, 205, 191, 176, 15, 94, 247, 31, 23, 204, 168, 94, 11, 161, 15, 235, 21, 182, 248, 91, 210, 76, 23, 223, 103, 133, 76, 217, 198;
 131, 252, 21, 154, 93, 221, 178, 232, 222, 89, 80, 75, 236, 216, 108, 160, 153, 43, 250, 65, 167, 111, 206, 255, 47, 22, 3, 123, 26, 14, 25, 143;
 254, 111, 226, 36, 159, 50, 95, 234, 81, 198, 172, 163, 75, 236, 247, 211, 119, 205, 173, 231, 236, 99, 175, 138, 250, 239, 197, 191, 231, 246, 118, 76;
 181, 76, 250, 226, 148, 7, 239, 230, 112, 135, 182, 23, 19, 43, 51, 89, 251, 207, 21, 238, 56, 175, 17, 42, 251, 175, 254, 16, 185, 249, 243, 138;
 92, 23, 87, 229, 179, 34, 41, 115, 101, 200, 255, 230, 95, 119, 168, 245, 118, 148, 172, 170, 185, 145, 37, 204, 176, 228, 34, 132, 47, 230, 37, 49;
 23, 223, 222, 247, 180, 186, 94, 190, 187, 147, 60, 229, 239, 255, 239, 92, 183, 115, 149, 28, 142, 216, 10, 239, 234, 223, 223, 135, 174, 245, 219, 29;
 158, 141, 239, 99, 151, 120, 254, 183, 119, 121, 126, 210, 123, 61, 220, 226, 35, 206, 181, 28, 190, 248, 45, 163, 111, 239, 229, 197, 167, 205, 212, 227;
 11, 187, 182, 31, 49, 148, 56, 183, 119, 77, 78, 5, 172, 226, 134, 196, 231, 107, 162, 140, 214, 216, 183, 255, 46, 127, 22, 67, 26, 132, 41, 223;
 87, 76, 99, 147, 199, 189, 110, 166, 253, 71, 154, 30, 175, 106, 61, 249, 227, 171, 30, 143, 253, 150, 116, 226, 183, 252, 150, 16, 172, 223, 209, 92;
 42, 175, 42, 193, 245, 191, 186, 198, 79, 41, 124, 3, 136, 168, 118, 128, 221, 43, 147, 21, 150, 186, 16, 246, 47, 93, 154, 103, 211, 79, 217, 142;
 71, 129, 167, 197, 199, 118, 169, 47, 170, 243, 10, 146, 216, 54, 220, 238, 49, 69, 59, 189, 145, 81, 181, 192, 29, 46, 223, 196, 135, 100, 181, 116;
 2, 156, 59, 217, 149, 231, 187, 106, 30, 65, 78, 2, 180, 254, 38, 96, 249, 27, 19, 145, 19, 152, 49, 223, 77, 62, 154, 67, 144, 11, 181, 242;
 215, 95, 105, 234, 164, 48, 223, 191, 25, 70, 93, 247, 189, 46, 159, 97, 183, 203, 53, 223, 255, 8, 191, 247, 226, 124, 190, 216, 189, 215, 209, 93;
 188, 78, 83, 224, 214, 111, 231, 230, 125, 43, 254, 58, 25, 59, 229, 125, 249, 156, 22, 242, 49, 191, 32, 230, 185, 206, 214, 70, 183, 217, 254, 169;
 129, 156, 187, 189, 242, 166, 185, 167, 30, 75, 74, 87, 180, 238, 32, 64, 247, 59, 35, 21, 183, 156, 18, 127, 109, 38, 58, 72, 152, 0, 161, 155;
 79, 24, 130, 156, 73, 180, 186, 66, 137, 192, 203, 199, 172, 238, 55, 206, 196, 103, 187, 135, 133, 131, 150, 232, 20, 118, 218, 138, 142, 103, 57, 84;
 69, 176, 188, 177, 237, 45, 176, 11, 234, 187, 17, 120, 158, 184, 72, 59, 135, 23, 127, 17, 146, 124, 203, 192, 141, 22, 127, 254, 128, 64, 131, 3;
 139, 145, 12, 186, 157, 151, 152, 57, 140, 81, 133, 151, 205, 74, 62, 193, 220, 131, 155, 181, 254, 11, 95, 213, 234, 19, 222, 220, 28, 14, 185, 84;
 25, 96, 83, 225, 61, 135, 104, 64, 175, 168, 250, 66, 158, 155, 97, 208, 238, 189, 126, 152, 11, 183, 195, 208, 149, 248, 171, 128, 101, 138, 96, 35;
 32, 133, 71, 203, 213, 194, 100, 109, 68, 65, 232, 2, 112, 23, 44, 113, 88, 154, 26, 40, 115, 139, 84, 157, 63, 40, 134, 81, 27, 138, 240, 186;
 129, 218, 59, 186, 118, 197, 179, 246, 156, 72, 80, 103, 52, 222, 34, 64, 238, 59, 23, 195, 230, 141, 2, 127, 65, 173, 186, 200, 16, 9, 37, 155;
 61, 8, 111, 236, 76, 230, 107, 112, 196, 66, 222, 66, 113, 215, 177, 96, 122, 164, 62, 238, 137, 179, 38, 29, 208, 239, 227, 136, 61, 235, 112, 240;
 22, 220, 252, 246, 22, 166, 155, 250, 26, 162, 28, 167, 117, 127, 5, 32, 55, 245, 21, 230, 160, 212, 62, 175, 251, 207, 239, 164, 173, 243, 83, 211;
 151, 216, 236, 247, 198, 20, 253, 181, 19, 27, 86, 18, 121, 29, 220, 107, 111, 215, 53, 223, 234, 254, 125, 227, 111, 235, 244, 192, 45, 152, 248, 248;
 153, 12, 120, 125, 135, 52, 254, 167, 85, 34, 110, 18, 121, 57, 23, 237, 105, 214, 187, 170, 236, 52, 117, 175, 103, 239, 146, 1, 119, 253, 204, 168;
 52, 133, 66, 202, 213, 187, 66, 105, 7, 1, 233, 10, 66, 209, 44, 68, 249, 138, 2, 56, 26, 187, 9, 215, 187, 148, 129, 117, 178, 10, 252, 134;
 217, 208, 13, 191, 12, 68, 77, 61, 68, 86, 135, 6, 247, 83, 58, 115, 81, 128, 60, 174, 233, 6, 123, 23, 225, 170, 210, 28, 56, 154, 240, 120]