[7, 179, 241, 195, 244, 41, 233, 89, 111, 57, 57, 254, 159, 41, 220, 40, 191, 27, 95, 25, 147, 48, 205, 211, 76, 28, 59, 228, 204, 202, 209, 161;
 86, 243, 238, 146, 139, 80, 190, 232, 171, 245, 135, 175, 76, 238, 222, 142, 55, 197, 249, 247, 214, 65, 175, 240, 58, 80, 207, 239, 167, 55, 175, 86;
 80, 79, 30, 180, 18, 130, 46, 103, 172, 132, 74, 227, 165, 130, 33, 64, 34, 127, 43, 193, 64, 153, 2, 108, 176, 160, 46, 129, 32, 16, 37, 137;
 5, 249, 20, 79, 13, 141, 66, 184, 238, 40, 41, 76, 254, 80, 1, 176, 128, 32, 74, 78, 199, 32, 91, 61, 165, 156, 1, 58, 88, 51, 67, 15;
 56, 86, 106, 76, 86, 167, 243, 120, 87, 200, 253, 110, 122, 221, 189, 32, 126, 184, 23, 233, 137, 179, 60, 223, 119, 13, 161, 140, 127, 171, 118, 179;
 195, 150, 135, 183, 163, 190, 56, 51, 188, 91, 75, 213, 236, 54, 8, 207, 167, 39, 121, 21, 181, 220, 19, 194, 140, 54, 94, 194, 136, 68, 137, 85;
 54, 249, 233, 74, 223, 85, 215, 253, 3, 236, 188, 143, 82, 253, 127, 52, 88, 216, 211, 250, 219, 43, 254, 189, 123, 12, 133, 255, 115, 191, 214, 247;
 122, 50, 238, 20, 107, 24, 184, 39, 171, 191, 182, 173, 44, 174, 198, 158, 167, 183, 237, 129, 148, 75, 135, 192, 94, 115, 124, 191, 231, 228, 15, 95;
 34, 239, 48, 201, 126, 217, 182, 239, 78, 9, 88, 98, 172, 152, 166, 224, 202, 59, 134, 65, 70, 58, 66, 183, 38, 84, 58, 171, 84, 28, 221, 143;
 193, 77, 246, 213, 116, 217, 228, 7, 249, 3, 118, 56, 191, 185, 148, 247, 34, 46, 126, 9, 96, 232, 230, 233, 166, 248, 112, 49, 70, 248, 217, 172;
 158, 124, 55, 254, 157, 212, 151, 99, 157, 134, 200, 19, 172, 222, 39, 196, 200, 121, 139, 19, 118, 143, 114, 238, 185, 246, 142, 91, 16, 13, 53, 246;
 54, 76, 234, 192, 198, 99, 111, 254, 19, 230, 252, 139, 19, 239, 119, 88, 127, 204, 55, 190, 216, 54, 180, 210, 123, 142, 133, 108, 183, 187, 118, 240;
 55, 70, 66, 138, 180, 163, 234, 83, 21, 129, 223, 199, 97, 201, 184, 196, 126, 170, 23, 191, 171, 146, 13, 254, 56, 28, 142, 128, 191, 206, 240, 188;
 41, 235, 16, 187, 125, 153, 234, 150, 78, 1, 124, 64, 173, 195, 210, 228, 74, 42, 38, 76, 2, 56, 79, 181, 230, 221, 162, 121, 30, 143, 89, 136;
 47, 178, 249, 65, 122, 127, 185, 26, 27, 236, 60, 237, 157, 21, 215, 52, 23, 28, 247, 60, 131, 116, 237, 210, 78, 95, 33, 236, 206, 164, 3, 245;
 121, 161, 251, 68, 211, 248, 105, 95, 99, 193, 110, 8, 57, 183, 214, 116, 114, 174, 16, 152, 31, 26, 244, 209, 127, 237, 128, 41, 39, 194, 106, 236;
 172, 178, 89, 161, 197, 73, 233, 121, 169, 247, 181, 158, 159, 6, 74, 155, 43, 137, 206, 179, 115, 118, 248, 212, 221, 145, 235, 125, 77, 8, 207, 240;
 35, 190, 226, 3, 116, 159, 234, 242, 123, 237, 124, 239, 40, 236, 246, 180, 63, 168, 150, 189, 151, 186, 172, 255, 62, 92, 129, 234, 207, 206, 122, 221;
 137, 162, 20, 243, 109, 153, 233, 15, 222, 63, 20, 24, 173, 130, 218, 173, 131, 11, 110, 24, 71, 124, 99, 209, 134, 217, 122, 105, 82, 140, 137, 141;
 118, 90, 195, 172, 69, 70, 71, 80, 97, 206, 178, 111, 35, 10, 7, 90, 248, 197, 236, 227, 77, 35, 209, 136, 145, 244, 162, 154, 41, 59, 118, 95;
 98, 125, 237, 159, 108, 248, 239, 172, 58, 230, 121, 234, 112, 254, 207, 120, 125, 255, 183, 195, 175, 118, 239, 255, 60, 47, 255, 169, 13, 251, 118, 252;
 66, 126, 135, 28, 9, 100, 36, 71, 168, 139, 194, 68, 172, 130, 5, 26, 224, 109, 108, 128, 7, 199, 146, 73, 177, 32, 254, 136, 8, 112, 163, 31;
 2, 24, 159, 189, 99, 228, 57, 66, 190, 31, 66, 2, 188, 183, 32, 72, 231, 123, 59, 145, 2, 217, 146, 225, 221, 54, 90, 139, 128, 1, 37, 171;
 39, 191, 232, 26, 252, 181, 146, 223, 91, 233, 29, 237, 104, 236, 254, 164, 159, 107, 150, 85, 151, 42, 206, 255, 46, 28, 45, 254, 223, 222, 218, 223;
 114, 157, 30, 190, 253, 196, 54, 229, 141, 12, 207, 3, 110, 251, 34, 193, 216, 243, 175, 227, 120, 11, 26, 253, 251, 247, 206, 91, 16, 42, 188, 10;
 116, 98, 211, 164, 70, 104, 99, 192, 41, 228, 179, 42, 79, 194, 197, 218, 122, 197, 108, 242, 9, 35, 200, 200, 144, 164, 163, 61, 169, 115, 102, 32;
 86, 242, 167, 146, 235, 209, 62, 204, 171, 255, 151, 191, 76, 254, 206, 142, 167, 215, 255, 211, 214, 71, 174, 241, 186, 82, 223, 255, 134, 23, 175, 119;
 32, 249, 145, 154, 221, 205, 151, 239, 158, 125, 40, 9, 180, 212, 72, 0, 217, 59, 67, 81, 83, 106, 218, 53, 109, 20, 29, 126, 208, 10, 215, 250;
 17, 77, 238, 189, 164, 34, 237, 182, 244, 130, 218, 231, 177, 170, 179, 107, 111, 103, 62, 129, 172, 249, 5, 234, 228, 175, 254, 128, 173, 249, 113, 8;
 70, 251, 187, 178, 251, 197, 30, 199, 171, 253, 155, 189, 12, 255, 78, 26, 167, 119, 253, 147, 150, 75, 186, 192, 251, 80, 95, 255, 128, 86, 167, 87;
 59, 23, 103, 236, 60, 151, 223, 121, 133, 236, 221, 231, 123, 221, 177, 101, 126, 180, 31, 239, 233, 163, 61, 157, 243, 249, 171, 144, 63, 174, 116, 121;
 168, 179, 8, 169, 253, 221, 209, 31, 95, 93, 116, 53, 166, 157, 234, 196, 217, 10, 134, 24, 159, 58, 99, 151, 239, 213, 178, 255, 218, 12, 220, 251;
 29, 77, 7, 165, 21, 22, 110, 50, 117, 202, 74, 70, 121, 98, 177, 229, 112, 228, 60, 238, 237, 153, 53, 174, 160, 238, 175, 128, 47, 183, 121, 52;
 27, 143, 106, 173, 182, 146, 255, 119, 85, 76, 222, 167, 169, 175, 178, 64, 126, 171, 159, 133, 156, 187, 36, 255, 250, 111, 174, 193, 183, 142, 252, 217;
 204, 44, 190, 245, 237, 252, 125, 3, 251, 159, 118, 16, 140, 179, 71, 127, 227, 119, 239, 24, 48, 221, 163, 226, 207, 251, 86, 67, 130, 97, 229, 99;
 199, 30, 254, 149, 230, 44, 253, 19, 184, 223, 83, 245, 157, 170, 247, 75, 231, 111, 63, 159, 180, 220, 135, 226, 76, 58, 127, 192, 140, 229, 161, 85;
 243, 194, 103, 199, 111, 24, 237, 101, 105, 118, 243, 254, 74, 14, 156, 247, 110, 133, 126, 231, 237, 247, 229, 195, 150, 56, 218, 146, 39, 166, 230, 124;
 34, 185, 188, 219, 253, 253, 176, 207, 222, 89, 92, 48, 188, 252, 102, 104, 201, 59, 147, 17, 23, 120, 114, 245, 79, 83, 30, 107, 152, 12, 221, 223;
 185, 95, 111, 236, 52, 2, 79, 120, 4, 200, 222, 230, 115, 71, 177, 97, 126, 244, 29, 238, 233, 147, 37, 142, 242, 235, 227, 144, 63, 186, 112, 113;
 26, 137, 38, 186, 31, 209, 154, 228, 159, 1, 200, 163, 173, 202, 36, 192, 234, 187, 139, 193, 14, 139, 14, 255, 186, 245, 138, 75, 55, 15, 61, 14;
 83, 77, 71, 68, 84, 22, 110, 118, 97, 200, 122, 198, 113, 96, 181, 244, 124, 228, 20, 238, 237, 155, 53, 110, 50, 110, 167, 128, 109, 242, 112, 252;
 221, 94, 255, 101, 34, 18, 111, 48, 97, 238, 182, 230, 91, 39, 147, 123, 38, 212, 125, 238, 233, 213, 165, 136, 118, 235, 229, 132, 47, 241, 98, 113;
 130, 142, 0, 153, 245, 211, 184, 239, 30, 79, 88, 179, 172, 174, 54, 196, 221, 59, 147, 133, 118, 156, 67, 255, 45, 22, 158, 195, 148, 92, 189, 222;
 110, 179, 240, 67, 251, 125, 153, 157, 43, 125, 61, 173, 206, 124, 206, 190, 151, 19, 213, 21, 151, 104, 251, 209, 78, 93, 53, 255, 206, 198, 207, 87;
 26, 160, 198, 217, 15, 155, 112, 71, 55, 27, 214, 178, 10, 137, 182, 205, 107, 140, 238, 156, 30, 253, 71, 192, 146, 91, 80, 195, 39, 140, 184, 12;
 7, 174, 134, 158, 253, 151, 190, 254, 159, 191, 84, 199, 108, 232, 118, 196, 213, 106, 179, 93, 246, 73, 154, 255, 44, 54, 223, 251, 158, 124, 153, 223;
 58, 28, 107, 255, 213, 231, 251, 114, 21, 77, 95, 2, 112, 255, 190, 100, 120, 186, 23, 138, 152, 186, 56, 255, 119, 239, 162, 193, 183, 203, 244, 250;
 20, 104, 18, 176, 194, 171, 32, 198, 168, 160, 34, 201, 190, 128, 97, 24, 163, 239, 110, 80, 0, 249, 128, 104, 217, 128, 21, 113, 192, 121, 3, 10;
 135, 231, 40, 26, 255, 153, 181, 111, 222, 124, 81, 191, 168, 200, 118, 1, 171, 43, 131, 21, 246, 111, 46, 221, 124, 24, 31, 251, 85, 12, 217, 199;
 111, 251, 114, 74, 123, 217, 146, 208, 203, 205, 125, 173, 44, 220, 230, 180, 182, 57, 215, 81, 135, 43, 190, 241, 63, 92, 1, 251, 127, 135, 79, 215;
 155, 162, 196, 25, 55, 154, 232, 87, 119, 43, 210, 246, 138, 9, 144, 141, 127, 174, 142, 157, 186, 252, 69, 194, 142, 118, 154, 194, 239, 140, 249, 13;
 185, 3, 233, 229, 116, 27, 109, 80, 80, 108, 114, 238, 19, 8, 145, 187, 126, 140, 22, 237, 173, 178, 101, 8, 228, 233, 160, 132, 109, 185, 114, 248;
 247, 74, 111, 236, 46, 2, 78, 112, 225, 202, 178, 238, 91, 11, 181, 123, 110, 196, 125, 238, 233, 231, 133, 200, 242, 232, 226, 144, 47, 185, 114, 33;
 129, 159, 27, 249, 18, 132, 45, 119, 188, 9, 80, 84, 180, 147, 32, 97, 228, 59, 22, 136, 243, 156, 18, 95, 229, 168, 58, 200, 24, 0, 161, 169;
 1, 56, 127, 85, 103, 200, 113, 3, 238, 224, 102, 36, 62, 145, 64, 34, 162, 44, 120, 24, 3, 249, 179, 5, 69, 41, 16, 66, 104, 0, 65, 58;
 174, 108, 98, 94, 77, 189, 198, 234, 209, 6, 173, 10, 106, 200, 55, 149, 217, 234, 194, 106, 108, 39, 94, 191, 51, 93, 129, 59, 115, 127, 122, 134;
 77, 42, 151, 181, 232, 40, 173, 3, 170, 187, 91, 240, 156, 162, 209, 218, 231, 119, 126, 157, 17, 216, 131, 224, 140, 178, 127, 196, 140, 97, 161, 33;
 245, 82, 67, 165, 70, 90, 75, 80, 97, 238, 179, 78, 67, 2, 139, 223, 120, 196, 108, 234, 109, 247, 253, 202, 144, 234, 227, 21, 47, 179, 122, 68;
 174, 102, 224, 69, 237, 31, 252, 120, 83, 170, 252, 10, 75, 233, 221, 156, 221, 220, 183, 170, 232, 246, 200, 202, 55, 223, 197, 173, 119, 254, 90, 132;
 8, 153, 157, 187, 177, 205, 49, 143, 190, 25, 84, 48, 188, 151, 104, 200, 135, 27, 191, 17, 19, 24, 82, 245, 205, 215, 62, 235, 144, 0, 141, 187;
 36, 163, 200, 131, 244, 121, 232, 9, 111, 101, 57, 143, 143, 8, 222, 148, 58, 138, 198, 28, 23, 48, 253, 208, 28, 28, 130, 109, 237, 207, 222, 212;
 0, 158, 158, 189, 50, 228, 49, 166, 190, 15, 70, 51, 188, 183, 32, 73, 231, 123, 171, 129, 34, 220, 19, 239, 197, 183, 126, 11, 144, 64, 37, 139;
 92, 60, 252, 255, 242, 110, 127, 59, 57, 215, 101, 151, 127, 127, 3, 91, 119, 215, 157, 50, 48, 216, 185, 236, 255, 239, 126, 65, 165, 225, 133, 115;
 43, 154, 113, 92, 73, 189, 96, 222, 127, 26, 108, 76, 46, 176, 21, 148, 162, 42, 34, 76, 131, 62, 50, 255, 7, 62, 16, 42, 90, 5, 66, 173;
 107, 209, 119, 232, 79, 84, 21, 252, 237, 80, 192, 0, 150, 150, 110, 247, 204, 16, 219, 98, 205, 3, 242, 192, 147, 240, 202, 14, 58, 150, 118, 254;
 202, 159, 51, 222, 235, 132, 157, 115, 157, 27, 125, 114, 60, 255, 36, 101, 230, 59, 63, 1, 240, 11, 34, 243, 115, 249, 122, 202, 82, 64, 165, 35;
 56, 183, 123, 97, 114, 207, 113, 119, 112, 45, 126, 60, 63, 23, 128, 48, 54, 62, 132, 40, 241, 188, 49, 31, 207, 207, 48, 193, 107, 128, 70, 187;
 65, 243, 16, 65, 243, 156, 48, 182, 106, 185, 40, 76, 156, 146, 72, 240, 151, 79, 72, 92, 215, 120, 209, 117, 173, 220, 55, 102, 72, 18, 131, 141;
 195, 218, 171, 156, 34, 80, 173, 55, 184, 78, 70, 166, 188, 134, 182, 99, 102, 125, 57, 205, 225, 221, 166, 105, 116, 43, 254, 128, 4, 176, 167, 249;
 224, 204, 61, 220, 44, 73, 69, 175, 198, 54, 134, 56, 178, 49, 129, 123, 65, 18, 106, 8, 96, 111, 227, 27, 245, 162, 116, 25, 16, 120, 212, 42;
 220, 108, 174, 241, 133, 102, 109, 214, 178, 191, 70, 16, 17, 179, 81, 123, 97, 238, 121, 152, 56, 220, 176, 34, 207, 203, 247, 101, 162, 241, 246, 34;
 9, 143, 110, 109, 52, 190, 107, 55, 108, 68, 126, 196, 255, 45, 146, 113, 54, 38, 29, 44, 177, 184, 37, 15, 230, 239, 178, 192, 110, 128, 192, 121;
 47, 223, 115, 206, 116, 135, 235, 248, 95, 12, 125, 110, 104, 249, 189, 132, 126, 234, 23, 111, 194, 186, 46, 255, 62, 28, 165, 234, 95, 175, 112, 237;
 128, 135, 23, 185, 248, 164, 56, 183, 175, 29, 105, 85, 140, 195, 40, 209, 167, 3, 14, 28, 178, 137, 26, 215, 140, 242, 26, 76, 24, 128, 161, 137;
 155, 148, 5, 171, 21, 182, 152, 166, 157, 89, 219, 87, 220, 58, 62, 229, 239, 3, 159, 181, 191, 137, 21, 255, 170, 126, 154, 194, 158, 14, 57, 93;
 10, 199, 110, 159, 178, 146, 189, 55, 20, 79, 94, 183, 233, 102, 178, 65, 71, 34, 171, 141, 244, 200, 103, 127, 102, 39, 254, 129, 54, 212, 189, 89;
 3, 221, 47, 223, 180, 214, 175, 246, 220, 73, 222, 6, 176, 252, 180, 100, 204, 106, 26, 205, 243, 169, 50, 255, 41, 62, 142, 64, 24, 26, 241, 252;
 235, 114, 250, 87, 102, 120, 249, 17, 121, 239, 119, 188, 184, 173, 215, 191, 39, 124, 245, 14, 164, 244, 228, 194, 70, 123, 112, 162, 199, 245, 94, 253;
 35, 183, 99, 73, 87, 179, 234, 91, 83, 97, 120, 239, 40, 236, 180, 164, 126, 170, 147, 189, 135, 186, 100, 223, 62, 28, 129, 226, 255, 206, 114, 252;
 5, 129, 45, 227, 244, 175, 233, 162, 78, 49, 91, 82, 209, 56, 56, 104, 105, 3, 51, 157, 147, 184, 95, 245, 77, 14, 250, 196, 149, 137, 241, 168;
 33, 164, 194, 73, 85, 187, 226, 74, 87, 33, 104, 66, 3, 192, 60, 180, 120, 136, 2, 184, 15, 178, 84, 223, 28, 28, 129, 108, 251, 142, 122, 140;
 19, 23, 226, 5, 242, 178, 190, 115, 53, 198, 94, 231, 105, 238, 183, 228, 54, 239, 183, 173, 197, 152, 165, 206, 54, 110, 175, 130, 175, 230, 57, 221;
 166, 95, 114, 94, 207, 185, 150, 224, 217, 134, 253, 186, 106, 232, 167, 149, 91, 250, 194, 99, 236, 39, 78, 251, 54, 30, 5, 59, 119, 255, 126, 135;
 95, 127, 234, 37, 178, 50, 111, 182, 49, 228, 94, 231, 113, 45, 147, 112, 54, 238, 21, 255, 205, 152, 181, 110, 242, 111, 165, 128, 175, 247, 122, 113;
 34, 249, 176, 219, 221, 221, 183, 229, 207, 125, 60, 8, 174, 220, 110, 36, 201, 90, 131, 80, 82, 122, 250, 245, 111, 92, 23, 123, 211, 31, 213, 254;
 178, 75, 102, 156, 79, 211, 140, 103, 149, 70, 208, 163, 41, 140, 183, 133, 234, 187, 147, 129, 108, 175, 4, 139, 48, 114, 218, 155, 117, 124, 252, 222;
 129, 155, 27, 253, 176, 134, 41, 55, 126, 9, 66, 84, 180, 147, 32, 96, 196, 59, 60, 152, 211, 152, 19, 119, 237, 174, 62, 192, 24, 0, 161, 41;
 60, 205, 24, 175, 29, 199, 135, 232, 6, 36, 168, 3, 247, 241, 40, 0, 216, 122, 9, 99, 74, 43, 89, 63, 233, 197, 143, 121, 48, 11, 20, 138;
 166, 160, 184, 240, 201, 253, 145, 206, 155, 55, 165, 25, 142, 157, 78, 26, 137, 27, 227, 16, 18, 110, 250, 211, 219, 211, 81, 127, 208, 72, 135, 226;
 35, 251, 113, 90, 125, 221, 251, 252, 79, 125, 60, 12, 170, 220, 94, 164, 157, 90, 215, 95, 199, 42, 122, 245, 47, 28, 21, 254, 91, 30, 86, 255;
 223, 114, 229, 69, 107, 126, 27, 152, 59, 254, 55, 189, 78, 60, 223, 191, 183, 85, 253, 119, 165, 84, 189, 226, 94, 91, 69, 183, 239, 247, 15, 117;
 190, 115, 98, 78, 115, 209, 187, 88, 27, 204, 125, 175, 72, 204, 255, 180, 62, 185, 151, 247, 132, 51, 174, 218, 58, 93, 33, 171, 119, 167, 110, 215;
 41, 180, 177, 217, 253, 173, 241, 31, 95, 121, 124, 92, 158, 177, 204, 172, 197, 10, 119, 28, 147, 120, 115, 209, 15, 30, 20, 254, 218, 204, 209, 181;
 173, 180, 113, 200, 125, 125, 210, 200, 79, 121, 177, 26, 202, 88, 220, 165, 217, 152, 222, 123, 191, 38, 251, 149, 31, 217, 129, 126, 87, 15, 80, 231;
 50, 112, 202, 228, 71, 27, 88, 84, 17, 230, 240, 175, 11, 141, 87, 152, 255, 141, 151, 151, 204, 183, 208, 202, 82, 205, 149, 191, 239, 252, 122, 218;
 40, 185, 153, 251, 252, 201, 187, 158, 14, 57, 124, 168, 181, 181, 192, 32, 135, 123, 87, 89, 19, 56, 75, 177, 108, 149, 62, 248, 156, 138, 133, 187;
 92, 201, 17, 239, 44, 72, 67, 184, 132, 0, 138, 128, 247, 71, 8, 210, 80, 208, 108, 106, 75, 1, 235, 53, 193, 225, 225, 28, 50, 171, 84, 40;
 94, 72, 247, 165, 15, 114, 121, 2, 37, 230, 198, 131, 79, 63, 3, 238, 98, 245, 253, 227, 8, 213, 181, 202, 211, 231, 202, 19, 167, 245, 61, 102;
 7, 183, 232, 139, 246, 179, 174, 217, 78, 69, 89, 231, 193, 104, 254, 0, 127, 139, 23, 189, 150, 178, 76, 209, 44, 12, 175, 196, 189, 254, 185, 213;
 46, 177, 184, 210, 253, 253, 145, 207, 139, 189, 189, 25, 142, 252, 78, 158, 141, 27, 195, 16, 22, 107, 250, 209, 95, 85, 21, 127, 210, 78, 206, 247;
 35, 250, 96, 27, 124, 157, 234, 248, 95, 172, 121, 239, 234, 200, 151, 144, 158, 169, 215, 79, 198, 54, 78, 255, 46, 92, 129, 186, 93, 143, 90, 221;
 5, 180, 137, 177, 156, 173, 160, 202, 158, 57, 129, 93, 150, 208, 72, 8, 217, 11, 123, 21, 51, 109, 219, 18, 141, 20, 27, 124, 152, 9, 17, 178;
 160, 148, 40, 191, 188, 251, 216, 175, 30, 111, 92, 183, 247, 109, 186, 64, 219, 11, 159, 5, 126, 56, 107, 191, 238, 247, 190, 241, 148, 200, 220, 219;
 214, 206, 106, 186, 232, 128, 127, 244, 181, 14, 157, 151, 73, 239, 251, 83, 127, 227, 143, 238, 250, 7, 46, 226, 242, 245, 175, 137, 182, 247, 164, 209;
 42, 172, 186, 218, 221, 209, 147, 199, 159, 21, 108, 25, 174, 249, 102, 0, 201, 59, 131, 17, 22, 43, 26, 183, 123, 213, 20, 123, 208, 12, 207, 202;
 95, 246, 238, 5, 246, 18, 190, 248, 255, 255, 22, 231, 73, 236, 223, 15, 55, 69, 255, 183, 230, 213, 175, 192, 62, 75, 239, 197, 175, 244, 61, 213;
 35, 225, 49, 219, 253, 221, 191, 239, 95, 117, 124, 24, 184, 156, 94, 164, 221, 27, 147, 157, 211, 122, 122, 247, 47, 30, 159, 110, 215, 142, 215, 252;
 172, 184, 189, 249, 41, 95, 17, 154, 150, 255, 180, 52, 223, 119, 131, 15, 133, 16, 237, 16, 59, 236, 123, 31, 203, 215, 117, 119, 218, 168, 4, 115;
 3, 153, 21, 251, 36, 132, 105, 53, 47, 89, 83, 86, 188, 51, 48, 101, 227, 3, 55, 137, 211, 152, 19, 213, 141, 250, 218, 194, 28, 0, 177, 61;
 251, 122, 100, 4, 107, 155, 152, 112, 233, 230, 52, 239, 10, 8, 151, 159, 38, 165, 198, 103, 228, 119, 4, 220, 22, 89, 65, 183, 111, 172, 75, 85;
 245, 82, 195, 164, 71, 94, 79, 80, 97, 238, 247, 78, 75, 2, 143, 222, 120, 228, 172, 238, 205, 183, 245, 138, 146, 238, 227, 20, 47, 247, 126, 116;
 166, 167, 144, 242, 249, 173, 144, 207, 27, 185, 49, 121, 142, 248, 76, 158, 141, 91, 199, 17, 182, 106, 202, 243, 173, 156, 21, 254, 216, 76, 139, 143;
 42, 36, 242, 196, 109, 63, 252, 105, 91, 174, 125, 10, 75, 233, 119, 144, 216, 236, 183, 43, 204, 242, 248, 202, 87, 223, 197, 47, 95, 238, 122, 134;
 241, 91, 219, 236, 100, 78, 71, 84, 33, 236, 242, 111, 59, 29, 163, 82, 236, 237, 133, 230, 201, 179, 241, 168, 178, 249, 164, 146, 109, 187, 118, 123;
 150, 76, 62, 190, 143, 240, 151, 99, 157, 134, 204, 19, 172, 254, 39, 69, 201, 115, 171, 19, 98, 175, 114, 255, 179, 247, 158, 27, 144, 125, 53, 118;
 172, 176, 89, 163, 71, 125, 249, 88, 174, 127, 181, 158, 221, 15, 74, 142, 43, 145, 206, 34, 5, 116, 122, 210, 215, 211, 123, 253, 79, 79, 79, 243;
 83, 79, 103, 68, 21, 82, 111, 50, 229, 200, 222, 66, 67, 50, 181, 247, 112, 228, 60, 238, 233, 153, 37, 238, 176, 46, 230, 128, 47, 247, 112, 108;
 32, 161, 56, 186, 249, 249, 144, 79, 142, 21, 13, 57, 164, 251, 106, 0, 201, 59, 203, 17, 22, 43, 74, 149, 207, 213, 26, 123, 208, 10, 141, 202;
 75, 50, 238, 5, 70, 54, 184, 90, 127, 236, 94, 199, 73, 138, 214, 230, 55, 45, 255, 141, 133, 216, 181, 220, 30, 111, 251, 164, 47, 164, 123, 221;
 77, 115, 53, 106, 104, 221, 95, 120, 239, 120, 185, 108, 222, 222, 189, 115, 134, 177, 94, 111, 209, 35, 250, 213, 179, 248, 33, 190, 92, 163, 7, 247;
 92, 136, 254, 187, 211, 74, 122, 248, 59, 245, 70, 131, 93, 127, 34, 91, 183, 215, 191, 243, 52, 217, 25, 236, 223, 235, 127, 69, 165, 161, 45, 82;
 11, 50, 225, 69, 102, 59, 249, 82, 123, 226, 116, 254, 25, 141, 215, 60, 55, 29, 151, 156, 131, 244, 164, 194, 78, 29, 49, 164, 111, 164, 67, 253;
 63, 55, 248, 97, 243, 127, 123, 154, 123, 237, 61, 173, 75, 125, 223, 188, 55, 223, 213, 62, 151, 48, 189, 242, 78, 93, 37, 231, 239, 231, 206, 245;
 203, 255, 102, 133, 102, 16, 188, 254, 41, 124, 20, 239, 12, 44, 222, 135, 46, 79, 245, 231, 229, 90, 167, 241, 60, 56, 254, 166, 111, 149, 187, 221;
 107, 165, 100, 4, 205, 121, 212, 175, 235, 61, 188, 9, 106, 40, 94, 151, 137, 199, 241, 33, 150, 107, 254, 245, 63, 89, 85, 127, 71, 68, 222, 206;
 247, 74, 195, 228, 102, 34, 110, 80, 41, 162, 178, 234, 27, 11, 149, 123, 110, 229, 125, 238, 232, 215, 197, 234, 150, 186, 227, 144, 45, 241, 98, 1;
 64, 110, 146, 222, 100, 152, 252, 119, 237, 11, 122, 96, 172, 234, 180, 226, 162, 35, 110, 8, 194, 169, 130, 225, 38, 254, 118, 139, 72, 218, 235, 141;
 6, 159, 22, 158, 155, 137, 150, 227, 142, 8, 217, 107, 236, 254, 32, 197, 206, 51, 235, 67, 86, 11, 74, 253, 189, 86, 15, 91, 16, 14, 141, 143;
 130, 194, 127, 248, 235, 225, 177, 71, 159, 23, 36, 179, 44, 159, 36, 89, 231, 59, 163, 144, 50, 79, 34, 213, 23, 210, 90, 239, 146, 80, 165, 235;
 125, 95, 121, 110, 124, 31, 90, 120, 201, 200, 189, 108, 95, 95, 191, 112, 222, 224, 95, 110, 221, 35, 56, 158, 242, 253, 33, 184, 91, 175, 106, 85;
 9, 159, 127, 109, 180, 190, 107, 55, 124, 77, 126, 100, 255, 39, 146, 113, 54, 46, 30, 44, 177, 184, 37, 111, 230, 237, 34, 192, 206, 192, 225, 121;
 84, 231, 29, 245, 170, 10, 173, 185, 42, 186, 18, 224, 213, 99, 201, 75, 51, 87, 108, 106, 112, 84, 139, 93, 252, 162, 111, 164, 4, 242, 131, 161;
 154, 204, 10, 186, 31, 177, 90, 234, 23, 4, 200, 131, 47, 203, 33, 192, 235, 187, 139, 195, 110, 143, 95, 191, 243, 229, 138, 11, 55, 15, 60, 10;
 253, 90, 255, 117, 102, 18, 125, 180, 113, 234, 118, 246, 91, 63, 149, 127, 38, 245, 53, 238, 233, 212, 165, 234, 246, 251, 229, 128, 47, 245, 98, 121;
 131, 174, 174, 158, 125, 151, 187, 246, 158, 157, 84, 215, 108, 236, 54, 197, 229, 107, 179, 85, 166, 77, 10, 255, 56, 54, 223, 235, 148, 44, 25, 223;
 171, 250, 106, 26, 100, 145, 186, 64, 91, 68, 117, 167, 41, 204, 254, 32, 222, 169, 146, 215, 198, 182, 190, 243, 22, 93, 139, 233, 95, 143, 122, 220;
 106, 141, 26, 190, 249, 193, 22, 225, 141, 12, 233, 43, 238, 243, 34, 208, 200, 251, 171, 66, 92, 11, 74, 253, 251, 247, 11, 91, 16, 46, 173, 11;
 75, 122, 247, 84, 99, 124, 61, 22, 233, 206, 54, 237, 44, 190, 215, 191, 166, 117, 253, 70, 197, 213, 182, 224, 23, 123, 84, 131, 78, 245, 15, 95;
 147, 90, 94, 21, 18, 150, 46, 53, 124, 74, 66, 198, 117, 2, 183, 113, 54, 237, 44, 204, 229, 157, 21, 78, 240, 47, 186, 128, 45, 176, 41, 29;
 252, 98, 219, 164, 6, 74, 67, 80, 57, 236, 179, 234, 83, 70, 195, 219, 122, 252, 204, 242, 41, 231, 228, 136, 144, 225, 163, 177, 37, 243, 126, 113;
 79, 188, 182, 179, 230, 164, 188, 215, 254, 219, 91, 246, 220, 254, 226, 110, 183, 127, 55, 157, 151, 216, 158, 224, 76, 126, 127, 198, 142, 117, 169, 145;
 216, 73, 71, 252, 131, 210, 95, 37, 181, 134, 198, 129, 111, 39, 33, 215, 98, 247, 249, 234, 120, 141, 177, 172, 243, 227, 202, 1, 34, 181, 164, 98;
 77, 187, 150, 243, 226, 174, 61, 151, 190, 153, 95, 116, 221, 243, 224, 110, 39, 127, 63, 25, 147, 216, 138, 224, 204, 190, 127, 196, 138, 226, 161, 161;
 12, 56, 158, 51, 155, 240, 43, 210, 164, 204, 70, 4, 189, 134, 67, 222, 98, 107, 232, 216, 7, 216, 183, 104, 207, 231, 186, 201, 170, 85, 47, 248;
 39, 159, 115, 207, 116, 151, 170, 248, 95, 68, 125, 198, 105, 232, 189, 164, 126, 234, 130, 78, 195, 186, 62, 255, 46, 28, 131, 42, 95, 143, 112, 252;
 88, 191, 94, 101, 34, 46, 61, 55, 168, 140, 126, 237, 47, 35, 130, 19, 38, 183, 237, 4, 80, 249, 128, 77, 244, 161, 96, 129, 104, 224, 139, 27;
 3, 223, 151, 222, 235, 132, 188, 119, 173, 27, 121, 68, 172, 251, 36, 199, 231, 59, 59, 0, 211, 11, 146, 225, 55, 186, 94, 138, 90, 80, 161, 171;
 209, 93, 159, 245, 134, 134, 188, 182, 252, 202, 82, 70, 245, 186, 49, 107, 231, 103, 62, 197, 245, 217, 49, 110, 237, 175, 254, 128, 172, 112, 41, 25;
 137, 162, 17, 187, 109, 121, 120, 31, 95, 127, 53, 56, 141, 130, 218, 175, 131, 11, 238, 8, 55, 116, 231, 209, 134, 217, 114, 239, 82, 204, 141, 205;
 103, 180, 232, 83, 246, 60, 238, 158, 91, 243, 61, 220, 216, 252, 222, 190, 23, 79, 112, 159, 151, 80, 255, 243, 46, 31, 29, 236, 207, 247, 219, 245;
 137, 177, 25, 251, 240, 205, 57, 159, 30, 29, 100, 48, 188, 147, 234, 100, 135, 27, 26, 24, 83, 24, 115, 247, 237, 213, 54, 104, 146, 136, 133, 233;
 66, 249, 234, 30, 83, 208, 188, 229, 171, 85, 100, 175, 44, 238, 126, 150, 166, 123, 243, 197, 214, 91, 190, 225, 62, 113, 30, 75, 71, 6, 175, 223;
 60, 114, 226, 96, 117, 51, 242, 216, 81, 238, 253, 255, 75, 205, 255, 152, 125, 220, 135, 254, 140, 182, 44, 138, 82, 205, 161, 167, 239, 255, 126, 211;
 183, 38, 234, 225, 246, 43, 234, 72, 91, 179, 249, 218, 67, 9, 221, 25, 123, 141, 23, 190, 186, 246, 77, 194, 28, 140, 131, 100, 237, 235, 114, 128;
 40, 231, 72, 171, 93, 153, 227, 255, 78, 37, 252, 142, 163, 1, 218, 148, 122, 138, 130, 88, 74, 58, 109, 181, 252, 197, 166, 125, 119, 154, 222, 232;
 38, 221, 107, 219, 244, 231, 251, 214, 87, 5, 95, 34, 112, 255, 189, 100, 121, 122, 19, 218, 146, 178, 58, 255, 103, 60, 130, 203, 183, 219, 244, 243;
 155, 72, 86, 181, 19, 150, 46, 54, 52, 194, 70, 198, 253, 3, 161, 197, 54, 109, 188, 204, 97, 220, 21, 206, 164, 231, 62, 128, 42, 180, 41, 29;
 87, 232, 238, 16, 79, 210, 186, 224, 170, 244, 134, 135, 72, 204, 119, 2, 127, 229, 251, 247, 198, 83, 190, 192, 30, 40, 207, 239, 45, 55, 63, 84;
 194, 255, 126, 148, 50, 216, 60, 39, 173, 70, 150, 189, 172, 142, 134, 87, 166, 179, 223, 132, 244, 205, 166, 207, 182, 113, 90, 155, 6, 132, 143, 95;
 62, 114, 242, 80, 57, 93, 81, 72, 243, 229, 165, 29, 10, 156, 79, 158, 152, 204, 197, 84, 142, 103, 244, 192, 211, 93, 21, 59, 195, 53, 110, 214;
 51, 36, 98, 72, 87, 179, 234, 74, 95, 33, 249, 202, 32, 200, 180, 164, 120, 168, 147, 189, 135, 178, 68, 223, 22, 12, 137, 107, 93, 142, 122, 140;
 201, 161, 95, 248, 250, 137, 249, 103, 169, 17, 176, 152, 189, 3, 4, 19, 166, 147, 126, 232, 115, 75, 18, 245, 116, 184, 106, 88, 76, 128, 195, 161;
 23, 206, 74, 138, 212, 131, 238, 192, 157, 13, 91, 198, 65, 200, 188, 68, 121, 234, 23, 255, 155, 147, 44, 255, 50, 30, 143, 192, 189, 159, 240, 196;
 2, 142, 7, 185, 53, 227, 184, 238, 30, 79, 90, 179, 164, 174, 34, 64, 221, 59, 19, 133, 54, 156, 67, 255, 173, 118, 154, 195, 148, 76, 181, 222;
 88, 221, 255, 117, 178, 82, 61, 183, 176, 222, 94, 163, 121, 63, 131, 107, 39, 119, 189, 128, 96, 216, 163, 105, 107, 239, 124, 129, 165, 240, 165, 123;
 3, 162, 198, 145, 111, 187, 248, 71, 127, 59, 214, 247, 8, 8, 150, 207, 239, 131, 238, 148, 158, 252, 69, 209, 22, 122, 210, 195, 239, 140, 248, 13;
 251, 17, 103, 236, 63, 87, 95, 121, 133, 200, 215, 6, 91, 93, 180, 231, 254, 180, 255, 239, 233, 167, 113, 221, 243, 251, 203, 150, 63, 174, 116, 113;
 43, 118, 115, 76, 127, 151, 203, 88, 95, 200, 125, 110, 120, 217, 181, 164, 126, 184, 151, 239, 131, 183, 52, 223, 118, 28, 129, 170, 127, 191, 114, 181;
 165, 48, 153, 177, 156, 173, 128, 74, 30, 187, 128, 92, 150, 153, 65, 8, 137, 9, 91, 21, 51, 101, 209, 18, 141, 150, 27, 124, 152, 9, 17, 162;
 56, 249, 25, 235, 25, 207, 67, 252, 22, 41, 132, 8, 183, 213, 40, 0, 89, 90, 6, 90, 75, 42, 89, 63, 233, 135, 37, 124, 112, 11, 4, 186;
 38, 177, 49, 74, 252, 205, 198, 205, 75, 233, 185, 104, 146, 220, 92, 48, 153, 154, 87, 81, 155, 42, 218, 53, 61, 28, 37, 254, 209, 10, 214, 163;
 249, 208, 17, 228, 12, 77, 67, 56, 101, 160, 171, 76, 243, 19, 81, 244, 80, 132, 124, 110, 73, 39, 249, 29, 209, 248, 33, 60, 58, 170, 80, 48;
 17, 61, 106, 103, 146, 130, 111, 116, 116, 196, 78, 135, 113, 39, 151, 112, 54, 238, 21, 254, 217, 152, 53, 110, 122, 173, 166, 128, 45, 242, 98, 120;
 95, 120, 225, 68, 227, 126, 255, 210, 107, 254, 54, 175, 13, 190, 215, 190, 55, 213, 245, 247, 133, 85, 188, 224, 87, 127, 77, 167, 231, 245, 71, 247;
 43, 241, 96, 66, 253, 221, 222, 253, 75, 97, 188, 143, 138, 220, 222, 164, 159, 138, 215, 125, 223, 42, 124, 247, 63, 92, 133, 127, 95, 142, 218, 220;
 147, 31, 103, 5, 246, 134, 237, 119, 60, 224, 90, 247, 49, 46, 182, 97, 38, 175, 55, 173, 245, 216, 37, 78, 52, 40, 174, 128, 45, 132, 241, 221;
 63, 116, 104, 67, 231, 125, 255, 216, 91, 254, 61, 191, 89, 93, 223, 189, 63, 221, 215, 191, 167, 118, 188, 210, 95, 93, 45, 239, 247, 223, 95, 245;
 163, 247, 106, 82, 242, 157, 255, 245, 123, 109, 117, 255, 40, 204, 254, 52, 191, 171, 151, 157, 247, 190, 44, 247, 62, 28, 28, 227, 79, 134, 207, 221;
 46, 181, 52, 91, 221, 253, 213, 191, 223, 127, 189, 56, 202, 124, 94, 175, 137, 18, 250, 16, 255, 104, 123, 149, 79, 91, 85, 127, 211, 76, 222, 247;
 47, 177, 225, 195, 221, 221, 252, 237, 79, 113, 57, 10, 136, 220, 94, 164, 217, 139, 147, 213, 87, 58, 251, 245, 63, 92, 159, 111, 223, 14, 218, 246;
 47, 181, 177, 195, 253, 221, 214, 223, 75, 249, 188, 124, 142, 188, 92, 164, 157, 27, 214, 17, 151, 106, 250, 211, 47, 93, 21, 255, 210, 78, 207, 255;
 34, 212, 244, 90, 207, 89, 180, 239, 223, 119, 164, 187, 106, 124, 46, 191, 139, 211, 226, 1, 118, 107, 47, 245, 59, 86, 84, 127, 215, 92, 204, 206;
 94, 12, 226, 133, 7, 122, 106, 2, 41, 166, 158, 131, 143, 175, 85, 222, 99, 245, 253, 145, 12, 153, 133, 226, 159, 245, 138, 131, 167, 245, 45, 36;
 201, 95, 111, 245, 34, 22, 61, 183, 172, 222, 86, 228, 253, 55, 131, 115, 38, 119, 253, 78, 225, 201, 165, 108, 226, 171, 110, 128, 46, 240, 165, 121;
 7, 145, 230, 131, 206, 1, 186, 200, 174, 113, 219, 163, 76, 236, 127, 34, 62, 17, 179, 215, 150, 17, 30, 208, 28, 12, 143, 196, 213, 38, 49, 213;
 9, 245, 81, 195, 126, 201, 171, 253, 14, 33, 60, 170, 189, 147, 200, 36, 63, 26, 86, 88, 19, 56, 237, 245, 124, 205, 39, 252, 127, 138, 195, 185;
 190, 123, 106, 76, 115, 211, 186, 112, 153, 204, 117, 175, 40, 204, 183, 165, 126, 249, 151, 231, 164, 183, 44, 254, 50, 89, 171, 171, 119, 167, 127, 213;
 13, 177, 189, 97, 165, 94, 245, 25, 107, 249, 55, 28, 218, 61, 222, 174, 149, 4, 252, 61, 157, 240, 249, 128, 207, 219, 101, 246, 202, 174, 216, 119;
 139, 16, 103, 69, 99, 254, 105, 19, 117, 65, 70, 146, 185, 23, 144, 109, 38, 60, 51, 140, 177, 220, 181, 204, 71, 122, 218, 128, 38, 132, 5, 124;
 23, 51, 226, 7, 90, 19, 186, 88, 207, 229, 191, 175, 72, 206, 254, 166, 62, 197, 255, 247, 151, 49, 175, 208, 30, 8, 139, 246, 79, 175, 9, 213;
 112, 16, 3, 137, 77, 13, 160, 67, 172, 41, 194, 106, 150, 148, 32, 122, 232, 144, 74, 0, 6, 27, 81, 64, 213, 32, 18, 48, 24, 8, 49, 18;
 50, 109, 227, 197, 212, 71, 239, 119, 83, 162, 252, 138, 25, 45, 245, 48, 121, 188, 19, 156, 201, 190, 245, 202, 127, 140, 151, 36, 245, 184, 246, 248;
 89, 132, 142, 173, 92, 228, 105, 3, 228, 5, 206, 2, 213, 34, 2, 82, 96, 198, 110, 152, 26, 139, 241, 197, 221, 165, 170, 73, 169, 0, 97, 0;
 73, 220, 30, 124, 49, 150, 87, 55, 228, 73, 238, 68, 255, 179, 34, 244, 196, 54, 188, 8, 233, 141, 48, 63, 227, 255, 54, 66, 10, 0, 168, 123;
 63, 45, 99, 200, 84, 179, 202, 120, 87, 225, 217, 66, 99, 200, 181, 164, 88, 168, 23, 121, 141, 163, 44, 158, 58, 204, 175, 188, 247, 206, 112, 172;
 178, 235, 104, 25, 126, 153, 254, 234, 87, 36, 244, 175, 33, 204, 183, 0, 126, 171, 135, 199, 206, 58, 70, 191, 118, 77, 137, 185, 117, 141, 94, 204;
 129, 10, 211, 185, 68, 249, 96, 19, 126, 81, 82, 210, 165, 130, 224, 104, 98, 40, 34, 28, 23, 188, 246, 209, 198, 240, 242, 64, 180, 136, 65, 140;
 34, 240, 33, 88, 93, 221, 212, 239, 223, 63, 176, 25, 34, 220, 124, 53, 217, 186, 195, 1, 126, 111, 122, 151, 59, 30, 21, 127, 83, 12, 214, 206;
 230, 238, 120, 90, 125, 217, 146, 236, 219, 28, 181, 57, 34, 200, 222, 16, 217, 200, 198, 66, 110, 39, 206, 183, 58, 89, 37, 255, 85, 31, 94, 207;
 74, 187, 107, 0, 243, 220, 187, 87, 43, 77, 124, 237, 44, 158, 54, 48, 166, 187, 151, 149, 151, 155, 176, 245, 123, 125, 26, 203, 207, 134, 167, 255;
 221, 98, 211, 164, 103, 58, 249, 80, 185, 230, 183, 247, 207, 135, 251, 223, 118, 228, 206, 254, 164, 231, 164, 200, 150, 241, 107, 180, 167, 245, 103, 245;
 8, 130, 241, 249, 237, 121, 120, 159, 239, 127, 61, 121, 141, 174, 218, 174, 131, 11, 230, 28, 150, 48, 239, 209, 78, 215, 115, 239, 150, 204, 207, 197;
 11, 54, 251, 65, 242, 189, 185, 87, 123, 107, 126, 254, 56, 156, 214, 188, 55, 59, 151, 29, 147, 184, 164, 194, 70, 28, 48, 226, 239, 196, 203, 253;
 243, 74, 203, 246, 102, 4, 110, 182, 57, 130, 242, 210, 59, 43, 149, 123, 110, 253, 53, 206, 233, 214, 196, 234, 150, 250, 246, 128, 45, 241, 98, 9;
 7, 157, 243, 219, 245, 247, 175, 202, 94, 65, 88, 2, 248, 254, 181, 228, 220, 122, 19, 218, 147, 186, 62, 255, 45, 60, 143, 202, 151, 95, 245, 172;
 251, 91, 111, 229, 38, 78, 95, 116, 225, 206, 246, 103, 59, 31, 135, 83, 238, 229, 213, 226, 233, 247, 160, 232, 242, 249, 228, 146, 111, 184, 118, 123;
 79, 235, 146, 210, 241, 132, 63, 214, 175, 153, 94, 68, 188, 243, 226, 228, 231, 127, 55, 222, 211, 217, 138, 224, 172, 252, 175, 202, 138, 179, 169, 165;
 136, 244, 17, 251, 123, 201, 59, 253, 31, 93, 117, 48, 188, 151, 234, 229, 183, 27, 151, 24, 115, 28, 106, 247, 239, 213, 30, 239, 18, 140, 133, 235;
 3, 157, 18, 218, 233, 132, 188, 255, 143, 25, 120, 68, 188, 243, 44, 196, 199, 51, 42, 12, 83, 9, 154, 245, 37, 190, 26, 74, 26, 2, 169, 139;
 143, 122, 225, 29, 98, 25, 189, 152, 27, 206, 84, 247, 188, 204, 215, 174, 55, 121, 151, 135, 231, 212, 238, 195, 6, 94, 127, 162, 207, 245, 19, 213;
 11, 122, 58, 188, 98, 180, 189, 86, 173, 78, 94, 165, 172, 158, 167, 72, 166, 59, 191, 133, 198, 153, 162, 225, 70, 119, 122, 139, 4, 212, 39, 223;
 85, 123, 93, 229, 186, 26, 30, 152, 44, 232, 158, 236, 215, 54, 129, 114, 6, 117, 124, 118, 157, 200, 229, 44, 170, 227, 101, 148, 172, 179, 136, 17;
 88, 24, 191, 245, 18, 198, 59, 50, 172, 194, 194, 2, 189, 190, 32, 98, 167, 117, 61, 193, 1, 221, 179, 236, 217, 231, 251, 128, 36, 33, 37, 56;
 77, 56, 22, 50, 195, 217, 51, 81, 174, 244, 39, 156, 205, 198, 98, 172, 39, 41, 234, 158, 21, 213, 58, 244, 223, 195, 7, 105, 234, 167, 173, 246;
 31, 249, 243, 211, 51, 214, 186, 208, 191, 193, 90, 226, 93, 254, 96, 228, 55, 125, 179, 211, 151, 217, 190, 224, 153, 236, 143, 198, 175, 167, 41, 181;
 155, 158, 174, 158, 31, 183, 187, 250, 158, 198, 86, 151, 108, 232, 54, 193, 247, 107, 179, 5, 166, 205, 30, 255, 122, 103, 223, 139, 29, 45, 57, 223;
 125, 88, 106, 134, 71, 22, 71, 112, 113, 202, 247, 78, 122, 214, 183, 252, 124, 236, 166, 238, 205, 183, 188, 202, 179, 111, 227, 8, 43, 255, 122, 116;
 163, 169, 104, 57, 85, 157, 232, 230, 127, 36, 96, 143, 163, 136, 86, 16, 200, 171, 67, 77, 238, 58, 84, 255, 102, 28, 152, 33, 77, 12, 90, 206;
 141, 166, 92, 243, 230, 43, 232, 185, 124, 51, 55, 246, 221, 67, 216, 137, 63, 11, 78, 62, 51, 244, 77, 213, 204, 139, 123, 228, 252, 202, 137, 128;
 165, 49, 249, 96, 236, 77, 214, 216, 203, 240, 53, 88, 150, 217, 73, 43, 138, 88, 87, 122, 211, 102, 218, 16, 79, 153, 101, 124, 88, 187, 82, 179;
 156, 56, 174, 123, 155, 244, 115, 146, 229, 204, 86, 37, 185, 215, 195, 254, 100, 123, 252, 208, 167, 205, 183, 232, 207, 243, 178, 203, 170, 5, 47, 95;
 122, 143, 26, 190, 127, 193, 22, 99, 143, 12, 249, 43, 110, 251, 34, 208, 200, 251, 175, 66, 124, 11, 74, 255, 251, 245, 139, 91, 16, 46, 173, 131;
 71, 43, 179, 130, 241, 176, 186, 66, 169, 141, 91, 199, 140, 234, 245, 198, 230, 111, 63, 223, 146, 153, 128, 224, 158, 60, 139, 202, 134, 231, 33, 5;
 56, 255, 104, 169, 86, 159, 231, 247, 70, 37, 252, 142, 3, 5, 162, 16, 121, 136, 134, 248, 218, 58, 124, 151, 253, 197, 165, 117, 115, 154, 214, 224;
 2, 159, 23, 190, 251, 153, 182, 227, 143, 12, 201, 235, 236, 234, 32, 196, 206, 59, 171, 67, 86, 11, 74, 255, 188, 116, 15, 123, 16, 14, 9, 143;
 63, 61, 234, 65, 247, 182, 251, 210, 123, 237, 126, 175, 25, 189, 215, 60, 63, 255, 149, 221, 157, 186, 180, 234, 127, 93, 165, 166, 231, 247, 246, 245;
 64, 139, 154, 254, 244, 156, 254, 183, 239, 13, 120, 68, 175, 232, 180, 64, 166, 43, 38, 9, 214, 40, 130, 247, 166, 253, 50, 72, 92, 138, 233, 9;
 254, 233, 99, 8, 89, 213, 223, 237, 131, 116, 228, 139, 8, 204, 62, 149, 216, 137, 211, 245, 238, 43, 60, 221, 115, 89, 141, 125, 87, 28, 246, 246;
 109, 48, 241, 225, 101, 125, 249, 88, 43, 127, 189, 62, 221, 191, 203, 190, 63, 149, 254, 154, 149, 54, 248, 208, 215, 223, 251, 255, 223, 111, 79, 247;
 126, 178, 230, 82, 181, 250, 81, 19, 123, 255, 191, 189, 74, 125, 214, 156, 151, 182, 253, 21, 158, 235, 233, 192, 26, 95, 53, 215, 231, 199, 222, 87;
 146, 159, 122, 189, 118, 155, 190, 246, 28, 14, 88, 231, 45, 168, 182, 64, 255, 123, 135, 65, 230, 185, 4, 255, 180, 100, 46, 139, 53, 220, 189, 141;
 18, 142, 11, 191, 52, 226, 43, 162, 30, 71, 90, 211, 180, 230, 33, 64, 247, 123, 59, 133, 51, 152, 1, 255, 141, 166, 186, 194, 148, 9, 53, 122;
 186, 204, 0, 186, 159, 245, 86, 238, 23, 6, 200, 3, 47, 203, 33, 192, 249, 251, 131, 195, 110, 31, 90, 191, 243, 199, 154, 57, 51, 93, 60, 138;
 73, 22, 198, 165, 34, 34, 109, 22, 32, 182, 74, 246, 213, 35, 129, 207, 99, 70, 42, 174, 33, 212, 133, 72, 132, 162, 250, 4, 172, 241, 41, 40;
 221, 86, 254, 69, 162, 30, 63, 17, 48, 239, 55, 244, 93, 119, 138, 114, 55, 85, 253, 174, 224, 213, 173, 74, 102, 239, 103, 132, 39, 246, 167, 113;
 106, 240, 181, 84, 207, 125, 145, 142, 203, 255, 188, 41, 46, 188, 79, 26, 129, 215, 237, 17, 6, 99, 187, 209, 91, 87, 85, 63, 211, 92, 198, 95;
 75, 177, 189, 65, 173, 95, 240, 63, 235, 249, 63, 9, 30, 156, 94, 182, 181, 21, 253, 61, 215, 57, 177, 208, 127, 93, 5, 247, 74, 142, 223, 119;
 38, 179, 229, 217, 236, 169, 105, 27, 15, 49, 153, 250, 147, 29, 208, 12, 79, 154, 127, 24, 155, 120, 79, 209, 140, 154, 213, 252, 148, 136, 208, 177;
 251, 1, 119, 204, 47, 83, 222, 104, 141, 224, 247, 10, 90, 29, 52, 231, 250, 181, 255, 238, 121, 35, 115, 220, 179, 251, 194, 31, 119, 175, 112, 38;
 67, 15, 111, 150, 230, 34, 172, 39, 168, 202, 218, 231, 120, 46, 180, 99, 166, 231, 127, 167, 229, 217, 132, 204, 52, 42, 254, 128, 5, 226, 177, 125;
 79, 233, 227, 17, 197, 20, 239, 206, 123, 245, 2, 11, 8, 168, 95, 190, 57, 205, 115, 221, 150, 122, 190, 224, 31, 92, 207, 109, 199, 53, 243, 196;
 59, 204, 106, 191, 86, 151, 234, 232, 94, 64, 88, 131, 249, 204, 55, 96, 126, 235, 22, 199, 206, 186, 46, 191, 114, 77, 171, 168, 125, 155, 121, 220;
 51, 45, 106, 200, 92, 179, 202, 82, 87, 192, 92, 66, 49, 201, 183, 32, 88, 170, 23, 221, 143, 186, 4, 191, 50, 13, 170, 160, 61, 153, 120, 136;
 46, 161, 212, 227, 221, 121, 208, 204, 75, 181, 57, 25, 142, 105, 94, 154, 139, 203, 195, 17, 22, 98, 203, 208, 15, 208, 21, 127, 199, 79, 207, 134;
 109, 54, 185, 96, 237, 125, 83, 154, 83, 255, 61, 60, 91, 125, 203, 190, 151, 92, 245, 62, 149, 116, 253, 130, 95, 95, 113, 191, 194, 255, 86, 119;
 63, 126, 234, 68, 231, 118, 255, 210, 121, 238, 180, 175, 25, 45, 215, 63, 63, 253, 215, 239, 197, 242, 180, 200, 87, 95, 229, 167, 231, 245, 126, 245;
 41, 253, 81, 201, 86, 219, 234, 252, 78, 97, 188, 238, 185, 23, 136, 164, 122, 138, 206, 234, 195, 58, 108, 253, 190, 201, 163, 244, 119, 154, 195, 237;
 37, 165, 209, 163, 246, 41, 162, 203, 74, 161, 57, 74, 151, 32, 200, 128, 27, 75, 66, 88, 19, 56, 205, 50, 44, 132, 37, 124, 220, 203, 139, 128;
 201, 169, 85, 209, 203, 200, 105, 247, 169, 20, 180, 30, 157, 3, 18, 159, 42, 135, 110, 202, 49, 75, 246, 245, 213, 186, 218, 104, 102, 129, 227, 232;
 15, 178, 48, 161, 239, 61, 185, 91, 47, 253, 157, 255, 140, 158, 214, 142, 175, 25, 255, 23, 150, 113, 235, 208, 158, 93, 27, 246, 134, 143, 149, 245;
 222, 137, 255, 247, 67, 202, 123, 232, 55, 244, 103, 131, 125, 95, 99, 89, 54, 245, 191, 210, 6, 209, 187, 253, 223, 235, 235, 197, 37, 161, 37, 210;
 95, 121, 227, 100, 231, 126, 255, 210, 43, 236, 190, 175, 29, 188, 215, 190, 191, 253, 245, 213, 133, 211, 180, 192, 87, 93, 143, 167, 231, 247, 127, 255;
 101, 85, 125, 238, 108, 79, 222, 120, 201, 200, 185, 108, 222, 95, 189, 51, 222, 165, 94, 110, 205, 35, 120, 204, 114, 185, 97, 190, 92, 171, 98, 241;
 40, 59, 234, 204, 117, 223, 251, 115, 79, 204, 124, 15, 57, 237, 118, 0, 216, 236, 147, 73, 148, 186, 242, 200, 95, 125, 131, 41, 87, 175, 126, 194;
 46, 48, 249, 97, 253, 127, 249, 218, 91, 253, 60, 58, 27, 125, 223, 62, 159, 218, 87, 24, 146, 114, 255, 208, 79, 221, 5, 239, 247, 253, 86, 231;
 222, 76, 230, 158, 11, 16, 95, 228, 169, 6, 134, 147, 77, 227, 39, 223, 99, 229, 233, 198, 104, 199, 142, 234, 178, 119, 206, 11, 38, 247, 46, 70;
 29, 83, 111, 69, 52, 18, 79, 56, 101, 232, 95, 230, 91, 77, 159, 116, 118, 204, 21, 238, 205, 144, 45, 140, 226, 239, 161, 132, 47, 183, 112, 117;
 87, 115, 141, 165, 142, 14, 175, 233, 168, 248, 155, 239, 213, 44, 81, 11, 62, 69, 125, 231, 197, 81, 141, 8, 252, 0, 239, 180, 45, 115, 19, 209;
 114, 104, 43, 148, 77, 212, 219, 98, 163, 196, 136, 143, 40, 204, 119, 2, 232, 225, 251, 213, 78, 11, 182, 252, 89, 20, 139, 59, 5, 38, 54, 222;
 3, 154, 198, 153, 102, 187, 184, 87, 127, 121, 82, 247, 40, 8, 150, 204, 239, 175, 166, 149, 151, 252, 7, 209, 30, 58, 250, 195, 205, 140, 249, 157;
 249, 91, 123, 172, 38, 92, 127, 116, 41, 108, 246, 239, 63, 30, 163, 243, 238, 245, 221, 207, 201, 167, 228, 233, 243, 233, 234, 147, 39, 188, 118, 121;
 39, 225, 233, 65, 205, 89, 239, 201, 75, 245, 188, 138, 0, 204, 223, 174, 25, 200, 211, 221, 150, 114, 238, 208, 31, 28, 141, 127, 213, 63, 214, 228;
 70, 233, 163, 130, 87, 197, 186, 192, 143, 192, 210, 131, 40, 204, 119, 32, 110, 233, 55, 215, 130, 27, 158, 224, 25, 12, 139, 200, 5, 47, 49, 86;
 83, 73, 175, 85, 128, 198, 173, 39, 228, 196, 206, 2, 49, 182, 55, 99, 32, 231, 121, 205, 64, 201, 167, 108, 241, 43, 222, 1, 1, 112, 53, 106;
 55, 165, 232, 192, 253, 183, 218, 200, 91, 237, 189, 15, 74, 216, 95, 36, 221, 203, 215, 253, 158, 51, 248, 210, 59, 92, 133, 255, 223, 79, 250, 215;
 3, 59, 234, 133, 102, 182, 249, 82, 127, 236, 86, 231, 8, 140, 246, 108, 254, 173, 55, 141, 133, 243, 181, 208, 94, 57, 171, 128, 15, 132, 123, 213;
 72, 21, 174, 173, 93, 252, 97, 23, 230, 93, 222, 6, 217, 19, 2, 243, 104, 198, 238, 152, 31, 75, 241, 196, 221, 225, 162, 89, 170, 8, 244, 114;
 78, 59, 243, 86, 227, 244, 191, 194, 171, 204, 92, 175, 44, 190, 247, 62, 166, 127, 183, 211, 133, 83, 166, 224, 95, 124, 15, 171, 199, 119, 39, 255;
 65, 232, 145, 191, 60, 140, 104, 182, 174, 145, 74, 197, 181, 195, 80, 194, 70, 111, 40, 92, 71, 24, 215, 33, 140, 252, 158, 72, 8, 130, 9, 24;
 130, 88, 47, 157, 59, 196, 185, 66, 188, 76, 214, 135, 172, 142, 55, 73, 230, 57, 191, 197, 130, 205, 50, 253, 193, 115, 250, 203, 5, 5, 53, 255;
 94, 177, 180, 80, 139, 221, 148, 175, 207, 125, 188, 63, 202, 252, 78, 166, 141, 147, 255, 17, 150, 107, 251, 209, 123, 87, 85, 127, 211, 14, 205, 87;
 175, 125, 224, 108, 105, 93, 223, 88, 195, 206, 60, 45, 59, 221, 215, 182, 140, 248, 213, 102, 205, 38, 250, 138, 115, 217, 37, 187, 111, 247, 94, 247;
 175, 177, 240, 227, 245, 155, 222, 221, 91, 249, 53, 62, 139, 25, 222, 188, 159, 138, 151, 29, 159, 122, 253, 146, 110, 221, 21, 255, 207, 142, 218, 213;
 170, 177, 52, 88, 237, 157, 208, 123, 207, 57, 176, 121, 170, 217, 92, 175, 141, 18, 247, 17, 254, 111, 82, 149, 79, 88, 21, 127, 83, 12, 222, 143;
 58, 76, 130, 190, 221, 229, 214, 230, 151, 7, 200, 3, 42, 249, 51, 192, 249, 234, 131, 193, 46, 187, 26, 191, 251, 215, 158, 59, 179, 125, 124, 138;
 168, 88, 122, 88, 93, 221, 246, 71, 219, 12, 124, 11, 40, 153, 55, 240, 200, 59, 179, 16, 198, 190, 242, 251, 119, 125, 18, 11, 83, 28, 254, 206;
 187, 123, 235, 70, 102, 86, 251, 80, 97, 236, 246, 238, 121, 188, 215, 50, 46, 253, 247, 205, 197, 254, 180, 200, 94, 77, 173, 128, 111, 166, 126, 253;
 15, 118, 235, 205, 118, 119, 187, 90, 15, 237, 92, 231, 157, 252, 151, 172, 159, 121, 151, 189, 135, 176, 37, 200, 70, 95, 63, 166, 207, 247, 21, 245;
 93, 26, 124, 113, 174, 59, 89, 154, 207, 254, 22, 237, 223, 61, 211, 43, 135, 85, 253, 61, 172, 96, 111, 180, 202, 219, 117, 215, 230, 173, 29, 85;
 186, 252, 42, 176, 219, 213, 184, 230, 178, 246, 132, 143, 9, 142, 83, 1, 169, 189, 211, 149, 110, 95, 148, 214, 121, 65, 143, 109, 105, 20, 63, 218;
 57, 204, 35, 188, 85, 195, 207, 234, 87, 76, 216, 131, 185, 204, 51, 96, 249, 169, 23, 141, 238, 186, 38, 191, 241, 77, 171, 137, 119, 158, 112, 206;
 59, 76, 99, 189, 86, 131, 239, 123, 22, 68, 92, 135, 57, 205, 51, 64, 126, 169, 19, 205, 200, 186, 54, 255, 100, 111, 170, 136, 63, 190, 112, 216;
 190, 210, 44, 35, 43, 91, 150, 188, 207, 126, 149, 191, 206, 76, 222, 139, 143, 65, 237, 103, 236, 101, 111, 181, 242, 83, 109, 247, 119, 63, 159, 87;
 193, 185, 125, 209, 204, 221, 237, 247, 237, 94, 180, 30, 156, 134, 214, 62, 105, 131, 110, 200, 81, 47, 246, 211, 247, 187, 246, 232, 73, 80, 231, 252;
 214, 151, 108, 161, 174, 111, 249, 186, 93, 254, 183, 255, 223, 44, 94, 11, 47, 199, 127, 247, 253, 101, 125, 222, 221, 139, 239, 213, 237, 233, 213, 115;
 14, 178, 224, 233, 229, 121, 240, 223, 111, 125, 125, 243, 139, 191, 206, 238, 47, 27, 255, 16, 150, 56, 239, 209, 78, 92, 50, 231, 246, 206, 205, 215;
 137, 219, 125, 233, 46, 219, 234, 240, 205, 112, 180, 230, 191, 78, 177, 165, 110, 224, 206, 106, 199, 61, 108, 253, 182, 201, 35, 181, 119, 159, 77, 253;
 184, 223, 100, 233, 23, 223, 115, 244, 197, 100, 188, 143, 171, 5, 50, 5, 104, 226, 206, 110, 234, 185, 125, 189, 247, 193, 163, 53, 115, 159, 84, 250;
 13, 135, 220, 163, 236, 123, 108, 185, 110, 115, 63, 246, 221, 99, 218, 239, 39, 2, 110, 62, 215, 112, 111, 209, 206, 219, 119, 101, 190, 206, 201, 128;
 126, 179, 224, 66, 247, 251, 217, 17, 43, 253, 191, 189, 74, 92, 222, 156, 159, 151, 253, 21, 158, 107, 233, 214, 26, 95, 37, 247, 231, 134, 222, 87;
 45, 52, 249, 225, 245, 127, 251, 210, 43, 239, 189, 46, 159, 191, 203, 184, 255, 221, 223, 158, 157, 50, 248, 194, 223, 221, 163, 247, 207, 239, 71, 243;
 159, 169, 243, 210, 23, 214, 187, 192, 183, 192, 198, 130, 61, 222, 117, 228, 126, 249, 155, 217, 11, 137, 190, 254, 155, 236, 143, 203, 39, 36, 37, 236;
 20, 142, 47, 191, 182, 227, 171, 51, 20, 78, 94, 163, 245, 103, 162, 64, 119, 114, 31, 175, 48, 153, 37, 63, 233, 167, 170, 192, 180, 169, 181, 113;
 10, 244, 49, 219, 107, 217, 62, 254, 31, 127, 124, 50, 172, 215, 236, 229, 183, 27, 151, 42, 99, 84, 42, 245, 63, 219, 95, 231, 18, 156, 133, 253;
 163, 189, 243, 216, 125, 213, 171, 206, 94, 1, 88, 2, 168, 220, 181, 228, 219, 123, 147, 217, 163, 186, 122, 255, 63, 92, 143, 234, 151, 13, 117, 172;
 218, 90, 127, 190, 111, 92, 253, 52, 169, 206, 180, 183, 191, 31, 151, 127, 110, 245, 253, 195, 229, 231, 182, 234, 215, 251, 254, 155, 39, 245, 103, 123;
 147, 143, 70, 191, 54, 131, 190, 246, 156, 6, 90, 231, 45, 170, 178, 65, 110, 235, 135, 231, 230, 153, 4, 255, 176, 230, 170, 128, 61, 204, 41, 217;
 234, 185, 170, 180, 221, 212, 212, 71, 178, 204, 132, 25, 32, 188, 87, 147, 201, 239, 249, 213, 126, 79, 210, 226, 123, 81, 159, 123, 137, 4, 254, 222;
 75, 235, 146, 222, 252, 148, 175, 222, 139, 141, 220, 96, 172, 194, 241, 228, 198, 107, 30, 220, 195, 11, 226, 243, 172, 221, 190, 234, 142, 150, 43, 173;
 13, 131, 156, 227, 172, 41, 188, 185, 206, 59, 29, 252, 220, 123, 216, 170, 151, 3, 126, 61, 147, 97, 75, 209, 204, 159, 127, 244, 158, 202, 137, 129;
 195, 76, 211, 246, 102, 40, 239, 148, 57, 130, 114, 210, 253, 107, 149, 251, 103, 239, 55, 207, 225, 214, 134, 234, 52, 186, 254, 136, 173, 241, 99, 169;
 243, 88, 106, 222, 100, 20, 87, 112, 113, 202, 247, 46, 114, 252, 183, 116, 252, 236, 182, 110, 237, 167, 164, 234, 243, 111, 224, 138, 127, 191, 122, 95;
 186, 93, 110, 254, 45, 214, 223, 112, 149, 70, 222, 135, 121, 255, 183, 100, 126, 249, 183, 239, 232, 183, 62, 255, 243, 255, 202, 137, 55, 190, 124, 250;
 2, 105, 107, 154, 85, 193, 170, 196, 132, 192, 208, 3, 40, 220, 117, 32, 232, 233, 19, 215, 202, 43, 150, 237, 49, 8, 142, 171, 21, 31, 52, 206;
 77, 11, 157, 21, 160, 62, 108, 19, 116, 203, 78, 84, 221, 35, 211, 254, 55, 102, 44, 156, 149, 216, 165, 98, 206, 239, 246, 128, 170, 241, 137, 20;
 243, 54, 104, 5, 54, 123, 185, 18, 216, 238, 159, 239, 151, 28, 214, 35, 182, 61, 221, 37, 229, 245, 165, 14, 70, 9, 41, 181, 109, 172, 95, 213;
 253, 102, 113, 69, 69, 63, 207, 250, 89, 170, 184, 90, 91, 40, 157, 191, 25, 196, 84, 46, 233, 246, 101, 138, 55, 154, 69, 52, 231, 249, 82, 172;
 82, 12, 191, 244, 50, 226, 59, 34, 172, 141, 223, 163, 253, 247, 160, 64, 226, 117, 61, 137, 24, 137, 35, 236, 216, 231, 171, 129, 36, 35, 37, 99;
 11, 61, 235, 65, 246, 151, 251, 87, 123, 237, 126, 167, 57, 189, 215, 36, 63, 191, 151, 157, 151, 248, 52, 206, 111, 93, 189, 224, 231, 132, 119, 253;
 126, 202, 238, 94, 75, 208, 92, 224, 185, 22, 166, 131, 104, 238, 39, 223, 224, 245, 233, 194, 76, 199, 186, 233, 147, 115, 222, 27, 35, 52, 126, 78;
 109, 58, 249, 101, 100, 127, 123, 144, 123, 239, 52, 236, 27, 189, 215, 62, 23, 124, 181, 94, 129, 116, 188, 128, 79, 223, 117, 164, 238, 255, 87, 245;
 114, 249, 252, 86, 207, 92, 148, 175, 203, 45, 172, 8, 34, 60, 70, 50, 129, 214, 232, 1, 78, 107, 243, 161, 59, 127, 84, 59, 65, 90, 222, 78;
 43, 181, 96, 73, 253, 149, 219, 223, 67, 73, 188, 45, 56, 92, 223, 180, 220, 27, 151, 181, 159, 42, 98, 223, 107, 93, 173, 250, 223, 142, 90, 223;
 143, 163, 112, 131, 255, 157, 186, 65, 47, 181, 145, 155, 140, 14, 94, 140, 175, 153, 223, 151, 150, 55, 233, 210, 159, 88, 139, 247, 150, 143, 129, 197;
 38, 169, 69, 209, 236, 169, 233, 3, 15, 49, 57, 216, 150, 1, 212, 172, 207, 62, 127, 24, 19, 120, 75, 208, 140, 24, 151, 116, 156, 200, 209, 160;
 223, 80, 230, 190, 109, 62, 105, 80, 185, 222, 247, 151, 203, 207, 191, 223, 110, 228, 255, 238, 172, 199, 182, 200, 150, 249, 194, 138, 47, 253, 113, 85;
 46, 104, 245, 65, 255, 123, 249, 216, 75, 181, 53, 10, 27, 189, 85, 62, 43, 220, 87, 184, 130, 114, 188, 192, 79, 93, 5, 39, 231, 255, 86, 226;
 7, 34, 226, 67, 102, 57, 185, 81, 121, 65, 117, 230, 8, 204, 254, 172, 62, 25, 147, 157, 151, 176, 164, 192, 22, 28, 154, 130, 207, 198, 235, 245;
 27, 49, 234, 102, 246, 214, 251, 85, 32, 196, 126, 143, 57, 189, 87, 48, 62, 189, 149, 221, 205, 186, 180, 136, 251, 205, 174, 161, 239, 166, 111, 251;
 118, 161, 120, 250, 141, 201, 208, 233, 79, 53, 161, 11, 198, 201, 78, 9, 217, 147, 235, 17, 30, 106, 91, 149, 155, 208, 221, 127, 241, 10, 92, 70;
 58, 249, 106, 204, 82, 151, 190, 117, 5, 72, 116, 163, 57, 143, 180, 36, 110, 187, 151, 204, 196, 139, 36, 253, 115, 73, 174, 136, 39, 148, 247, 253;
 58, 116, 97, 44, 81, 213, 89, 119, 17, 78, 252, 15, 42, 159, 54, 16, 216, 170, 151, 133, 206, 14, 114, 223, 211, 92, 144, 171, 51, 12, 118, 222;
 47, 122, 225, 65, 102, 55, 235, 216, 75, 249, 84, 230, 153, 44, 223, 174, 63, 76, 151, 223, 131, 112, 237, 192, 78, 93, 239, 228, 239, 247, 83, 245;
 219, 86, 254, 101, 34, 54, 121, 159, 185, 123, 182, 245, 95, 63, 141, 251, 167, 213, 253, 181, 169, 213, 177, 200, 211, 251, 254, 134, 175, 244, 43, 123;
 87, 79, 79, 70, 82, 178, 107, 180, 173, 200, 218, 230, 113, 102, 183, 112, 118, 231, 124, 238, 133, 129, 37, 108, 50, 46, 170, 128, 173, 179, 33, 125;
 35, 32, 99, 65, 70, 146, 232, 82, 105, 225, 118, 194, 8, 143, 246, 124, 110, 173, 55, 156, 132, 188, 180, 192, 7, 24, 146, 128, 103, 132, 114, 244;
 147, 156, 238, 190, 22, 163, 154, 234, 22, 198, 218, 183, 117, 248, 54, 64, 127, 107, 59, 133, 166, 207, 31, 191, 250, 111, 191, 138, 61, 105, 49, 219;
 175, 251, 105, 67, 124, 157, 235, 112, 78, 252, 53, 238, 153, 12, 214, 164, 14, 40, 215, 95, 199, 58, 108, 245, 14, 89, 161, 244, 79, 142, 90, 245;
 46, 41, 224, 248, 253, 189, 218, 216, 91, 229, 116, 143, 43, 237, 95, 156, 219, 232, 151, 93, 142, 114, 254, 186, 63, 220, 133, 191, 247, 255, 86, 214;
 22, 26, 174, 171, 50, 226, 185, 64, 172, 77, 223, 163, 221, 191, 182, 64, 246, 53, 191, 149, 144, 145, 1, 196, 208, 117, 170, 195, 133, 7, 53, 83;
 122, 252, 35, 172, 121, 197, 91, 126, 19, 72, 216, 109, 56, 223, 52, 144, 220, 187, 149, 133, 203, 15, 210, 255, 243, 92, 152, 186, 27, 4, 118, 251;
 114, 136, 113, 72, 59, 217, 83, 142, 79, 5, 236, 168, 34, 151, 164, 244, 66, 186, 134, 80, 74, 42, 99, 117, 11, 180, 16, 123, 118, 138, 68, 46;
 137, 112, 251, 241, 102, 79, 249, 88, 124, 114, 117, 118, 158, 157, 249, 105, 126, 29, 54, 107, 225, 244, 241, 194, 197, 216, 114, 166, 126, 185, 103, 241;
 33, 77, 107, 248, 84, 167, 203, 103, 68, 192, 88, 2, 49, 137, 53, 64, 72, 170, 19, 157, 170, 170, 4, 191, 97, 12, 130, 8, 53, 154, 112, 136;
 139, 59, 106, 129, 118, 150, 249, 87, 124, 196, 86, 183, 24, 140, 246, 96, 126, 45, 51, 221, 148, 191, 164, 194, 86, 57, 138, 192, 15, 132, 121, 221;
 242, 73, 86, 204, 79, 83, 254, 108, 205, 130, 242, 10, 72, 26, 37, 247, 234, 245, 123, 226, 108, 39, 83, 252, 179, 250, 194, 27, 55, 57, 252, 134;
 150, 168, 255, 145, 242, 203, 185, 71, 186, 245, 16, 187, 156, 140, 86, 43, 167, 189, 91, 149, 118, 221, 164, 192, 92, 8, 31, 229, 229, 4, 7, 202;
 61, 60, 251, 225, 246, 127, 123, 210, 91, 235, 188, 174, 27, 191, 215, 60, 127, 253, 151, 222, 137, 178, 124, 234, 95, 221, 163, 160, 239, 255, 102, 241;
 227, 238, 233, 159, 124, 252, 171, 142, 187, 93, 220, 231, 168, 238, 191, 246, 238, 75, 159, 213, 167, 10, 238, 227, 36, 52, 186, 138, 148, 221, 125, 253;
 155, 233, 59, 248, 21, 212, 91, 96, 215, 140, 212, 2, 40, 222, 55, 225, 232, 251, 159, 209, 46, 203, 50, 255, 251, 233, 138, 203, 51, 0, 37, 238;
 58, 76, 99, 191, 21, 195, 234, 117, 21, 72, 221, 3, 105, 205, 51, 196, 120, 168, 151, 141, 72, 186, 38, 159, 227, 125, 138, 129, 55, 206, 116, 232;
 178, 157, 103, 222, 87, 223, 118, 240, 133, 104, 182, 239, 235, 29, 181, 69, 106, 242, 207, 238, 233, 189, 52, 255, 183, 218, 227, 147, 127, 173, 92, 255;
 198, 30, 223, 220, 118, 226, 187, 82, 174, 9, 90, 242, 157, 230, 161, 98, 102, 125, 63, 129, 1, 145, 166, 234, 52, 164, 43, 136, 148, 241, 37, 161;
 62, 169, 108, 235, 92, 215, 218, 216, 71, 160, 244, 3, 113, 221, 127, 32, 88, 153, 23, 241, 142, 50, 127, 157, 95, 205, 143, 237, 247, 138, 124, 130;
 37, 104, 158, 240, 108, 173, 89, 214, 143, 185, 60, 8, 150, 187, 97, 58, 137, 104, 119, 88, 0, 120, 242, 240, 207, 153, 117, 126, 144, 249, 90, 163;
 190, 33, 253, 193, 77, 223, 248, 200, 79, 185, 189, 10, 217, 216, 117, 42, 235, 153, 127, 217, 134, 113, 75, 208, 95, 217, 175, 245, 197, 42, 93, 162;
 19, 31, 70, 175, 166, 2, 60, 113, 172, 136, 219, 231, 109, 106, 178, 67, 102, 167, 63, 167, 213, 153, 5, 204, 176, 226, 238, 128, 61, 230, 185, 81;
 54, 200, 100, 225, 53, 155, 216, 224, 95, 177, 178, 131, 203, 8, 84, 132, 235, 169, 223, 85, 78, 184, 77, 213, 142, 216, 143, 119, 119, 142, 88, 134;
 74, 124, 250, 254, 111, 252, 189, 86, 169, 206, 92, 167, 172, 255, 119, 78, 230, 113, 255, 135, 132, 39, 178, 226, 215, 127, 90, 139, 134, 119, 47, 223;
 42, 217, 154, 220, 93, 213, 145, 231, 159, 29, 204, 1, 168, 187, 102, 68, 201, 58, 163, 16, 74, 43, 82, 181, 235, 215, 158, 123, 146, 28, 252, 139;
 69, 131, 216, 193, 236, 89, 239, 185, 239, 113, 31, 158, 221, 235, 218, 38, 55, 7, 126, 60, 151, 49, 175, 210, 206, 221, 111, 245, 158, 170, 137, 197;
 26, 123, 189, 163, 175, 255, 189, 21, 207, 125, 31, 167, 174, 28, 86, 42, 166, 55, 253, 21, 149, 249, 119, 240, 199, 89, 90, 211, 6, 31, 149, 87;
 28, 159, 46, 175, 22, 166, 91, 176, 132, 76, 222, 7, 215, 103, 50, 64, 126, 36, 29, 172, 152, 153, 57, 31, 235, 231, 171, 197, 54, 171, 61, 82;
 173, 104, 85, 255, 108, 13, 232, 88, 173, 18, 241, 64, 255, 91, 29, 187, 174, 177, 94, 78, 43, 229, 83, 233, 199, 217, 98, 24, 75, 145, 67, 168;
 105, 246, 65, 171, 246, 216, 78, 253, 91, 69, 253, 254, 235, 78, 218, 240, 123, 139, 134, 156, 223, 30, 252, 215, 254, 253, 190, 237, 55, 142, 214, 220;
 62, 36, 122, 224, 231, 127, 250, 200, 9, 164, 189, 139, 79, 79, 127, 56, 255, 217, 215, 247, 28, 50, 25, 194, 223, 217, 139, 229, 247, 239, 95, 198;
 11, 216, 189, 217, 107, 247, 184, 250, 207, 121, 124, 98, 12, 190, 229, 228, 167, 27, 182, 0, 135, 25, 58, 209, 23, 223, 107, 167, 26, 220, 45, 255;
 245, 25, 234, 252, 102, 22, 95, 248, 113, 206, 246, 35, 115, 124, 183, 123, 126, 236, 53, 238, 237, 242, 229, 169, 242, 235, 226, 128, 117, 185, 114, 229;
 79, 145, 241, 165, 239, 109, 189, 187, 11, 119, 29, 159, 221, 111, 90, 14, 167, 23, 127, 7, 209, 112, 251, 209, 199, 223, 127, 188, 158, 252, 133, 243;
 35, 169, 17, 211, 252, 173, 248, 99, 143, 57, 57, 88, 156, 184, 244, 164, 135, 59, 23, 29, 147, 56, 10, 209, 12, 28, 27, 238, 156, 138, 209, 165;
 52, 1, 238, 85, 164, 90, 196, 96, 209, 162, 246, 10, 67, 104, 183, 175, 88, 228, 224, 99, 76, 241, 4, 136, 2, 251, 197, 17, 103, 249, 92, 134;
 44, 150, 60, 78, 173, 123, 215, 57, 87, 234, 61, 104, 114, 121, 190, 165, 25, 70, 164, 42, 216, 225, 105, 159, 75, 223, 117, 23, 90, 234, 92, 3;
 201, 252, 249, 217, 236, 221, 237, 119, 254, 82, 188, 18, 189, 190, 214, 34, 107, 163, 110, 136, 243, 47, 246, 211, 247, 153, 254, 104, 69, 64, 231, 250;
 143, 94, 119, 221, 110, 155, 236, 115, 237, 70, 114, 246, 237, 206, 181, 231, 166, 49, 254, 110, 229, 53, 38, 217, 182, 249, 99, 128, 54, 189, 69, 245;
 126, 72, 242, 228, 79, 82, 252, 226, 233, 130, 246, 10, 140, 154, 117, 118, 106, 245, 255, 195, 76, 39, 148, 200, 183, 252, 206, 31, 39, 60, 123, 14;
 202, 179, 241, 255, 253, 108, 125, 157, 27, 117, 29, 221, 189, 231, 88, 207, 215, 91, 151, 29, 131, 64, 250, 193, 239, 245, 223, 188, 150, 252, 151, 241;
 171, 118, 238, 101, 102, 114, 249, 22, 169, 236, 63, 183, 185, 156, 150, 34, 174, 53, 247, 173, 133, 245, 164, 202, 71, 121, 186, 129, 71, 197, 119, 255;
 77, 78, 213, 255, 110, 56, 237, 158, 104, 150, 124, 194, 253, 99, 153, 239, 123, 239, 54, 158, 129, 228, 231, 232, 20, 239, 254, 136, 167, 241, 99, 233;
 198, 63, 223, 156, 122, 234, 186, 66, 188, 193, 218, 242, 156, 254, 161, 83, 230, 125, 95, 177, 51, 193, 128, 206, 252, 48, 43, 140, 140, 113, 33, 131;
 35, 252, 57, 221, 92, 211, 184, 238, 94, 66, 80, 2, 177, 216, 53, 225, 219, 59, 19, 145, 231, 254, 118, 255, 45, 159, 154, 41, 21, 8, 121, 174;
 186, 77, 110, 222, 61, 214, 255, 113, 149, 70, 223, 131, 121, 255, 55, 100, 94, 253, 183, 239, 232, 151, 54, 239, 243, 127, 202, 137, 55, 255, 116, 242;
 42, 141, 18, 190, 91, 197, 190, 97, 157, 0, 201, 11, 236, 234, 32, 193, 216, 59, 139, 67, 102, 11, 90, 253, 181, 118, 138, 91, 18, 14, 169, 142;
 239, 80, 230, 189, 110, 56, 125, 89, 233, 206, 245, 183, 219, 254, 159, 127, 110, 228, 127, 174, 237, 103, 230, 202, 150, 251, 226, 154, 47, 252, 115, 213;
 19, 15, 78, 159, 38, 146, 238, 113, 148, 202, 219, 231, 121, 98, 178, 97, 126, 163, 30, 175, 237, 153, 7, 205, 176, 42, 238, 128, 61, 238, 169, 29;
 171, 244, 112, 97, 37, 157, 248, 119, 207, 108, 60, 190, 139, 156, 246, 164, 190, 41, 215, 109, 198, 180, 36, 215, 70, 217, 35, 247, 95, 140, 89, 245;
 224, 141, 63, 209, 205, 237, 112, 7, 229, 51, 234, 19, 180, 63, 64, 123, 105, 182, 107, 16, 54, 123, 211, 195, 223, 225, 214, 75, 162, 200, 244, 170;
 43, 182, 96, 68, 223, 23, 159, 121, 81, 166, 245, 158, 74, 108, 222, 164, 92, 148, 130, 44, 252, 55, 244, 142, 63, 93, 5, 126, 103, 174, 254, 244;
 47, 153, 172, 31, 165, 189, 126, 179, 207, 93, 93, 5, 106, 233, 118, 132, 133, 106, 181, 95, 214, 184, 158, 245, 75, 127, 69, 235, 222, 175, 216, 215;
 34, 201, 10, 138, 84, 132, 190, 229, 140, 0, 208, 2, 180, 154, 33, 64, 200, 43, 19, 209, 66, 139, 18, 253, 49, 32, 142, 40, 20, 26, 241, 138;
 15, 63, 239, 193, 54, 247, 187, 18, 31, 237, 94, 231, 157, 188, 183, 160, 22, 123, 159, 189, 167, 216, 53, 204, 110, 93, 47, 192, 142, 205, 29, 117;
 176, 105, 216, 78, 219, 209, 86, 196, 83, 136, 252, 42, 34, 209, 231, 180, 88, 250, 134, 66, 74, 42, 192, 187, 51, 205, 4, 59, 123, 154, 110, 143;
 176, 72, 106, 225, 116, 143, 232, 112, 76, 128, 242, 2, 51, 8, 53, 1, 234, 169, 23, 227, 232, 191, 16, 204, 119, 201, 162, 0, 117, 8, 115, 136;
 3, 182, 18, 179, 51, 191, 184, 115, 63, 171, 91, 247, 236, 218, 252, 132, 183, 59, 151, 149, 183, 216, 29, 215, 12, 94, 27, 194, 15, 70, 9, 157;
 179, 2, 98, 76, 84, 18, 200, 96, 65, 196, 213, 131, 40, 140, 183, 101, 124, 168, 23, 239, 204, 179, 36, 205, 18, 40, 138, 137, 101, 174, 114, 204;
 122, 122, 174, 124, 73, 212, 149, 67, 171, 158, 240, 33, 40, 206, 39, 90, 232, 177, 237, 131, 76, 71, 162, 201, 83, 115, 202, 139, 1, 52, 102, 255;
 252, 74, 170, 54, 4, 156, 230, 86, 244, 198, 194, 199, 227, 200, 51, 200, 184, 228, 233, 71, 236, 245, 22, 42, 210, 103, 212, 17, 109, 253, 124, 88;
 43, 157, 161, 27, 221, 221, 167, 231, 82, 125, 93, 31, 176, 60, 94, 36, 73, 10, 19, 13, 215, 58, 124, 183, 109, 30, 158, 122, 223, 78, 214, 254;
 57, 72, 79, 204, 92, 147, 78, 244, 133, 0, 244, 66, 83, 67, 177, 229, 120, 160, 22, 234, 73, 163, 20, 157, 50, 233, 163, 144, 63, 187, 120, 160;
 184, 72, 103, 232, 84, 131, 207, 116, 69, 160, 240, 74, 19, 9, 49, 1, 120, 168, 23, 235, 232, 187, 0, 156, 240, 200, 162, 144, 119, 152, 112, 168;
 154, 55, 114, 225, 37, 175, 184, 67, 207, 172, 59, 90, 141, 152, 116, 160, 186, 57, 255, 177, 16, 181, 16, 210, 157, 217, 139, 231, 71, 10, 85, 131;
 164, 106, 186, 210, 124, 141, 115, 150, 255, 172, 112, 8, 182, 147, 101, 58, 129, 106, 38, 88, 2, 124, 194, 114, 77, 156, 53, 40, 128, 153, 66, 171;
 130, 192, 118, 209, 61, 203, 249, 70, 207, 52, 178, 147, 174, 8, 54, 5, 170, 161, 95, 69, 70, 165, 7, 221, 132, 88, 75, 215, 85, 12, 89, 13;
 128, 172, 183, 253, 236, 140, 172, 7, 190, 19, 98, 17, 189, 187, 64, 67, 227, 59, 123, 0, 98, 220, 210, 211, 229, 152, 222, 32, 128, 64, 163, 170;
 58, 141, 22, 190, 153, 225, 150, 227, 158, 4, 232, 11, 108, 250, 40, 193, 232, 171, 139, 193, 86, 11, 10, 253, 177, 247, 10, 123, 16, 14, 173, 138;
 82, 192, 6, 156, 13, 80, 64, 41, 233, 8, 242, 2, 238, 122, 12, 215, 240, 165, 108, 160, 12, 75, 195, 205, 152, 178, 202, 27, 0, 2, 121, 14;
 66, 76, 250, 212, 109, 248, 249, 70, 233, 134, 254, 34, 172, 138, 119, 78, 234, 253, 255, 129, 4, 191, 166, 200, 23, 48, 218, 139, 5, 120, 127, 206;
 91, 65, 82, 236, 107, 148, 94, 28, 165, 0, 254, 137, 47, 207, 52, 212, 230, 179, 253, 238, 76, 3, 147, 197, 179, 249, 130, 139, 38, 151, 170, 14;
 169, 225, 172, 178, 221, 83, 197, 173, 82, 245, 132, 26, 243, 57, 90, 163, 89, 206, 18, 93, 126, 106, 239, 177, 239, 219, 213, 125, 246, 220, 220, 232;
 62, 126, 98, 192, 69, 119, 250, 218, 21, 238, 254, 79, 73, 189, 117, 188, 127, 221, 151, 186, 136, 178, 48, 206, 95, 94, 161, 231, 239, 255, 118, 247;
 64, 122, 152, 241, 110, 173, 112, 134, 254, 153, 48, 109, 182, 147, 65, 24, 166, 107, 110, 80, 6, 124, 194, 96, 206, 141, 116, 43, 200, 89, 9, 11;
 247, 140, 101, 48, 147, 218, 92, 163, 241, 99, 130, 153, 11, 60, 22, 177, 139, 165, 248, 37, 253, 207, 116, 159, 187, 255, 221, 87, 37, 36, 154, 86;
 128, 141, 31, 249, 200, 168, 96, 39, 190, 19, 106, 17, 181, 187, 64, 67, 227, 59, 43, 17, 50, 220, 211, 83, 141, 176, 90, 64, 128, 64, 227, 138;
 242, 64, 69, 172, 77, 232, 88, 10, 143, 52, 210, 155, 239, 10, 53, 202, 234, 165, 191, 193, 12, 6, 83, 215, 149, 242, 218, 159, 53, 13, 84, 78;
 176, 72, 67, 200, 68, 135, 97, 112, 5, 34, 214, 74, 51, 1, 161, 197, 104, 160, 14, 106, 105, 183, 32, 156, 147, 200, 224, 0, 55, 169, 112, 168;
 50, 15, 102, 238, 21, 163, 203, 97, 157, 4, 217, 2, 106, 233, 52, 68, 248, 186, 143, 163, 106, 163, 8, 255, 179, 246, 130, 131, 55, 206, 116, 174;
 108, 251, 216, 232, 203, 181, 190, 218, 10, 0, 124, 204, 141, 131, 97, 144, 23, 91, 147, 82, 86, 2, 154, 112, 94, 197, 47, 125, 218, 243, 139, 145;
 170, 12, 38, 254, 29, 231, 255, 96, 157, 70, 223, 19, 104, 253, 54, 68, 216, 251, 187, 131, 104, 175, 90, 255, 243, 127, 202, 11, 23, 111, 116, 210;
 191, 249, 99, 200, 93, 199, 203, 248, 199, 172, 188, 10, 49, 221, 245, 36, 120, 216, 23, 251, 202, 35, 252, 157, 123, 72, 139, 188, 119, 175, 116, 226;
 233, 88, 171, 62, 5, 220, 198, 6, 244, 198, 194, 13, 163, 204, 51, 136, 200, 226, 251, 7, 237, 167, 210, 42, 129, 103, 212, 24, 72, 124, 120, 90;
 79, 122, 165, 37, 45, 238, 179, 154, 171, 239, 30, 109, 252, 253, 19, 142, 133, 101, 253, 71, 129, 32, 179, 249, 197, 55, 109, 134, 206, 53, 21, 115;
 3, 146, 42, 155, 53, 212, 185, 117, 29, 79, 215, 55, 104, 222, 190, 68, 253, 155, 191, 133, 239, 157, 57, 215, 150, 126, 154, 195, 30, 14, 252, 95;
 87, 225, 165, 129, 149, 78, 77, 173, 43, 117, 131, 143, 199, 4, 94, 76, 240, 140, 89, 125, 223, 216, 253, 133, 189, 54, 223, 212, 4, 14, 209, 116;
 159, 92, 118, 123, 47, 191, 190, 210, 237, 106, 189, 51, 143, 156, 183, 173, 175, 19, 223, 7, 228, 165, 40, 243, 162, 217, 26, 179, 87, 221, 201, 223;
 99, 114, 234, 1, 228, 93, 189, 150, 75, 250, 94, 207, 176, 140, 215, 43, 205, 78, 55, 85, 199, 124, 247, 224, 38, 24, 252, 162, 76, 220, 216, 221;
 222, 117, 50, 226, 173, 189, 94, 149, 141, 105, 159, 251, 222, 157, 222, 102, 166, 183, 255, 87, 222, 17, 169, 226, 243, 221, 44, 242, 134, 222, 149, 119;
 221, 214, 184, 50, 179, 220, 159, 253, 123, 206, 149, 189, 223, 124, 218, 32, 183, 241, 221, 55, 255, 37, 46, 135, 251, 223, 47, 255, 239, 54, 175, 87;
 31, 20, 255, 254, 151, 246, 127, 113, 245, 194, 223, 146, 121, 255, 53, 228, 126, 253, 191, 175, 173, 215, 182, 206, 243, 255, 143, 137, 167, 230, 101, 245;
 32, 193, 18, 170, 93, 133, 142, 229, 140, 8, 80, 2, 52, 154, 40, 64, 200, 171, 19, 195, 66, 11, 18, 253, 113, 144, 142, 40, 17, 26, 241, 138;
 18, 42, 202, 167, 210, 224, 186, 67, 42, 229, 219, 167, 165, 138, 214, 8, 107, 175, 7, 149, 22, 152, 132, 96, 92, 4, 186, 193, 165, 71, 191, 219;
 14, 98, 194, 176, 199, 177, 184, 202, 191, 23, 87, 147, 141, 203, 123, 140, 63, 9, 243, 157, 22, 213, 142, 243, 86, 95, 219, 237, 167, 213, 171, 128;
 41, 158, 124, 90, 226, 55, 191, 246, 124, 90, 252, 188, 121, 62, 151, 185, 143, 211, 150, 175, 245, 238, 109, 238, 66, 219, 126, 203, 223, 213, 111, 253;
 185, 200, 115, 222, 21, 148, 234, 224, 213, 0, 243, 82, 105, 218, 188, 229, 120, 248, 150, 203, 251, 191, 62, 255, 51, 248, 130, 72, 55, 139, 112, 172;
 66, 89, 247, 226, 44, 169, 248, 5, 143, 185, 155, 123, 188, 159, 244, 202, 166, 183, 127, 147, 145, 25, 11, 208, 148, 216, 218, 242, 12, 142, 145, 11;
 26, 197, 52, 233, 61, 111, 72, 15, 79, 56, 152, 66, 143, 27, 16, 228, 218, 141, 63, 177, 30, 1, 67, 213, 167, 248, 139, 247, 54, 14, 153, 6;
 220, 95, 235, 231, 230, 72, 111, 49, 168, 194, 127, 230, 113, 119, 145, 115, 102, 244, 125, 234, 225, 148, 172, 42, 118, 233, 230, 128, 45, 243, 242, 177;
 255, 149, 245, 94, 135, 118, 149, 57, 218, 223, 191, 54, 217, 252, 166, 239, 191, 183, 180, 129, 189, 225, 62, 202, 43, 255, 103, 155, 223, 110, 237, 119;
 92, 74, 243, 215, 38, 56, 111, 16, 189, 134, 215, 226, 255, 199, 161, 108, 54, 253, 191, 78, 193, 213, 165, 232, 212, 231, 106, 128, 38, 255, 5, 113;
 59, 153, 232, 163, 244, 253, 243, 190, 75, 77, 126, 47, 122, 60, 222, 32, 183, 75, 181, 85, 151, 184, 123, 183, 78, 95, 180, 195, 220, 79, 93, 219;
 159, 74, 110, 190, 34, 150, 255, 112, 188, 70, 215, 199, 125, 207, 187, 73, 62, 161, 127, 239, 228, 133, 30, 235, 210, 235, 234, 128, 127, 183, 41, 209;
 95, 57, 195, 236, 195, 84, 44, 72, 51, 192, 67, 194, 89, 254, 121, 250, 118, 221, 177, 243, 141, 83, 158, 192, 147, 225, 203, 140, 173, 55, 43, 52;
 175, 123, 228, 16, 203, 21, 188, 206, 43, 242, 180, 207, 9, 14, 215, 186, 207, 197, 243, 215, 197, 79, 215, 240, 30, 91, 223, 191, 223, 245, 171, 221;
 111, 223, 96, 138, 253, 57, 222, 237, 11, 254, 152, 175, 98, 108, 255, 194, 221, 194, 159, 119, 255, 2, 125, 191, 126, 7, 173, 255, 159, 127, 216, 87;
 187, 31, 110, 141, 214, 55, 207, 123, 21, 204, 222, 231, 73, 45, 183, 164, 126, 236, 151, 237, 173, 187, 53, 142, 114, 109, 169, 148, 255, 255, 120, 245;
 226, 14, 65, 188, 207, 232, 110, 6, 139, 106, 217, 123, 12, 142, 53, 218, 235, 167, 191, 131, 45, 22, 194, 243, 23, 52, 186, 187, 53, 93, 220, 223;
 223, 59, 250, 212, 55, 94, 59, 152, 155, 236, 20, 239, 92, 255, 247, 167, 182, 117, 189, 100, 181, 73, 184, 202, 219, 89, 233, 183, 142, 173, 29, 119;
 223, 31, 127, 172, 178, 18, 31, 119, 20, 196, 223, 231, 93, 47, 178, 97, 118, 245, 189, 231, 252, 139, 53, 206, 250, 111, 239, 212, 47, 246, 180, 113;
 31, 246, 232, 242, 176, 84, 95, 185, 51, 222, 21, 189, 255, 93, 218, 61, 55, 217, 149, 191, 251, 246, 44, 205, 234, 219, 127, 228, 102, 166, 167, 113;
 174, 24, 162, 254, 93, 246, 251, 98, 157, 70, 215, 19, 232, 255, 55, 196, 216, 251, 187, 131, 40, 175, 50, 238, 211, 127, 202, 11, 150, 45, 116, 242;
 222, 63, 113, 226, 182, 64, 222, 149, 61, 67, 147, 247, 207, 47, 89, 140, 127, 211, 221, 215, 187, 37, 221, 226, 178, 253, 190, 222, 239, 215, 249, 25;
 66, 86, 251, 158, 71, 240, 249, 70, 169, 79, 252, 163, 172, 174, 54, 72, 234, 251, 135, 129, 4, 187, 162, 233, 85, 52, 186, 139, 5, 94, 119, 223;
 82, 211, 22, 225, 175, 175, 254, 199, 207, 61, 154, 70, 142, 154, 52, 196, 226, 151, 239, 115, 82, 185, 17, 244, 181, 208, 138, 119, 20, 91, 157, 15;
 42, 122, 227, 197, 117, 55, 248, 87, 89, 168, 118, 102, 8, 189, 245, 172, 254, 188, 151, 152, 129, 179, 52, 202, 23, 94, 167, 130, 207, 252, 116, 255;
 210, 78, 119, 176, 111, 233, 110, 6, 143, 110, 146, 123, 174, 140, 180, 201, 171, 131, 255, 195, 44, 39, 35, 243, 180, 210, 186, 155, 53, 93, 213, 111;
 54, 15, 98, 254, 23, 183, 218, 96, 213, 5, 219, 134, 105, 232, 62, 196, 248, 250, 143, 227, 186, 179, 12, 191, 179, 239, 130, 131, 191, 239, 124, 134;
 189, 201, 118, 248, 13, 151, 238, 248, 213, 26, 212, 66, 121, 218, 61, 229, 120, 168, 30, 235, 239, 167, 30, 191, 179, 251, 195, 13, 55, 171, 120, 132;
 186, 105, 115, 206, 93, 199, 239, 112, 213, 168, 244, 10, 57, 153, 53, 165, 120, 184, 23, 235, 232, 123, 56, 188, 115, 216, 131, 188, 119, 187, 116, 170;
 16, 63, 31, 160, 178, 227, 50, 83, 174, 169, 122, 96, 158, 146, 224, 240, 166, 57, 134, 112, 23, 155, 0, 28, 184, 197, 43, 230, 136, 1, 41, 145;
 223, 82, 246, 224, 50, 62, 59, 216, 169, 197, 150, 230, 205, 71, 235, 94, 54, 85, 253, 254, 128, 197, 180, 234, 218, 253, 43, 132, 166, 183, 33, 117;
 231, 86, 90, 226, 246, 21, 126, 151, 25, 235, 255, 254, 9, 139, 252, 213, 111, 191, 159, 154, 249, 30, 216, 226, 182, 220, 158, 234, 175, 219, 248, 21;
 122, 5, 104, 104, 221, 114, 94, 125, 101, 4, 252, 10, 75, 59, 62, 244, 120, 138, 151, 232, 28, 3, 113, 223, 119, 253, 128, 157, 51, 214, 238, 6;
 159, 31, 244, 251, 175, 53, 222, 179, 221, 26, 177, 51, 239, 124, 159, 175, 143, 115, 223, 135, 188, 101, 111, 251, 162, 222, 94, 155, 215, 253, 169, 71;
 46, 15, 117, 235, 228, 106, 239, 148, 233, 127, 123, 246, 221, 46, 191, 74, 239, 79, 55, 239, 145, 176, 233, 240, 36, 56, 234, 196, 212, 219, 199, 241;
 220, 114, 251, 224, 166, 26, 127, 220, 185, 206, 54, 246, 95, 159, 233, 187, 182, 221, 221, 114, 225, 213, 172, 194, 242, 233, 111, 132, 166, 243, 39, 121;
 90, 144, 182, 252, 45, 86, 144, 63, 219, 221, 151, 53, 207, 252, 190, 239, 221, 149, 188, 177, 253, 239, 178, 132, 203, 243, 255, 223, 207, 44, 173, 87;
 250, 51, 242, 133, 119, 90, 17, 81, 121, 236, 215, 191, 14, 29, 130, 172, 54, 52, 253, 49, 181, 255, 165, 206, 218, 113, 41, 215, 47, 173, 31, 119;
 187, 93, 111, 141, 150, 94, 239, 117, 197, 224, 222, 199, 89, 44, 182, 163, 108, 228, 23, 239, 253, 185, 117, 204, 59, 107, 238, 192, 111, 190, 240, 252;
 41, 187, 105, 233, 116, 141, 235, 156, 31, 109, 92, 231, 185, 77, 219, 32, 118, 90, 23, 93, 131, 184, 189, 191, 110, 93, 175, 228, 190, 143, 84, 249;
 80, 224, 105, 131, 14, 72, 225, 172, 106, 117, 14, 11, 180, 21, 91, 98, 32, 68, 121, 109, 130, 48, 173, 117, 125, 44, 54, 4, 165, 26, 85, 106;
 49, 72, 227, 213, 68, 182, 105, 82, 77, 138, 90, 66, 49, 131, 181, 236, 104, 168, 23, 136, 9, 180, 32, 202, 23, 172, 210, 128, 183, 249, 112, 172;
 152, 250, 92, 125, 34, 75, 244, 254, 50, 122, 52, 229, 191, 15, 130, 1, 51, 73, 70, 98, 229, 252, 5, 25, 230, 131, 117, 165, 125, 176, 11, 155;
 207, 144, 238, 158, 119, 208, 187, 25, 159, 85, 215, 183, 92, 222, 190, 96, 239, 145, 191, 199, 183, 5, 63, 247, 87, 63, 154, 199, 22, 141, 189, 87;
 159, 64, 110, 190, 12, 20, 239, 120, 181, 66, 215, 131, 125, 219, 187, 105, 126, 225, 63, 239, 205, 7, 30, 201, 242, 235, 235, 136, 63, 183, 41, 80;
 251, 149, 114, 94, 227, 112, 20, 45, 89, 65, 227, 186, 110, 114, 140, 253, 222, 159, 176, 35, 121, 250, 222, 197, 176, 114, 88, 10, 111, 68, 170, 61;
 56, 141, 22, 190, 157, 241, 22, 231, 142, 20, 232, 11, 110, 251, 34, 208, 201, 187, 139, 1, 62, 11, 10, 191, 187, 245, 139, 91, 18, 78, 173, 10;
 30, 189, 242, 224, 247, 121, 190, 230, 105, 37, 184, 171, 141, 60, 124, 160, 191, 219, 215, 241, 146, 187, 60, 231, 251, 223, 30, 239, 199, 87, 167, 255;
 4, 164, 153, 243, 246, 229, 51, 203, 30, 61, 73, 18, 212, 211, 104, 72, 215, 27, 3, 16, 50, 152, 72, 118, 205, 134, 59, 100, 144, 75, 133, 131;
 159, 60, 254, 254, 21, 246, 251, 112, 253, 203, 215, 18, 121, 255, 52, 116, 252, 253, 191, 171, 188, 215, 178, 206, 243, 255, 138, 131, 167, 103, 124, 247;
 10, 251, 42, 184, 125, 213, 188, 231, 143, 93, 212, 39, 172, 222, 102, 64, 236, 171, 151, 197, 70, 27, 34, 245, 255, 81, 190, 235, 22, 28, 189, 223;
 125, 214, 140, 191, 156, 39, 71, 156, 23, 255, 222, 110, 243, 117, 139, 108, 93, 206, 60, 238, 171, 214, 123, 63, 237, 167, 245, 212, 186, 251, 144, 121;
 154, 118, 254, 197, 110, 83, 188, 119, 137, 228, 31, 247, 29, 190, 246, 226, 166, 61, 191, 161, 213, 223, 164, 200, 126, 65, 111, 167, 47, 238, 173, 215;
 60, 133, 106, 72, 213, 83, 94, 125, 101, 37, 253, 3, 91, 59, 62, 112, 120, 142, 7, 232, 220, 187, 116, 222, 123, 253, 132, 79, 247, 250, 254, 162;
 106, 240, 182, 240, 45, 214, 88, 54, 75, 253, 151, 61, 14, 156, 246, 238, 207, 149, 189, 17, 140, 235, 179, 197, 219, 119, 217, 223, 70, 140, 188, 87;
 11, 252, 99, 195, 118, 159, 235, 212, 31, 105, 94, 230, 57, 13, 188, 164, 127, 24, 23, 220, 131, 156, 61, 255, 46, 77, 175, 228, 47, 142, 81, 253;
 223, 110, 242, 228, 35, 54, 95, 218, 49, 166, 254, 134, 79, 143, 251, 255, 55, 213, 157, 254, 232, 215, 173, 234, 242, 233, 47, 132, 167, 247, 35, 113;
 183, 254, 90, 211, 102, 125, 254, 245, 57, 122, 189, 254, 157, 126, 222, 125, 239, 139, 95, 183, 231, 214, 252, 231, 190, 216, 206, 226, 173, 218, 203, 213;
 35, 70, 243, 197, 116, 167, 250, 87, 95, 136, 250, 227, 40, 136, 181, 128, 254, 189, 23, 157, 141, 191, 0, 206, 58, 220, 135, 130, 215, 254, 112, 141;
 86, 39, 18, 160, 181, 191, 94, 103, 237, 173, 187, 11, 14, 171, 102, 196, 252, 179, 206, 241, 28, 171, 1, 238, 187, 212, 135, 123, 163, 218, 252, 7;
 223, 72, 230, 236, 15, 22, 111, 220, 165, 202, 214, 7, 89, 203, 51, 110, 120, 229, 63, 239, 204, 135, 135, 202, 242, 233, 239, 157, 63, 247, 40, 64;
 183, 89, 30, 254, 13, 151, 198, 109, 213, 170, 244, 70, 97, 218, 53, 229, 200, 184, 142, 235, 237, 39, 26, 189, 179, 219, 195, 63, 31, 59, 120, 140;
 162, 24, 190, 252, 93, 229, 179, 98, 159, 78, 214, 19, 172, 255, 39, 76, 200, 123, 187, 65, 32, 175, 50, 255, 211, 246, 154, 11, 146, 45, 117, 250;
 63, 255, 230, 70, 253, 17, 191, 253, 201, 204, 157, 239, 105, 236, 255, 166, 191, 251, 215, 231, 221, 107, 174, 236, 58, 95, 239, 171, 207, 254, 253, 221;
 30, 91, 254, 243, 230, 190, 254, 208, 189, 117, 87, 231, 93, 207, 187, 73, 118, 109, 151, 111, 150, 208, 60, 245, 214, 251, 234, 196, 174, 183, 173, 209;
 54, 78, 106, 250, 86, 167, 251, 210, 149, 4, 222, 3, 113, 203, 53, 64, 121, 248, 23, 211, 138, 179, 10, 255, 127, 47, 163, 193, 181, 171, 116, 130;
 186, 81, 119, 222, 77, 215, 198, 101, 213, 168, 245, 74, 106, 217, 53, 165, 216, 184, 151, 107, 105, 179, 26, 188, 51, 218, 199, 58, 95, 58, 240, 170;
 4, 168, 153, 241, 214, 227, 163, 202, 30, 179, 72, 18, 148, 211, 105, 8, 59, 27, 3, 24, 18, 80, 74, 114, 77, 134, 31, 108, 144, 89, 133, 162;
 116, 164, 144, 178, 157, 237, 16, 203, 159, 59, 169, 24, 134, 178, 72, 216, 193, 147, 234, 16, 26, 75, 218, 18, 153, 150, 91, 127, 144, 73, 143, 2;
 117, 122, 247, 103, 52, 15, 247, 216, 109, 232, 186, 108, 223, 216, 141, 50, 190, 197, 108, 114, 201, 241, 253, 104, 248, 188, 39, 150, 105, 51, 67, 23;
 127, 255, 230, 166, 255, 219, 254, 253, 131, 236, 157, 239, 111, 237, 186, 132, 62, 231, 213, 103, 252, 171, 44, 191, 186, 87, 173, 179, 47, 190, 222, 221;
 143, 95, 254, 233, 238, 154, 191, 209, 175, 92, 125, 167, 221, 239, 251, 110, 167, 5, 191, 127, 214, 149, 42, 210, 126, 121, 111, 199, 190, 246, 173, 241;
 90, 222, 126, 254, 39, 208, 252, 55, 189, 14, 254, 247, 237, 255, 182, 241, 239, 255, 191, 129, 244, 173, 130, 245, 242, 255, 254, 203, 31, 164, 237, 31;
 79, 254, 241, 240, 116, 88, 126, 57, 59, 218, 17, 239, 221, 79, 220, 165, 247, 153, 159, 183, 227, 116, 236, 206, 190, 94, 239, 238, 46, 164, 11, 85;
 6, 154, 244, 252, 175, 29, 220, 59, 223, 30, 176, 255, 238, 126, 159, 47, 223, 243, 255, 129, 188, 109, 118, 233, 158, 218, 95, 155, 223, 237, 5, 87;
 26, 185, 242, 225, 181, 151, 218, 212, 107, 9, 190, 131, 239, 127, 92, 132, 255, 219, 151, 209, 138, 186, 84, 230, 251, 221, 143, 199, 239, 134, 111, 155;
 187, 197, 103, 204, 213, 94, 239, 125, 197, 200, 222, 19, 123, 124, 190, 227, 120, 226, 23, 239, 253, 171, 53, 206, 123, 107, 238, 192, 103, 190, 244, 252;
 56, 140, 26, 186, 157, 181, 22, 239, 159, 5, 232, 9, 174, 234, 32, 144, 201, 187, 203, 17, 62, 47, 10, 191, 251, 215, 31, 123, 144, 78, 172, 138;
 206, 217, 126, 154, 239, 242, 191, 196, 159, 84, 222, 167, 28, 158, 183, 105, 111, 251, 191, 215, 214, 11, 62, 241, 119, 57, 174, 207, 183, 223, 189, 119;
 163, 168, 106, 16, 101, 221, 241, 67, 219, 237, 116, 29, 10, 152, 246, 44, 139, 40, 214, 21, 166, 126, 228, 215, 86, 92, 17, 107, 79, 12, 94, 199;
 148, 1, 218, 242, 214, 224, 123, 81, 188, 1, 87, 50, 29, 211, 40, 72, 98, 59, 23, 216, 50, 153, 0, 226, 122, 169, 42, 193, 172, 139, 169, 131;
 155, 197, 127, 73, 22, 214, 234, 253, 117, 65, 222, 214, 89, 12, 190, 229, 126, 204, 30, 253, 255, 185, 53, 223, 42, 111, 166, 196, 127, 132, 249, 252;
 38, 48, 161, 130, 205, 117, 132, 200, 74, 242, 25, 10, 8, 184, 117, 170, 217, 201, 147, 35, 133, 114, 254, 208, 21, 24, 211, 63, 213, 127, 87, 198]