[61, 219, 99, 35, 118, 155, 111, 240, 101, 104, 122, 230, 83, 12, 180, 176, 126, 173, 22, 239, 205, 186, 60, 47, 52, 236, 160, 196, 111, 190, 98, 245;
 11, 149, 225, 187, 183, 180, 239, 119, 95, 73, 89, 87, 188, 120, 158, 100, 127, 11, 23, 141, 151, 184, 53, 223, 36, 108, 186, 194, 191, 70, 177, 223;
 170, 185, 98, 137, 87, 212, 186, 104, 11, 69, 93, 151, 40, 205, 126, 4, 254, 153, 147, 213, 150, 154, 148, 199, 31, 124, 138, 235, 31, 6, 63, 214;
 22, 189, 26, 179, 186, 233, 176, 239, 174, 149, 152, 191, 159, 159, 66, 9, 167, 27, 223, 16, 118, 109, 131, 21, 218, 193, 63, 255, 204, 8, 169, 19;
 29, 249, 45, 251, 165, 231, 221, 159, 22, 127, 156, 1, 191, 95, 58, 96, 221, 27, 31, 143, 203, 162, 123, 181, 193, 223, 191, 252, 18, 218, 149, 123;
 142, 90, 224, 185, 255, 209, 190, 220, 31, 92, 84, 183, 141, 207, 247, 200, 255, 41, 151, 213, 230, 6, 78, 214, 126, 95, 191, 239, 183, 149, 45, 211;
 6, 148, 121, 200, 127, 91, 176, 107, 207, 123, 53, 187, 142, 188, 110, 39, 167, 17, 223, 33, 55, 59, 60, 215, 31, 94, 25, 255, 220, 12, 141, 215;
 242, 146, 113, 229, 102, 14, 105, 49, 113, 35, 115, 82, 91, 31, 60, 112, 255, 157, 53, 160, 217, 62, 1, 215, 151, 254, 211, 198, 53, 136, 116, 161;
 158, 51, 183, 177, 150, 226, 33, 3, 188, 149, 66, 179, 237, 114, 41, 201, 178, 35, 185, 177, 50, 217, 55, 204, 152, 66, 94, 66, 132, 5, 165, 104;
 125, 192, 80, 164, 100, 15, 76, 59, 73, 42, 186, 78, 95, 41, 176, 208, 63, 133, 52, 46, 217, 54, 16, 144, 242, 255, 229, 244, 127, 168, 216, 1;
 138, 217, 119, 89, 1, 157, 185, 16, 237, 85, 103, 4, 188, 159, 60, 108, 38, 49, 251, 204, 194, 181, 51, 209, 71, 216, 82, 66, 82, 132, 101, 244;
 35, 122, 234, 209, 246, 159, 190, 86, 31, 235, 94, 239, 40, 156, 247, 172, 239, 57, 151, 21, 135, 180, 52, 250, 62, 28, 159, 162, 143, 220, 25, 221;
 69, 149, 23, 217, 172, 236, 173, 187, 172, 91, 27, 84, 220, 243, 40, 67, 197, 19, 62, 42, 19, 169, 27, 213, 205, 178, 250, 196, 24, 73, 177, 49;
 124, 200, 120, 200, 86, 150, 75, 248, 80, 8, 245, 2, 25, 19, 180, 112, 124, 152, 21, 234, 202, 26, 120, 125, 83, 233, 162, 236, 51, 163, 98, 34;
 106, 156, 178, 244, 253, 209, 144, 103, 219, 207, 148, 59, 46, 61, 102, 165, 217, 179, 149, 17, 60, 107, 96, 207, 219, 87, 221, 123, 210, 12, 190, 95;
 183, 99, 85, 137, 174, 35, 198, 200, 79, 248, 184, 247, 3, 200, 253, 40, 219, 137, 6, 119, 207, 39, 78, 144, 152, 216, 143, 126, 221, 123, 248, 133;
 57, 239, 112, 230, 253, 17, 214, 254, 83, 162, 185, 106, 43, 40, 253, 176, 219, 202, 134, 99, 238, 42, 76, 187, 118, 221, 165, 61, 127, 223, 210, 143;
 90, 109, 98, 108, 51, 182, 122, 19, 33, 8, 95, 131, 105, 223, 181, 100, 118, 188, 61, 206, 138, 145, 143, 141, 115, 253, 138, 139, 39, 167, 112, 3;
 7, 27, 151, 188, 226, 198, 61, 83, 61, 201, 104, 229, 4, 166, 163, 92, 254, 251, 2, 196, 21, 154, 2, 104, 52, 182, 78, 138, 216, 240, 163, 213;
 48, 86, 235, 109, 226, 2, 222, 115, 128, 6, 249, 167, 83, 239, 36, 80, 254, 173, 21, 134, 220, 131, 160, 1, 115, 173, 98, 153, 117, 234, 230, 211;
 163, 96, 251, 193, 119, 240, 248, 70, 107, 85, 116, 147, 13, 15, 86, 24, 198, 25, 149, 157, 182, 222, 180, 192, 75, 89, 154, 227, 135, 133, 239, 215;
 224, 122, 30, 84, 108, 204, 52, 115, 248, 186, 167, 88, 18, 211, 68, 31, 129, 116, 104, 26, 112, 103, 146, 66, 86, 162, 85, 123, 74, 168, 234, 131;
 29, 149, 125, 227, 242, 141, 127, 190, 5, 249, 159, 239, 95, 125, 218, 32, 54, 219, 255, 254, 211, 138, 125, 164, 255, 201, 37, 220, 191, 223, 128, 113;
 15, 157, 8, 139, 215, 151, 186, 238, 30, 69, 76, 135, 168, 40, 54, 196, 93, 10, 130, 213, 215, 152, 93, 253, 110, 7, 142, 69, 159, 14, 56, 220;
 49, 164, 76, 73, 85, 46, 104, 123, 81, 114, 109, 78, 115, 105, 28, 149, 121, 142, 16, 170, 175, 242, 217, 157, 87, 175, 193, 100, 251, 202, 90, 128;
 106, 153, 17, 176, 239, 203, 85, 171, 31, 242, 0, 11, 30, 189, 96, 193, 179, 61, 51, 3, 81, 124, 26, 149, 157, 18, 93, 126, 60, 44, 21, 90;
 183, 244, 101, 219, 222, 23, 190, 237, 86, 215, 209, 247, 73, 76, 158, 35, 255, 145, 147, 183, 247, 198, 127, 223, 46, 74, 207, 198, 61, 30, 249, 212;
 255, 218, 237, 236, 238, 1, 223, 185, 151, 122, 149, 255, 217, 239, 254, 110, 79, 213, 255, 239, 233, 7, 239, 211, 242, 127, 239, 188, 63, 188, 180, 113;
 87, 253, 81, 86, 51, 249, 146, 136, 239, 224, 58, 205, 234, 204, 199, 164, 183, 111, 236, 86, 143, 120, 191, 253, 186, 60, 1, 122, 78, 15, 73, 92;
 181, 77, 111, 71, 4, 71, 239, 248, 69, 234, 126, 2, 81, 57, 181, 100, 120, 228, 23, 234, 233, 180, 117, 174, 119, 46, 229, 148, 111, 187, 112, 236;
 63, 7, 172, 249, 165, 63, 93, 223, 93, 127, 116, 24, 62, 45, 191, 57, 221, 138, 151, 44, 184, 248, 97, 176, 195, 223, 112, 179, 210, 252, 220, 111;
 147, 208, 103, 172, 18, 151, 89, 125, 53, 192, 214, 195, 121, 223, 182, 228, 126, 185, 151, 173, 237, 151, 37, 223, 179, 110, 153, 130, 47, 132, 48, 125;
 34, 134, 112, 205, 126, 91, 145, 109, 143, 37, 53, 187, 206, 61, 36, 6, 142, 49, 223, 33, 48, 45, 96, 159, 223, 86, 89, 191, 86, 12, 21, 235;
 115, 134, 236, 165, 156, 18, 206, 239, 19, 230, 154, 199, 65, 40, 55, 67, 89, 199, 61, 173, 188, 91, 205, 158, 186, 79, 223, 181, 189, 252, 248, 76;
 7, 118, 237, 135, 254, 54, 191, 223, 138, 213, 221, 247, 233, 236, 223, 38, 127, 91, 147, 181, 135, 195, 191, 202, 46, 28, 175, 168, 133, 254, 181, 253;
 92, 209, 232, 225, 180, 72, 127, 177, 165, 72, 190, 163, 83, 125, 251, 114, 119, 208, 31, 126, 200, 32, 108, 72, 239, 173, 165, 149, 181, 250, 92, 115;
 100, 171, 238, 81, 84, 22, 227, 224, 243, 53, 167, 2, 66, 9, 188, 121, 72, 204, 96, 238, 152, 243, 173, 85, 30, 42, 193, 84, 197, 169, 246, 228;
 144, 64, 3, 233, 20, 199, 67, 84, 20, 0, 194, 82, 179, 21, 32, 96, 88, 188, 26, 90, 105, 188, 113, 62, 225, 230, 146, 0, 48, 24, 176, 40;
 56, 154, 237, 231, 116, 71, 91, 184, 23, 252, 181, 138, 123, 31, 209, 48, 126, 148, 55, 207, 136, 58, 121, 252, 223, 219, 225, 180, 119, 171, 84, 123;
 42, 25, 162, 92, 201, 244, 189, 71, 173, 71, 236, 161, 40, 190, 55, 188, 232, 187, 147, 129, 151, 11, 54, 227, 7, 52, 154, 139, 215, 84, 254, 254;
 54, 203, 234, 10, 199, 27, 184, 236, 29, 69, 212, 143, 11, 172, 54, 140, 62, 203, 147, 213, 140, 186, 28, 224, 26, 95, 92, 67, 255, 31, 127, 220;
 37, 67, 104, 203, 212, 183, 251, 216, 78, 112, 189, 138, 81, 76, 127, 40, 125, 136, 18, 254, 150, 35, 124, 212, 95, 9, 135, 116, 221, 219, 120, 212;
 98, 187, 141, 181, 172, 200, 57, 23, 130, 245, 26, 231, 165, 165, 194, 70, 198, 110, 175, 21, 24, 88, 195, 128, 204, 84, 255, 163, 148, 236, 156, 249;
 37, 4, 245, 75, 148, 111, 235, 24, 125, 75, 127, 64, 211, 113, 189, 108, 57, 8, 22, 56, 3, 176, 57, 94, 13, 158, 18, 68, 219, 195, 64, 160;
 138, 151, 8, 168, 188, 195, 83, 57, 158, 5, 137, 52, 215, 219, 42, 0, 218, 3, 157, 33, 187, 13, 90, 151, 232, 245, 139, 223, 28, 134, 156, 65;
 99, 95, 37, 188, 169, 228, 93, 55, 141, 124, 138, 133, 238, 44, 23, 67, 196, 165, 253, 165, 237, 11, 115, 220, 185, 112, 206, 210, 28, 4, 20, 126;
 3, 129, 133, 155, 228, 38, 172, 7, 94, 123, 91, 86, 144, 48, 148, 236, 73, 14, 50, 28, 147, 248, 71, 225, 12, 62, 222, 192, 159, 220, 217, 165;
 72, 153, 58, 251, 103, 232, 112, 5, 127, 17, 66, 33, 190, 153, 40, 104, 226, 59, 179, 17, 6, 184, 130, 177, 215, 241, 16, 67, 50, 8, 148, 11;
 54, 17, 238, 46, 199, 83, 191, 236, 1, 69, 252, 171, 75, 44, 62, 40, 126, 217, 151, 227, 156, 186, 116, 232, 87, 99, 220, 139, 247, 62, 246, 222;
 173, 134, 173, 225, 220, 63, 203, 218, 86, 255, 124, 94, 83, 104, 251, 160, 89, 192, 38, 127, 191, 176, 111, 18, 108, 207, 165, 116, 253, 249, 80, 224;
 15, 217, 52, 233, 169, 255, 93, 147, 143, 127, 172, 5, 158, 159, 86, 244, 133, 27, 255, 7, 203, 136, 123, 245, 207, 223, 31, 119, 26, 92, 129, 243;
 40, 196, 83, 168, 85, 239, 231, 111, 30, 39, 121, 27, 80, 105, 44, 64, 89, 172, 2, 32, 96, 182, 88, 159, 101, 143, 151, 53, 209, 90, 212, 194;
 11, 77, 98, 72, 243, 150, 122, 87, 164, 136, 78, 129, 57, 199, 177, 112, 118, 57, 23, 221, 210, 152, 36, 254, 127, 109, 174, 193, 183, 150, 163, 106;
 146, 130, 60, 153, 142, 195, 180, 47, 156, 23, 210, 19, 228, 41, 44, 75, 203, 19, 171, 1, 112, 237, 67, 247, 193, 178, 218, 83, 20, 8, 181, 138;
 183, 213, 110, 187, 214, 151, 175, 237, 20, 82, 241, 215, 121, 94, 62, 233, 255, 91, 147, 247, 243, 231, 62, 254, 56, 11, 222, 200, 253, 94, 185, 252;
 2, 88, 149, 249, 107, 237, 177, 70, 140, 49, 80, 122, 156, 22, 36, 107, 166, 53, 218, 1, 1, 92, 80, 213, 133, 178, 90, 114, 24, 9, 5, 187;
 153, 205, 83, 229, 20, 203, 111, 182, 116, 66, 242, 194, 179, 55, 176, 96, 126, 178, 30, 234, 233, 188, 53, 46, 101, 174, 182, 0, 61, 152, 240, 40;
 31, 70, 238, 203, 212, 55, 191, 222, 6, 29, 93, 131, 121, 239, 191, 108, 127, 139, 23, 157, 130, 178, 47, 249, 103, 13, 174, 129, 183, 255, 245, 232;
 181, 214, 228, 140, 156, 55, 198, 239, 86, 234, 152, 255, 67, 104, 119, 131, 89, 194, 134, 53, 237, 103, 31, 154, 56, 6, 231, 60, 253, 124, 248, 222;
 78, 230, 118, 88, 233, 240, 121, 223, 235, 27, 220, 168, 108, 214, 188, 125, 51, 19, 223, 184, 130, 3, 166, 213, 119, 57, 16, 203, 86, 213, 231, 165;
 217, 215, 29, 237, 40, 27, 65, 156, 7, 57, 151, 232, 87, 7, 169, 255, 118, 212, 172, 104, 11, 17, 105, 149, 178, 242, 113, 52, 50, 218, 12, 41;
 35, 221, 83, 238, 119, 143, 194, 244, 77, 72, 120, 78, 254, 88, 188, 164, 222, 251, 22, 107, 233, 176, 88, 191, 164, 254, 0, 146, 125, 31, 82, 157;
 130, 154, 141, 187, 56, 235, 147, 138, 158, 117, 129, 249, 246, 4, 163, 104, 135, 83, 234, 67, 55, 9, 111, 127, 196, 22, 122, 55, 148, 73, 5, 121;
 179, 141, 102, 159, 215, 211, 175, 99, 213, 230, 204, 135, 105, 236, 54, 37, 120, 235, 147, 231, 253, 255, 60, 255, 51, 14, 207, 35, 63, 111, 244, 222;
 86, 120, 172, 172, 15, 116, 152, 136, 206, 86, 144, 3, 140, 220, 127, 106, 204, 81, 249, 195, 134, 103, 211, 193, 145, 81, 203, 63, 5, 61, 61, 70;
 238, 143, 68, 209, 233, 191, 108, 191, 143, 57, 60, 220, 8, 35, 228, 223, 205, 194, 227, 124, 179, 90, 67, 244, 46, 219, 229, 236, 154, 205, 200, 129;
 22, 147, 206, 172, 82, 6, 234, 249, 165, 1, 250, 199, 125, 239, 56, 80, 127, 161, 23, 165, 1, 139, 26, 207, 25, 231, 174, 197, 189, 162, 103, 184;
 118, 204, 199, 213, 199, 74, 111, 230, 145, 186, 246, 11, 90, 61, 181, 159, 105, 196, 127, 234, 105, 249, 1, 236, 54, 42, 213, 132, 239, 249, 244, 26;
 94, 175, 162, 162, 181, 145, 74, 200, 43, 189, 153, 207, 79, 238, 91, 144, 179, 203, 149, 247, 158, 19, 136, 224, 186, 212, 143, 239, 164, 7, 155, 70;
 71, 150, 150, 156, 103, 31, 180, 231, 236, 50, 91, 126, 204, 232, 46, 207, 183, 101, 170, 35, 213, 181, 31, 211, 20, 50, 95, 70, 92, 124, 217, 133;
 211, 137, 75, 236, 78, 4, 93, 186, 169, 16, 138, 198, 125, 230, 252, 115, 102, 215, 61, 239, 217, 75, 183, 193, 240, 169, 202, 140, 60, 241, 169, 16;
 55, 207, 236, 222, 196, 23, 239, 252, 87, 198, 220, 131, 105, 108, 183, 100, 121, 227, 23, 239, 200, 171, 44, 254, 59, 79, 206, 129, 183, 255, 116, 236;
 50, 81, 106, 136, 223, 83, 191, 238, 29, 101, 212, 175, 8, 172, 54, 137, 126, 153, 147, 227, 28, 187, 52, 244, 55, 3, 222, 239, 247, 30, 190, 222;
 87, 227, 75, 192, 52, 146, 74, 244, 225, 200, 190, 230, 75, 199, 248, 244, 118, 236, 156, 254, 205, 131, 164, 204, 186, 217, 167, 206, 46, 150, 58, 37;
 3, 223, 35, 184, 114, 167, 184, 102, 30, 77, 120, 247, 140, 204, 54, 65, 239, 59, 135, 149, 167, 186, 6, 255, 44, 22, 42, 202, 85, 28, 165, 219;
 166, 88, 189, 214, 13, 69, 205, 96, 193, 242, 165, 18, 114, 93, 117, 47, 201, 240, 59, 106, 105, 103, 250, 232, 67, 154, 209, 58, 83, 57, 84, 226;
 171, 94, 100, 158, 95, 209, 155, 236, 21, 70, 212, 175, 104, 76, 63, 165, 92, 179, 147, 199, 236, 54, 124, 255, 118, 95, 200, 187, 119, 157, 92, 222;
 69, 5, 123, 71, 180, 190, 235, 17, 108, 129, 123, 192, 243, 76, 156, 100, 54, 34, 72, 61, 183, 184, 53, 14, 45, 190, 20, 64, 205, 138, 193, 60;
 54, 219, 99, 12, 86, 67, 143, 244, 4, 104, 248, 239, 83, 13, 52, 0, 124, 244, 23, 231, 217, 187, 85, 60, 49, 36, 174, 212, 125, 59, 246, 241;
 92, 14, 181, 140, 11, 111, 27, 122, 8, 174, 185, 139, 76, 167, 33, 11, 42, 213, 207, 162, 32, 7, 129, 202, 209, 162, 105, 189, 178, 111, 5, 242;
 59, 100, 110, 181, 116, 115, 217, 98, 17, 230, 156, 147, 57, 90, 22, 155, 235, 137, 213, 165, 236, 199, 5, 142, 208, 75, 218, 161, 37, 68, 126, 202;
 19, 134, 111, 151, 118, 131, 169, 99, 188, 3, 83, 210, 52, 170, 180, 33, 46, 59, 23, 141, 241, 189, 4, 237, 84, 6, 250, 128, 5, 0, 161, 137;
 187, 204, 99, 188, 23, 22, 206, 123, 17, 66, 223, 215, 105, 60, 54, 229, 124, 167, 21, 175, 237, 143, 53, 207, 51, 111, 218, 128, 47, 108, 184, 220;
 70, 179, 138, 131, 249, 128, 174, 165, 174, 53, 3, 103, 204, 202, 126, 198, 225, 79, 235, 215, 214, 25, 201, 241, 60, 48, 142, 199, 156, 7, 185, 23;
 82, 59, 226, 158, 91, 176, 50, 198, 139, 5, 200, 167, 40, 170, 103, 214, 98, 255, 131, 209, 6, 11, 150, 227, 18, 116, 154, 43, 191, 117, 61, 158;
 43, 177, 1, 137, 85, 159, 170, 104, 94, 225, 88, 6, 184, 200, 52, 164, 92, 40, 18, 61, 147, 184, 84, 157, 13, 12, 139, 108, 95, 14, 89, 140;
 144, 72, 3, 233, 20, 198, 75, 84, 21, 3, 194, 82, 115, 3, 48, 236, 120, 140, 26, 218, 105, 148, 113, 174, 129, 238, 146, 0, 50, 153, 48, 40;
 22, 7, 239, 172, 230, 99, 252, 77, 21, 203, 219, 243, 89, 125, 61, 200, 254, 179, 151, 161, 156, 179, 1, 200, 114, 111, 234, 131, 181, 254, 189, 211;
 106, 114, 233, 140, 124, 112, 89, 28, 131, 206, 212, 231, 233, 239, 223, 94, 255, 221, 253, 181, 170, 71, 247, 202, 87, 117, 187, 191, 183, 244, 54, 125;
 48, 75, 103, 222, 44, 128, 206, 100, 196, 2, 216, 227, 113, 233, 181, 96, 72, 226, 59, 207, 200, 163, 70, 185, 114, 40, 202, 8, 53, 251, 112, 170;
 1, 125, 17, 207, 60, 157, 175, 116, 204, 232, 216, 78, 190, 16, 149, 165, 78, 32, 78, 78, 197, 40, 116, 253, 164, 24, 34, 184, 26, 155, 81, 189;
 185, 23, 107, 236, 126, 67, 217, 120, 68, 108, 220, 239, 19, 141, 178, 97, 126, 185, 23, 173, 201, 163, 37, 157, 208, 201, 171, 184, 61, 136, 116, 249;
 135, 123, 71, 209, 230, 147, 171, 81, 30, 224, 86, 230, 153, 5, 209, 172, 110, 56, 54, 223, 211, 252, 101, 228, 12, 26, 190, 192, 143, 129, 177, 181;
 21, 204, 13, 201, 156, 231, 203, 238, 7, 49, 156, 18, 146, 40, 53, 96, 201, 128, 78, 252, 59, 47, 121, 159, 185, 158, 139, 85, 181, 25, 116, 36;
 119, 217, 228, 69, 15, 24, 234, 172, 107, 160, 150, 130, 104, 124, 149, 230, 54, 212, 253, 234, 205, 65, 255, 233, 31, 126, 205, 147, 39, 191, 84, 44;
 166, 13, 231, 221, 151, 102, 188, 99, 92, 181, 90, 19, 104, 104, 53, 203, 233, 119, 179, 161, 49, 248, 21, 204, 45, 34, 223, 67, 221, 108, 181, 134;
 134, 173, 59, 218, 245, 213, 178, 67, 205, 77, 93, 51, 188, 223, 108, 96, 200, 59, 23, 145, 22, 42, 34, 247, 111, 16, 170, 235, 144, 10, 245, 195;
 13, 17, 134, 147, 197, 127, 163, 200, 76, 81, 127, 151, 216, 100, 63, 236, 253, 18, 162, 63, 145, 176, 63, 224, 13, 31, 67, 66, 202, 127, 249, 244;
 42, 132, 36, 186, 77, 245, 249, 234, 157, 31, 209, 27, 172, 189, 62, 141, 201, 3, 147, 129, 54, 110, 106, 213, 31, 94, 218, 111, 211, 13, 117, 230;
 18, 149, 151, 159, 135, 98, 189, 47, 28, 23, 66, 35, 220, 54, 32, 75, 225, 87, 187, 129, 16, 217, 19, 200, 141, 38, 222, 199, 148, 104, 181, 26;
 95, 25, 226, 204, 215, 112, 123, 66, 203, 196, 94, 163, 41, 238, 247, 110, 118, 255, 191, 215, 148, 147, 164, 232, 23, 108, 138, 139, 183, 239, 53, 119;
 85, 17, 255, 225, 182, 6, 185, 21, 168, 153, 222, 226, 85, 255, 188, 99, 118, 117, 61, 177, 144, 217, 177, 68, 251, 169, 238, 196, 165, 160, 165, 241;
 57, 30, 106, 97, 118, 187, 233, 23, 85, 79, 126, 246, 27, 44, 182, 104, 110, 138, 23, 157, 189, 184, 100, 230, 70, 77, 178, 128, 255, 205, 248, 213;
 18, 54, 170, 160, 86, 164, 186, 70, 14, 5, 92, 151, 28, 143, 126, 0, 255, 27, 147, 149, 150, 153, 144, 194, 91, 5, 154, 195, 133, 65, 61, 219;
 57, 13, 79, 236, 86, 167, 233, 115, 4, 0, 218, 194, 81, 45, 176, 64, 126, 161, 23, 173, 25, 187, 37, 28, 208, 239, 170, 192, 53, 138, 112, 240;
 27, 201, 99, 202, 84, 150, 107, 244, 165, 1, 206, 134, 57, 227, 60, 228, 126, 171, 19, 204, 219, 139, 60, 255, 56, 108, 138, 72, 55, 134, 160, 236;
 174, 157, 0, 155, 213, 179, 166, 234, 87, 183, 249, 18, 72, 122, 102, 141, 249, 234, 130, 242, 54, 250, 26, 254, 63, 86, 207, 111, 159, 125, 252, 134;
 165, 68, 87, 212, 201, 99, 103, 239, 149, 242, 240, 26, 80, 247, 45, 191, 217, 228, 18, 234, 97, 119, 56, 222, 55, 26, 69, 63, 81, 120, 230, 242;
 22, 205, 108, 251, 158, 211, 175, 254, 132, 94, 222, 135, 241, 109, 186, 69, 105, 66, 27, 239, 242, 169, 127, 191, 111, 79, 175, 197, 61, 91, 249, 218;
 128, 57, 147, 215, 234, 205, 33, 208, 138, 120, 82, 104, 188, 183, 97, 111, 164, 123, 63, 72, 19, 88, 178, 97, 133, 152, 122, 162, 144, 9, 5, 185;
 53, 105, 74, 67, 118, 146, 110, 113, 97, 192, 253, 162, 51, 66, 182, 112, 122, 168, 20, 254, 205, 154, 36, 108, 114, 140, 167, 193, 45, 178, 122, 196;
 255, 91, 66, 172, 182, 130, 207, 228, 56, 136, 210, 230, 92, 75, 148, 208, 126, 229, 53, 227, 249, 135, 129, 110, 176, 44, 170, 144, 45, 19, 250, 1;
 139, 140, 210, 30, 83, 148, 186, 67, 190, 75, 113, 151, 172, 234, 38, 192, 111, 43, 162, 132, 39, 47, 18, 123, 54, 237, 18, 8, 219, 4, 169, 158;
 46, 74, 231, 199, 79, 90, 167, 228, 128, 230, 126, 162, 120, 55, 165, 174, 107, 244, 162, 226, 64, 251, 172, 232, 20, 46, 231, 167, 231, 255, 118, 237;
 91, 243, 101, 165, 100, 4, 237, 113, 40, 120, 147, 230, 157, 15, 144, 43, 110, 149, 95, 239, 201, 83, 241, 201, 245, 8, 239, 164, 13, 182, 179, 241;
 45, 161, 137, 202, 253, 245, 192, 217, 70, 89, 157, 26, 144, 221, 124, 232, 217, 138, 19, 152, 159, 34, 122, 145, 79, 221, 179, 124, 154, 203, 248, 144;
 214, 94, 30, 188, 42, 128, 16, 154, 158, 90, 198, 245, 246, 198, 171, 79, 215, 117, 172, 83, 118, 69, 3, 119, 208, 50, 122, 216, 24, 57, 45, 81;
 48, 224, 232, 204, 86, 27, 214, 252, 83, 49, 244, 11, 67, 105, 190, 36, 91, 204, 131, 105, 216, 250, 92, 189, 126, 79, 213, 117, 247, 190, 216, 142;
 98, 20, 45, 188, 113, 132, 89, 55, 137, 121, 74, 141, 56, 47, 22, 83, 196, 183, 181, 133, 137, 26, 208, 220, 255, 123, 218, 248, 24, 132, 148, 120;
 177, 200, 19, 253, 5, 199, 70, 214, 85, 2, 194, 82, 51, 19, 41, 108, 88, 158, 26, 202, 107, 148, 81, 47, 145, 238, 144, 16, 58, 25, 112, 40;
 59, 88, 104, 109, 107, 30, 91, 80, 41, 44, 116, 173, 11, 31, 167, 86, 230, 153, 149, 110, 204, 23, 240, 152, 215, 249, 160, 191, 51, 183, 74, 215;
 192, 5, 189, 255, 116, 232, 169, 7, 168, 65, 81, 144, 181, 63, 32, 83, 166, 51, 27, 9, 35, 9, 32, 109, 197, 176, 58, 24, 28, 192, 133, 250;
 77, 157, 19, 200, 173, 172, 111, 187, 175, 89, 10, 68, 156, 183, 96, 228, 229, 23, 58, 12, 147, 9, 18, 215, 173, 190, 11, 78, 154, 65, 161, 49;
 11, 18, 104, 8, 106, 53, 249, 27, 31, 79, 116, 247, 157, 14, 182, 124, 111, 129, 183, 141, 149, 28, 55, 211, 70, 95, 250, 196, 255, 132, 89, 85;
 79, 218, 150, 180, 205, 157, 176, 160, 239, 220, 130, 79, 206, 232, 118, 202, 181, 229, 234, 69, 212, 111, 150, 240, 152, 118, 79, 91, 200, 45, 169, 84;
 60, 251, 202, 160, 244, 22, 122, 220, 35, 140, 92, 175, 11, 207, 123, 144, 124, 204, 149, 246, 78, 218, 136, 170, 250, 205, 165, 237, 167, 191, 126, 203;
 7, 165, 130, 129, 213, 54, 234, 222, 43, 241, 152, 71, 140, 174, 122, 174, 189, 207, 147, 157, 151, 153, 185, 194, 159, 84, 159, 102, 143, 231, 187, 212;
 155, 114, 193, 173, 38, 6, 233, 88, 56, 224, 87, 230, 221, 143, 153, 205, 54, 44, 53, 239, 193, 212, 149, 200, 196, 241, 250, 128, 47, 167, 51, 249;
 121, 211, 83, 197, 34, 27, 75, 180, 33, 57, 119, 238, 91, 3, 136, 246, 102, 220, 164, 106, 77, 150, 233, 149, 178, 237, 33, 132, 42, 186, 64, 61;
 222, 49, 99, 176, 175, 217, 152, 96, 13, 244, 146, 171, 142, 220, 215, 143, 190, 177, 255, 119, 156, 67, 231, 200, 154, 80, 205, 251, 167, 173, 21, 87;
 57, 59, 234, 173, 178, 134, 187, 196, 40, 73, 250, 231, 53, 14, 63, 82, 254, 95, 21, 245, 142, 154, 129, 13, 252, 229, 170, 128, 173, 18, 99, 217;
 71, 27, 138, 138, 189, 36, 159, 200, 142, 205, 155, 15, 204, 236, 127, 70, 252, 195, 126, 119, 151, 3, 187, 224, 184, 52, 143, 222, 140, 127, 185, 85;
 130, 179, 171, 145, 197, 213, 164, 103, 94, 95, 80, 51, 160, 236, 124, 164, 249, 27, 131, 145, 215, 248, 166, 211, 15, 22, 158, 107, 133, 76, 255, 254;
 54, 153, 238, 139, 70, 83, 185, 224, 4, 117, 213, 167, 65, 140, 62, 0, 110, 157, 147, 213, 204, 187, 52, 224, 95, 69, 202, 199, 117, 14, 126, 222;
 7, 51, 40, 155, 182, 181, 187, 216, 14, 205, 29, 199, 253, 76, 255, 40, 191, 59, 151, 159, 151, 0, 62, 252, 79, 77, 175, 232, 157, 143, 57, 213;
 122, 196, 227, 140, 95, 194, 203, 238, 198, 197, 202, 131, 65, 236, 56, 228, 89, 196, 59, 177, 95, 47, 246, 159, 57, 102, 143, 93, 183, 46, 116, 108;
 54, 209, 239, 174, 94, 67, 187, 232, 1, 69, 253, 171, 65, 204, 62, 0, 126, 217, 19, 231, 140, 178, 118, 128, 91, 96, 204, 207, 245, 46, 118, 254;
 177, 211, 107, 100, 118, 206, 239, 112, 101, 72, 127, 230, 115, 76, 183, 52, 126, 168, 22, 239, 201, 178, 52, 31, 112, 232, 161, 128, 109, 186, 114, 253;
 238, 89, 234, 222, 93, 213, 155, 65, 151, 76, 213, 139, 40, 205, 119, 4, 204, 241, 219, 215, 222, 43, 186, 250, 123, 125, 140, 251, 215, 47, 244, 215;
 115, 218, 236, 167, 28, 3, 202, 124, 18, 233, 219, 199, 113, 40, 18, 64, 121, 228, 55, 197, 221, 218, 221, 174, 248, 103, 255, 176, 189, 42, 248, 90;
 63, 65, 103, 207, 4, 22, 206, 61, 68, 226, 219, 70, 113, 120, 189, 231, 88, 196, 58, 239, 201, 163, 125, 140, 51, 42, 231, 148, 63, 190, 112, 108;
 4, 131, 188, 163, 172, 107, 176, 137, 206, 61, 155, 51, 215, 104, 126, 11, 201, 17, 111, 51, 30, 97, 75, 144, 204, 211, 235, 213, 212, 75, 149, 130;
 61, 69, 33, 232, 157, 127, 207, 152, 87, 248, 157, 10, 211, 125, 89, 45, 89, 200, 21, 255, 237, 34, 125, 152, 251, 217, 197, 60, 255, 255, 80, 116;
 10, 152, 154, 249, 3, 253, 57, 70, 174, 31, 78, 145, 188, 151, 34, 204, 167, 59, 187, 16, 18, 141, 50, 241, 195, 247, 26, 195, 146, 5, 173, 187;
 3, 201, 38, 153, 23, 209, 172, 231, 142, 85, 144, 131, 172, 142, 50, 37, 238, 49, 147, 197, 198, 9, 6, 245, 41, 16, 154, 235, 21, 12, 189, 220;
 242, 36, 19, 232, 127, 102, 89, 75, 137, 12, 209, 18, 12, 158, 36, 80, 224, 153, 21, 177, 26, 7, 144, 214, 145, 248, 138, 255, 16, 1, 118, 163;
 134, 245, 106, 234, 86, 196, 187, 204, 10, 84, 77, 131, 17, 206, 127, 32, 252, 25, 19, 247, 199, 18, 60, 213, 127, 41, 138, 237, 21, 18, 55, 242;
 17, 13, 27, 254, 4, 38, 109, 51, 245, 138, 111, 66, 247, 243, 49, 101, 112, 179, 21, 174, 105, 176, 48, 72, 225, 248, 66, 0, 48, 114, 33, 42;
 70, 88, 185, 173, 44, 65, 144, 138, 142, 248, 144, 35, 132, 156, 85, 74, 201, 85, 251, 81, 7, 37, 211, 208, 129, 85, 235, 191, 156, 57, 21, 19;
 43, 178, 226, 13, 119, 27, 184, 113, 73, 72, 92, 231, 104, 108, 191, 164, 126, 137, 151, 133, 197, 186, 4, 203, 30, 94, 174, 130, 111, 174, 59, 221;
 5, 75, 93, 209, 246, 139, 173, 208, 222, 240, 54, 230, 221, 1, 241, 41, 59, 32, 10, 92, 225, 240, 61, 252, 76, 155, 119, 36, 220, 153, 81, 184;
 153, 72, 7, 249, 5, 23, 76, 246, 85, 26, 194, 86, 147, 147, 48, 237, 88, 140, 58, 200, 237, 222, 81, 130, 131, 233, 210, 0, 58, 152, 248, 168;
 69, 162, 185, 195, 60, 124, 171, 24, 74, 109, 31, 78, 208, 77, 222, 106, 23, 12, 61, 63, 147, 33, 237, 64, 78, 45, 163, 252, 196, 139, 81, 113;
 27, 193, 227, 207, 93, 208, 239, 237, 23, 65, 223, 2, 104, 254, 254, 228, 120, 219, 179, 221, 223, 27, 191, 241, 47, 125, 143, 207, 55, 30, 180, 238;
 31, 212, 100, 187, 15, 87, 141, 253, 84, 214, 213, 151, 217, 124, 62, 239, 125, 145, 191, 175, 237, 231, 127, 221, 237, 75, 223, 212, 63, 124, 249, 244;
 118, 183, 2, 162, 181, 146, 90, 204, 41, 205, 201, 239, 15, 202, 111, 208, 252, 217, 149, 247, 30, 155, 136, 230, 184, 213, 143, 239, 172, 23, 190, 87;
 1, 140, 156, 191, 172, 166, 180, 166, 142, 31, 158, 21, 228, 114, 35, 75, 193, 99, 42, 5, 52, 201, 91, 241, 197, 179, 250, 19, 152, 120, 41, 11;
 35, 140, 42, 136, 85, 180, 234, 230, 79, 13, 220, 2, 40, 168, 54, 228, 217, 170, 146, 141, 14, 58, 112, 255, 55, 125, 154, 107, 18, 92, 124, 204;
 115, 249, 227, 68, 23, 84, 202, 228, 107, 232, 250, 10, 43, 152, 213, 230, 232, 245, 189, 195, 207, 59, 189, 233, 187, 252, 143, 151, 45, 63, 89, 30;
 5, 216, 157, 169, 46, 101, 176, 138, 142, 19, 130, 39, 212, 126, 97, 74, 207, 81, 123, 17, 7, 33, 83, 113, 205, 135, 123, 94, 152, 105, 1, 18;
 19, 201, 170, 222, 149, 212, 254, 229, 93, 65, 222, 2, 104, 254, 62, 100, 248, 107, 179, 153, 221, 139, 59, 227, 43, 126, 158, 3, 159, 94, 249, 206;
 17, 233, 74, 195, 118, 22, 171, 252, 112, 232, 94, 198, 17, 2, 218, 96, 126, 76, 20, 254, 199, 154, 165, 44, 108, 237, 174, 196, 45, 131, 121, 157;
 95, 223, 42, 175, 180, 50, 142, 181, 92, 75, 91, 247, 221, 108, 187, 224, 211, 71, 61, 191, 253, 144, 13, 174, 168, 103, 175, 192, 156, 127, 185, 85;
 99, 141, 77, 236, 252, 4, 77, 47, 129, 16, 232, 10, 25, 46, 49, 115, 201, 165, 63, 173, 56, 10, 243, 223, 253, 255, 202, 220, 181, 160, 96, 40;
 181, 72, 227, 65, 164, 62, 230, 192, 85, 162, 251, 80, 211, 56, 245, 172, 89, 76, 38, 106, 141, 180, 109, 2, 135, 220, 133, 4, 193, 251, 120, 164;
 189, 142, 45, 185, 188, 23, 73, 59, 87, 254, 150, 86, 211, 41, 18, 109, 93, 140, 28, 189, 185, 252, 125, 158, 203, 207, 241, 116, 183, 173, 88, 96;
 25, 18, 188, 33, 54, 62, 89, 18, 109, 200, 118, 102, 159, 24, 147, 232, 166, 37, 30, 29, 149, 188, 53, 136, 210, 207, 58, 128, 238, 132, 105, 85;
 128, 27, 30, 241, 175, 191, 180, 103, 204, 184, 18, 66, 172, 57, 33, 139, 230, 51, 235, 97, 112, 249, 18, 156, 47, 211, 95, 83, 18, 8, 25, 139;
 183, 129, 233, 157, 140, 114, 139, 202, 18, 83, 144, 147, 217, 236, 254, 106, 95, 207, 63, 239, 191, 99, 239, 243, 153, 111, 255, 253, 149, 237, 117, 244;
 124, 139, 104, 163, 44, 11, 91, 184, 70, 52, 159, 175, 243, 9, 218, 64, 94, 132, 47, 207, 200, 56, 205, 21, 222, 129, 165, 253, 53, 138, 92, 91;
 126, 242, 249, 192, 231, 113, 255, 216, 83, 127, 60, 58, 72, 253, 255, 62, 255, 216, 183, 107, 194, 102, 174, 243, 91, 93, 133, 239, 247, 255, 118, 231;
 168, 92, 62, 204, 77, 213, 149, 92, 196, 76, 244, 51, 56, 221, 39, 101, 200, 48, 139, 67, 227, 39, 114, 159, 115, 249, 162, 27, 23, 28, 124, 251;
 50, 195, 206, 232, 182, 66, 248, 222, 132, 217, 210, 243, 89, 255, 184, 195, 126, 213, 55, 241, 153, 219, 5, 192, 250, 107, 254, 196, 173, 152, 184, 147;
 53, 128, 129, 168, 93, 71, 202, 104, 134, 65, 200, 67, 85, 254, 48, 80, 216, 137, 19, 181, 11, 3, 90, 223, 153, 134, 139, 108, 153, 42, 48, 130;
 41, 180, 151, 55, 97, 126, 96, 198, 115, 191, 107, 120, 78, 182, 72, 154, 153, 126, 228, 0, 15, 244, 170, 2, 141, 247, 49, 38, 194, 67, 38, 175;
 163, 202, 97, 77, 109, 147, 203, 112, 85, 238, 240, 214, 106, 0, 182, 165, 88, 168, 6, 238, 232, 182, 101, 191, 54, 24, 129, 176, 119, 157, 116, 228;
 30, 186, 101, 247, 38, 192, 184, 176, 170, 90, 19, 227, 253, 79, 216, 203, 231, 117, 253, 135, 227, 196, 143, 253, 204, 227, 251, 128, 37, 164, 41, 19;
 181, 217, 107, 76, 86, 79, 199, 248, 81, 64, 116, 14, 83, 92, 190, 53, 62, 200, 22, 111, 233, 182, 52, 15, 113, 169, 32, 4, 125, 187, 114, 244;
 185, 3, 106, 236, 38, 39, 201, 115, 69, 36, 223, 163, 19, 13, 178, 97, 110, 184, 23, 173, 136, 187, 101, 156, 240, 201, 170, 144, 55, 136, 244, 232;
 51, 221, 64, 175, 116, 159, 78, 246, 85, 104, 120, 239, 47, 8, 182, 180, 254, 136, 6, 111, 237, 186, 21, 191, 182, 94, 128, 130, 127, 158, 216, 157;
 51, 251, 11, 160, 246, 155, 206, 227, 141, 136, 120, 238, 12, 136, 180, 128, 254, 161, 215, 229, 207, 186, 4, 253, 56, 20, 175, 198, 93, 14, 27, 141;
 121, 203, 66, 172, 86, 2, 139, 240, 32, 128, 222, 230, 89, 2, 176, 212, 126, 245, 157, 239, 201, 139, 4, 236, 112, 45, 170, 128, 47, 163, 123, 33;
 76, 211, 175, 172, 8, 46, 2, 190, 132, 29, 202, 229, 199, 231, 40, 194, 212, 86, 170, 100, 145, 3, 243, 37, 197, 231, 98, 92, 176, 171, 37, 113;
 150, 91, 229, 175, 150, 67, 79, 248, 23, 246, 144, 247, 89, 111, 251, 77, 127, 205, 61, 255, 249, 199, 29, 254, 250, 78, 207, 180, 191, 255, 176, 80;
 42, 180, 177, 192, 237, 109, 145, 239, 75, 189, 28, 26, 188, 125, 76, 38, 201, 27, 147, 17, 19, 106, 250, 211, 95, 30, 223, 126, 210, 72, 213, 234;
 59, 157, 39, 158, 221, 213, 190, 226, 213, 70, 218, 3, 104, 252, 54, 164, 249, 251, 179, 199, 253, 171, 62, 255, 51, 126, 218, 3, 23, 15, 116, 254;
 104, 107, 218, 236, 116, 192, 115, 212, 113, 140, 124, 35, 35, 203, 99, 80, 122, 250, 134, 208, 90, 186, 128, 168, 122, 229, 164, 105, 225, 154, 102, 139;
 3, 58, 65, 193, 228, 148, 168, 117, 77, 194, 82, 198, 184, 12, 221, 173, 110, 11, 18, 221, 211, 188, 247, 228, 12, 24, 154, 192, 15, 140, 121, 188;
 88, 81, 187, 228, 130, 70, 29, 119, 32, 230, 142, 163, 21, 63, 33, 96, 102, 255, 29, 225, 88, 153, 177, 72, 241, 165, 190, 16, 36, 80, 165, 123;
 25, 141, 3, 222, 213, 228, 239, 99, 133, 8, 72, 2, 60, 243, 33, 228, 232, 187, 19, 140, 83, 154, 18, 255, 117, 60, 138, 8, 27, 66, 177, 168;
 8, 106, 90, 248, 116, 136, 120, 86, 61, 141, 118, 84, 175, 3, 128, 88, 230, 169, 6, 28, 2, 188, 67, 239, 198, 223, 50, 75, 142, 136, 41, 9;
 25, 5, 46, 169, 180, 167, 232, 119, 76, 9, 254, 82, 179, 25, 48, 96, 232, 154, 31, 185, 26, 186, 81, 189, 201, 205, 186, 64, 223, 11, 240, 168;
 185, 68, 65, 205, 5, 87, 78, 126, 87, 34, 221, 66, 19, 19, 176, 228, 88, 152, 150, 234, 73, 182, 121, 154, 163, 204, 128, 36, 63, 187, 248, 172;
 130, 88, 94, 159, 39, 152, 188, 164, 173, 90, 86, 167, 172, 14, 167, 203, 230, 49, 191, 71, 101, 141, 6, 237, 134, 115, 90, 131, 28, 28, 57, 31;
 139, 221, 127, 222, 118, 208, 169, 119, 212, 72, 86, 246, 56, 222, 182, 229, 110, 50, 22, 137, 229, 173, 54, 255, 102, 43, 250, 128, 31, 136, 120, 253;
 187, 19, 98, 160, 101, 27, 248, 69, 77, 100, 87, 175, 15, 140, 190, 129, 238, 137, 135, 37, 212, 178, 52, 128, 182, 81, 170, 163, 31, 142, 221, 220;
 11, 155, 110, 165, 231, 159, 190, 247, 206, 60, 94, 239, 108, 232, 54, 128, 174, 99, 247, 71, 212, 185, 15, 253, 46, 95, 109, 162, 93, 46, 153, 223;
 32, 220, 59, 186, 93, 229, 145, 206, 158, 19, 136, 27, 182, 252, 104, 32, 201, 27, 19, 17, 10, 47, 90, 183, 217, 148, 158, 127, 208, 72, 117, 170;
 51, 221, 83, 142, 118, 221, 202, 240, 77, 72, 120, 110, 127, 80, 189, 164, 62, 233, 22, 107, 229, 176, 52, 255, 180, 254, 32, 130, 125, 27, 89, 189;
 54, 54, 232, 161, 102, 98, 154, 91, 90, 127, 89, 247, 17, 204, 126, 8, 223, 157, 23, 179, 150, 118, 204, 146, 86, 13, 187, 237, 221, 107, 126, 211;
 31, 212, 165, 173, 45, 119, 221, 190, 215, 255, 159, 22, 201, 126, 26, 239, 217, 213, 255, 175, 237, 101, 123, 151, 203, 223, 207, 151, 151, 126, 212, 118;
 20, 25, 191, 252, 130, 100, 185, 19, 140, 141, 95, 2, 221, 247, 33, 74, 102, 55, 59, 153, 16, 145, 51, 192, 209, 167, 250, 137, 160, 99, 37, 35;
 63, 226, 232, 73, 108, 19, 206, 216, 83, 234, 180, 238, 81, 200, 223, 40, 91, 204, 23, 255, 143, 98, 237, 146, 90, 77, 165, 188, 255, 191, 122, 245;
 13, 1, 223, 193, 70, 137, 233, 80, 206, 240, 22, 198, 189, 200, 241, 46, 42, 32, 106, 92, 195, 241, 55, 208, 92, 136, 103, 32, 125, 184, 81, 168;
 155, 147, 97, 141, 58, 18, 8, 63, 23, 73, 95, 247, 233, 38, 190, 228, 119, 139, 191, 133, 191, 152, 39, 215, 134, 116, 186, 198, 63, 132, 185, 93;
 184, 65, 107, 68, 112, 83, 207, 121, 112, 192, 116, 130, 115, 87, 182, 49, 122, 184, 22, 234, 233, 182, 36, 30, 115, 137, 161, 129, 119, 162, 102, 248;
 58, 235, 98, 193, 93, 213, 239, 253, 71, 172, 220, 2, 8, 200, 118, 164, 120, 168, 179, 217, 202, 59, 230, 149, 63, 92, 141, 235, 119, 142, 244, 238;
 191, 138, 226, 156, 119, 147, 250, 112, 29, 76, 85, 231, 73, 204, 190, 132, 126, 169, 183, 149, 206, 182, 46, 199, 26, 93, 171, 203, 127, 173, 122, 213;
 49, 221, 107, 77, 118, 151, 235, 120, 85, 64, 126, 198, 113, 77, 181, 228, 126, 136, 22, 239, 237, 184, 53, 47, 54, 44, 160, 128, 127, 139, 112, 253;
 203, 49, 126, 144, 114, 248, 57, 19, 61, 93, 86, 183, 156, 31, 130, 169, 38, 19, 255, 149, 183, 88, 39, 198, 78, 91, 122, 195, 142, 196, 13, 123;
 74, 24, 63, 81, 131, 252, 185, 55, 237, 85, 62, 20, 156, 158, 38, 109, 166, 55, 250, 145, 149, 184, 50, 196, 207, 121, 90, 67, 202, 4, 141, 127;
 181, 88, 107, 77, 70, 95, 199, 240, 84, 74, 116, 14, 83, 93, 183, 37, 56, 184, 22, 235, 233, 182, 52, 14, 115, 169, 33, 132, 125, 186, 114, 241;
 25, 207, 102, 69, 114, 146, 60, 119, 36, 136, 94, 227, 57, 7, 176, 112, 110, 50, 23, 204, 192, 154, 37, 76, 118, 105, 174, 129, 39, 132, 165, 169;
 111, 94, 66, 164, 119, 18, 175, 243, 160, 78, 222, 230, 157, 3, 147, 166, 110, 228, 221, 239, 197, 135, 228, 174, 180, 229, 170, 132, 47, 183, 59, 213;
 103, 163, 249, 233, 246, 49, 255, 217, 67, 57, 93, 234, 25, 124, 220, 32, 95, 155, 23, 191, 158, 50, 237, 209, 110, 205, 173, 236, 245, 202, 240, 229;
 138, 220, 43, 218, 255, 208, 189, 71, 158, 87, 84, 179, 188, 158, 38, 97, 207, 59, 147, 145, 246, 15, 50, 241, 127, 81, 158, 235, 21, 12, 181, 255;
 191, 226, 66, 168, 95, 22, 232, 105, 81, 65, 209, 223, 73, 8, 190, 141, 124, 133, 151, 173, 173, 183, 85, 198, 22, 107, 202, 204, 47, 172, 122, 132;
 45, 68, 229, 205, 12, 123, 205, 27, 70, 242, 140, 130, 211, 53, 209, 102, 73, 198, 122, 188, 73, 32, 109, 154, 175, 223, 141, 52, 183, 254, 80, 108;
 121, 219, 91, 101, 98, 26, 111, 244, 97, 40, 118, 238, 91, 3, 134, 240, 38, 220, 134, 106, 205, 146, 165, 172, 118, 233, 33, 128, 43, 186, 72, 185;
 170, 144, 224, 219, 109, 245, 248, 79, 87, 95, 117, 23, 168, 158, 118, 205, 201, 138, 179, 149, 190, 126, 114, 211, 15, 91, 218, 235, 215, 76, 252, 222;
 171, 192, 144, 217, 109, 181, 200, 143, 95, 27, 116, 18, 168, 138, 126, 237, 201, 10, 162, 156, 62, 110, 67, 241, 15, 219, 218, 107, 211, 76, 216, 140;
 189, 85, 165, 175, 141, 103, 198, 253, 87, 218, 217, 66, 243, 253, 121, 166, 217, 234, 23, 239, 249, 242, 90, 138, 171, 222, 205, 60, 251, 126, 208, 250;
 42, 173, 96, 159, 87, 209, 190, 231, 95, 5, 92, 135, 169, 169, 54, 132, 74, 43, 131, 137, 70, 184, 68, 255, 102, 92, 158, 35, 87, 206, 253, 142;
 189, 78, 145, 127, 141, 123, 198, 224, 85, 226, 98, 72, 195, 40, 21, 169, 216, 232, 98, 75, 237, 182, 101, 42, 36, 222, 68, 17, 241, 123, 94, 140;
 121, 251, 202, 164, 124, 7, 75, 248, 22, 237, 210, 239, 113, 137, 250, 64, 92, 204, 55, 221, 200, 223, 197, 165, 88, 36, 168, 208, 45, 139, 112, 217;
 218, 222, 145, 248, 39, 240, 16, 130, 63, 19, 194, 118, 142, 151, 96, 204, 231, 155, 173, 1, 43, 30, 146, 243, 145, 244, 26, 79, 190, 73, 45, 23;
 113, 12, 151, 221, 21, 238, 71, 130, 116, 11, 238, 16, 179, 51, 33, 116, 65, 182, 8, 8, 43, 188, 113, 47, 161, 174, 144, 16, 184, 89, 112, 42;
 33, 133, 9, 203, 60, 135, 195, 239, 207, 25, 216, 64, 178, 145, 188, 100, 200, 10, 30, 92, 91, 42, 112, 183, 161, 156, 154, 120, 24, 10, 208, 168;
 170, 168, 145, 217, 109, 165, 192, 143, 159, 27, 48, 18, 172, 153, 116, 141, 201, 10, 179, 25, 50, 110, 90, 243, 15, 90, 220, 250, 146, 76, 208, 175;
 30, 82, 122, 238, 3, 83, 187, 108, 181, 134, 245, 163, 73, 239, 46, 64, 126, 185, 135, 162, 72, 151, 44, 218, 211, 231, 250, 167, 119, 166, 47, 251;
 29, 141, 172, 187, 148, 54, 207, 190, 86, 91, 94, 151, 215, 104, 59, 105, 85, 70, 61, 127, 189, 252, 93, 174, 232, 47, 255, 212, 188, 253, 153, 80;
 184, 235, 90, 172, 118, 128, 91, 244, 17, 4, 116, 167, 39, 143, 35, 80, 254, 233, 135, 244, 74, 186, 128, 47, 118, 225, 166, 41, 117, 154, 102, 219;
 41, 92, 51, 233, 117, 238, 99, 246, 117, 78, 222, 16, 182, 25, 51, 116, 217, 202, 22, 43, 168, 190, 112, 175, 229, 222, 178, 0, 82, 217, 116, 107;
 151, 148, 108, 187, 138, 113, 157, 207, 22, 83, 213, 151, 209, 78, 58, 105, 127, 147, 19, 191, 187, 70, 127, 23, 199, 195, 250, 205, 253, 85, 184, 242;
 181, 99, 122, 110, 118, 6, 107, 112, 248, 136, 117, 198, 81, 202, 191, 113, 118, 173, 22, 238, 228, 135, 44, 14, 114, 169, 162, 140, 45, 163, 106, 161;
 186, 94, 250, 253, 143, 240, 149, 70, 197, 134, 222, 3, 40, 158, 55, 72, 232, 114, 171, 147, 76, 167, 115, 234, 243, 225, 222, 11, 183, 125, 116, 223;
 177, 75, 110, 251, 134, 140, 109, 21, 5, 7, 215, 147, 179, 9, 58, 73, 110, 178, 31, 141, 248, 188, 69, 132, 246, 233, 218, 0, 53, 152, 240, 40;
 18, 28, 23, 184, 19, 226, 146, 67, 172, 67, 138, 163, 172, 254, 33, 192, 231, 179, 153, 145, 46, 137, 19, 223, 177, 230, 138, 19, 164, 84, 53, 90;
 207, 72, 226, 80, 97, 156, 237, 148, 175, 86, 38, 140, 156, 135, 255, 255, 38, 64, 179, 94, 195, 68, 182, 240, 87, 25, 94, 12, 66, 149, 97, 124;
 191, 1, 106, 161, 71, 27, 252, 113, 5, 100, 85, 135, 15, 141, 58, 0, 126, 153, 151, 231, 220, 147, 20, 132, 243, 193, 138, 169, 55, 142, 188, 210;
 229, 65, 113, 200, 221, 69, 199, 205, 71, 32, 184, 10, 18, 157, 124, 96, 216, 152, 18, 127, 91, 34, 112, 146, 53, 12, 132, 124, 117, 91, 208, 96;
 24, 142, 122, 161, 51, 227, 25, 67, 23, 37, 78, 163, 47, 39, 34, 64, 103, 187, 141, 17, 26, 152, 1, 157, 219, 197, 58, 195, 182, 204, 45, 91;
 16, 179, 151, 1, 243, 235, 103, 223, 119, 189, 106, 108, 74, 50, 132, 180, 48, 222, 196, 80, 27, 248, 33, 109, 172, 214, 37, 66, 234, 67, 198, 181;
 57, 20, 115, 69, 101, 46, 105, 82, 117, 11, 127, 94, 90, 57, 188, 156, 60, 136, 22, 172, 169, 176, 17, 206, 2, 254, 32, 132, 239, 233, 112, 49;
 242, 139, 109, 205, 30, 66, 201, 107, 68, 164, 150, 130, 33, 36, 180, 71, 104, 228, 43, 233, 104, 203, 231, 221, 88, 34, 235, 148, 53, 168, 116, 104;
 91, 26, 214, 140, 107, 176, 184, 66, 173, 194, 94, 231, 44, 238, 167, 206, 230, 115, 191, 133, 133, 129, 166, 233, 22, 119, 218, 139, 182, 103, 41, 221;
 47, 50, 225, 201, 221, 55, 203, 216, 67, 253, 184, 78, 3, 40, 223, 188, 93, 200, 23, 126, 143, 50, 252, 144, 31, 220, 133, 252, 255, 255, 82, 244;
 167, 213, 105, 200, 212, 38, 206, 239, 80, 64, 120, 199, 17, 10, 61, 209, 92, 203, 19, 239, 249, 178, 92, 254, 118, 9, 142, 36, 61, 211, 242, 152;
 222, 94, 68, 188, 42, 2, 94, 186, 149, 246, 150, 255, 111, 111, 163, 71, 71, 213, 189, 230, 236, 69, 79, 191, 194, 227, 237, 148, 62, 253, 8, 81;
 43, 178, 228, 219, 237, 221, 240, 27, 95, 127, 53, 27, 136, 28, 94, 173, 201, 138, 162, 16, 150, 126, 123, 145, 15, 91, 212, 127, 214, 12, 220, 214;
 2, 210, 140, 191, 60, 74, 176, 45, 142, 29, 147, 35, 228, 121, 10, 66, 192, 5, 125, 1, 6, 201, 67, 149, 206, 163, 250, 211, 28, 10, 29, 75;
 90, 155, 134, 223, 141, 118, 37, 182, 134, 157, 142, 38, 104, 35, 39, 207, 105, 118, 170, 192, 8, 201, 59, 232, 9, 38, 222, 19, 146, 126, 60, 47;
 55, 133, 204, 140, 141, 119, 206, 235, 135, 240, 157, 6, 64, 108, 127, 167, 89, 194, 58, 255, 93, 99, 127, 152, 59, 75, 207, 60, 63, 126, 248, 220;
 127, 105, 163, 168, 181, 192, 90, 204, 11, 197, 200, 143, 15, 204, 115, 80, 218, 233, 29, 119, 31, 11, 240, 170, 185, 244, 143, 62, 148, 63, 180, 84;
 3, 26, 81, 187, 114, 160, 120, 18, 29, 73, 81, 118, 188, 18, 128, 248, 230, 59, 22, 20, 39, 156, 67, 247, 132, 180, 58, 202, 156, 128, 33, 141;
 11, 217, 170, 255, 149, 148, 255, 197, 223, 13, 222, 3, 172, 250, 62, 96, 216, 107, 191, 209, 222, 137, 178, 225, 235, 253, 142, 203, 150, 14, 249, 79;
 143, 246, 233, 179, 52, 165, 235, 216, 86, 123, 81, 215, 245, 204, 219, 40, 63, 73, 23, 255, 167, 84, 60, 243, 236, 12, 175, 164, 189, 243, 49, 241;
 57, 208, 147, 253, 5, 38, 68, 134, 85, 66, 226, 2, 50, 18, 33, 233, 217, 170, 58, 8, 73, 156, 81, 129, 131, 254, 210, 16, 58, 88, 120, 14;
 58, 17, 111, 173, 14, 67, 153, 104, 4, 116, 215, 163, 83, 13, 59, 2, 126, 153, 159, 229, 72, 179, 117, 141, 209, 1, 235, 149, 117, 170, 52, 242;
 71, 157, 147, 200, 213, 188, 42, 247, 255, 73, 76, 68, 28, 178, 100, 244, 245, 47, 50, 28, 151, 25, 176, 214, 61, 60, 6, 110, 152, 64, 169, 173;
 251, 147, 97, 231, 164, 6, 78, 113, 33, 104, 187, 238, 91, 15, 152, 180, 126, 133, 93, 239, 217, 179, 197, 201, 178, 233, 170, 148, 47, 174, 114, 49;
 55, 161, 233, 201, 213, 23, 202, 217, 83, 241, 69, 14, 80, 249, 126, 44, 89, 202, 19, 254, 159, 114, 124, 148, 107, 12, 133, 108, 189, 171, 240, 198;
 99, 145, 111, 252, 65, 204, 249, 118, 169, 89, 108, 29, 60, 191, 54, 83, 228, 59, 51, 197, 3, 154, 178, 229, 87, 57, 218, 234, 8, 4, 114, 250;
 103, 165, 97, 192, 213, 37, 79, 255, 65, 96, 152, 10, 19, 56, 93, 48, 89, 218, 19, 123, 251, 58, 84, 190, 63, 28, 133, 124, 63, 250, 208, 28;
 96, 137, 58, 252, 100, 200, 125, 39, 90, 38, 66, 0, 180, 179, 96, 65, 192, 46, 51, 8, 80, 26, 194, 144, 197, 177, 218, 41, 16, 168, 85, 138;
 27, 13, 106, 132, 214, 242, 254, 103, 133, 71, 206, 131, 41, 175, 54, 192, 111, 167, 147, 135, 148, 153, 20, 238, 114, 111, 154, 1, 167, 222, 185, 200;
 19, 5, 106, 173, 86, 22, 238, 124, 84, 192, 93, 198, 113, 110, 178, 100, 126, 232, 19, 239, 205, 146, 52, 238, 114, 109, 170, 128, 63, 175, 57, 220;
 159, 0, 135, 189, 5, 38, 105, 16, 149, 218, 195, 86, 213, 103, 49, 239, 117, 228, 59, 191, 169, 213, 21, 138, 145, 170, 218, 4, 186, 125, 48, 112;
 191, 77, 231, 164, 149, 71, 78, 255, 23, 226, 130, 135, 91, 111, 113, 207, 93, 236, 57, 255, 233, 207, 93, 138, 187, 74, 207, 52, 47, 252, 240, 120;
 9, 207, 172, 191, 180, 7, 223, 191, 22, 119, 94, 247, 177, 41, 146, 65, 95, 78, 55, 239, 252, 216, 77, 191, 236, 239, 254, 132, 188, 252, 152, 73;
 181, 74, 236, 70, 236, 115, 199, 200, 64, 182, 181, 58, 83, 40, 247, 43, 107, 196, 38, 235, 236, 119, 47, 40, 80, 11, 231, 181, 245, 123, 116, 228;
 3, 54, 255, 199, 50, 46, 121, 18, 173, 203, 95, 246, 189, 31, 154, 42, 38, 37, 95, 157, 131, 212, 37, 64, 198, 9, 58, 128, 172, 195, 1, 113;
 187, 151, 100, 201, 31, 19, 152, 121, 7, 112, 149, 247, 137, 76, 158, 165, 78, 145, 223, 245, 255, 43, 109, 221, 106, 89, 235, 252, 127, 140, 184, 212;
 118, 243, 248, 232, 106, 5, 222, 89, 11, 44, 181, 79, 14, 157, 126, 16, 254, 153, 23, 226, 206, 35, 136, 209, 211, 220, 3, 191, 113, 178, 102, 151;
 79, 133, 229, 211, 149, 96, 109, 143, 163, 113, 15, 18, 221, 55, 88, 110, 99, 198, 57, 157, 18, 88, 189, 224, 237, 110, 222, 69, 166, 212, 181, 96;
 177, 205, 74, 174, 116, 197, 90, 238, 19, 68, 104, 143, 55, 143, 42, 80, 220, 139, 7, 229, 78, 186, 24, 63, 242, 225, 160, 41, 48, 154, 122, 218;
 158, 8, 8, 169, 43, 117, 186, 66, 141, 113, 159, 151, 141, 143, 106, 74, 230, 25, 255, 215, 6, 5, 83, 240, 215, 209, 138, 255, 22, 143, 45, 211;
 72, 82, 92, 216, 230, 56, 124, 63, 9, 30, 118, 39, 29, 3, 226, 219, 39, 29, 166, 56, 64, 86, 131, 192, 86, 251, 112, 205, 62, 216, 169, 129;
 212, 242, 141, 161, 170, 6, 45, 157, 54, 187, 130, 245, 213, 51, 200, 75, 71, 87, 125, 188, 99, 212, 217, 3, 236, 162, 255, 196, 168, 208, 161, 57;
 162, 240, 60, 235, 127, 157, 152, 252, 15, 120, 16, 239, 172, 29, 60, 133, 158, 25, 215, 101, 199, 47, 82, 253, 55, 89, 158, 255, 95, 30, 27, 155;
 42, 156, 144, 216, 255, 225, 146, 79, 159, 11, 88, 114, 172, 249, 160, 132, 219, 59, 135, 17, 50, 42, 74, 223, 44, 86, 50, 235, 150, 76, 157, 175;
 119, 160, 173, 188, 61, 23, 74, 136, 151, 253, 148, 13, 195, 236, 123, 72, 221, 197, 189, 245, 174, 67, 122, 189, 139, 223, 239, 252, 152, 45, 56, 86;
 16, 156, 146, 252, 23, 132, 48, 71, 62, 3, 66, 18, 188, 155, 32, 64, 247, 59, 155, 1, 34, 157, 144, 235, 241, 164, 26, 3, 56, 72, 165, 138;
 21, 203, 202, 251, 132, 140, 110, 165, 205, 23, 83, 19, 239, 201, 56, 67, 106, 195, 15, 79, 82, 188, 10, 225, 244, 170, 214, 0, 60, 154, 249, 10;
 55, 86, 103, 200, 247, 115, 198, 110, 205, 67, 219, 106, 72, 124, 189, 165, 250, 225, 22, 171, 245, 163, 45, 222, 48, 92, 140, 214, 215, 127, 213, 101;
 15, 168, 25, 232, 252, 229, 154, 218, 139, 57, 28, 42, 156, 127, 123, 8, 207, 81, 87, 249, 19, 3, 74, 245, 218, 221, 143, 255, 150, 139, 11, 131;
 184, 192, 5, 187, 29, 79, 66, 200, 23, 48, 161, 26, 115, 85, 105, 137, 217, 144, 134, 98, 47, 38, 89, 55, 145, 195, 1, 53, 113, 25, 92, 10;
 215, 149, 235, 244, 195, 36, 126, 122, 49, 66, 67, 215, 121, 239, 124, 113, 118, 223, 49, 231, 253, 82, 178, 225, 19, 42, 203, 140, 45, 229, 160, 112;
 35, 193, 106, 137, 84, 211, 236, 229, 5, 77, 122, 135, 33, 12, 182, 128, 124, 168, 151, 205, 223, 186, 36, 253, 54, 13, 180, 193, 125, 142, 248, 220;
 185, 69, 111, 77, 118, 6, 239, 48, 68, 64, 127, 198, 115, 25, 181, 97, 126, 164, 22, 239, 233, 176, 117, 13, 102, 41, 160, 128, 127, 171, 112, 176;
 42, 239, 33, 200, 253, 213, 182, 111, 71, 172, 220, 42, 168, 140, 116, 164, 216, 58, 147, 209, 222, 58, 224, 159, 63, 93, 143, 251, 87, 142, 252, 239;
 25, 153, 81, 221, 23, 157, 237, 247, 125, 8, 124, 66, 188, 19, 176, 228, 106, 43, 22, 204, 211, 184, 49, 253, 133, 254, 50, 64, 123, 128, 33, 173;
 125, 1, 74, 204, 12, 22, 206, 121, 69, 160, 253, 78, 83, 130, 248, 228, 122, 132, 94, 238, 221, 35, 213, 136, 178, 237, 130, 60, 63, 171, 120, 4;
 173, 253, 99, 65, 116, 223, 235, 240, 84, 72, 116, 66, 17, 213, 188, 36, 92, 136, 22, 238, 227, 182, 116, 159, 102, 12, 161, 228, 127, 155, 80, 244;
 74, 27, 132, 159, 173, 86, 118, 172, 135, 221, 134, 39, 232, 119, 39, 206, 200, 102, 234, 194, 21, 201, 91, 169, 46, 114, 214, 19, 138, 63, 92, 94;
 186, 237, 35, 168, 53, 195, 75, 230, 17, 204, 208, 11, 31, 158, 51, 112, 218, 233, 21, 119, 107, 155, 52, 174, 185, 197, 175, 251, 52, 63, 55, 126;
 161, 149, 28, 218, 188, 237, 147, 248, 206, 24, 157, 50, 182, 81, 168, 97, 204, 18, 30, 106, 115, 41, 75, 189, 225, 153, 34, 114, 16, 11, 81, 43;
 10, 163, 110, 165, 164, 32, 237, 123, 33, 93, 87, 183, 137, 237, 154, 15, 108, 139, 183, 175, 154, 216, 166, 193, 198, 121, 234, 196, 47, 172, 182, 241;
 91, 90, 242, 172, 87, 48, 186, 94, 43, 69, 94, 231, 45, 238, 55, 224, 246, 187, 183, 133, 134, 3, 166, 195, 82, 101, 10, 139, 191, 246, 45, 95;
 157, 159, 110, 103, 215, 30, 124, 49, 113, 244, 119, 183, 75, 44, 158, 83, 110, 198, 149, 238, 252, 248, 61, 172, 126, 235, 228, 197, 111, 140, 248, 213;
 63, 106, 233, 228, 116, 31, 202, 80, 83, 232, 188, 78, 3, 140, 247, 168, 220, 236, 151, 95, 141, 178, 236, 138, 30, 221, 165, 180, 239, 255, 90, 245;
 170, 217, 53, 155, 189, 217, 156, 238, 143, 85, 16, 183, 172, 76, 62, 135, 206, 2, 219, 85, 247, 45, 123, 245, 46, 80, 158, 83, 86, 156, 213, 222;
 249, 1, 67, 164, 84, 13, 234, 97, 192, 160, 210, 74, 59, 200, 48, 128, 120, 160, 30, 237, 109, 183, 4, 143, 176, 205, 171, 40, 45, 40, 120, 8;
 227, 20, 161, 148, 201, 38, 156, 23, 25, 251, 139, 95, 156, 62, 81, 239, 197, 79, 187, 165, 181, 86, 208, 194, 21, 114, 223, 190, 138, 124, 145, 119;
 123, 90, 202, 164, 116, 146, 239, 180, 160, 200, 222, 230, 57, 39, 179, 244, 110, 228, 149, 207, 141, 155, 36, 238, 50, 111, 170, 129, 47, 183, 122, 89;
 239, 4, 228, 188, 221, 103, 216, 174, 147, 247, 133, 27, 72, 124, 127, 95, 201, 199, 251, 181, 60, 103, 91, 194, 91, 123, 221, 127, 151, 109, 252, 86;
 221, 141, 164, 188, 189, 86, 94, 187, 213, 202, 154, 3, 247, 120, 51, 99, 209, 230, 125, 47, 253, 73, 127, 174, 251, 255, 239, 212, 158, 124, 88, 70;
 58, 218, 237, 231, 166, 82, 253, 148, 19, 254, 86, 227, 121, 61, 223, 42, 127, 85, 181, 130, 200, 244, 109, 162, 71, 239, 245, 133, 39, 250, 116, 251;
 3, 10, 154, 152, 245, 140, 232, 71, 251, 137, 96, 80, 44, 170, 118, 124, 245, 43, 18, 28, 182, 155, 34, 222, 45, 30, 30, 106, 144, 0, 233, 204;
 204, 156, 233, 186, 188, 100, 31, 154, 23, 215, 141, 151, 221, 231, 122, 78, 87, 211, 187, 159, 186, 64, 127, 226, 201, 55, 223, 92, 182, 253, 180, 114;
 30, 29, 238, 169, 151, 224, 191, 199, 141, 132, 222, 167, 169, 238, 119, 66, 234, 179, 175, 145, 76, 169, 7, 232, 249, 245, 142, 195, 181, 126, 125, 90;
 43, 150, 109, 225, 45, 23, 200, 59, 69, 120, 157, 199, 137, 12, 150, 165, 204, 145, 223, 191, 221, 40, 117, 156, 138, 91, 203, 244, 31, 140, 88, 84;
 210, 137, 132, 183, 27, 132, 57, 167, 188, 148, 130, 151, 236, 47, 50, 67, 229, 247, 185, 213, 124, 73, 27, 237, 153, 242, 223, 195, 0, 4, 61, 90;
 165, 148, 188, 63, 205, 47, 148, 255, 84, 58, 245, 93, 242, 121, 10, 11, 89, 230, 226, 35, 172, 114, 91, 59, 199, 19, 85, 59, 90, 121, 218, 131;
 184, 83, 123, 108, 118, 83, 215, 113, 80, 200, 117, 106, 115, 93, 181, 49, 126, 184, 23, 234, 233, 182, 100, 28, 115, 201, 225, 128, 117, 170, 118, 243;
 10, 220, 59, 250, 247, 244, 189, 231, 156, 91, 92, 51, 188, 159, 32, 224, 239, 59, 147, 145, 115, 9, 50, 245, 115, 87, 158, 203, 20, 92, 181, 251;
 138, 152, 154, 187, 37, 188, 176, 130, 190, 23, 68, 21, 172, 155, 34, 201, 199, 59, 171, 17, 22, 44, 18, 241, 199, 243, 90, 67, 154, 13, 41, 155;
 189, 149, 173, 254, 157, 31, 71, 123, 87, 250, 153, 94, 114, 121, 56, 163, 217, 234, 60, 43, 121, 233, 123, 143, 171, 219, 197, 22, 152, 104, 208, 35;
 34, 176, 188, 219, 237, 253, 240, 143, 79, 125, 53, 29, 128, 156, 126, 15, 201, 26, 179, 17, 150, 120, 123, 145, 15, 88, 222, 127, 212, 12, 212, 215;
 59, 16, 59, 232, 37, 221, 81, 64, 77, 0, 245, 10, 63, 159, 36, 125, 234, 184, 151, 8, 10, 175, 50, 149, 211, 217, 144, 123, 18, 9, 116, 227;
 30, 229, 225, 171, 213, 114, 79, 156, 19, 245, 29, 178, 73, 71, 219, 236, 123, 202, 151, 255, 58, 82, 109, 178, 255, 197, 175, 237, 183, 255, 244, 96;
 183, 213, 143, 222, 141, 22, 76, 189, 151, 234, 146, 86, 112, 251, 125, 227, 217, 238, 61, 172, 233, 195, 91, 138, 187, 11, 245, 148, 153, 122, 248, 24;
 42, 174, 166, 177, 21, 227, 136, 102, 7, 53, 216, 179, 140, 173, 50, 132, 201, 10, 131, 133, 26, 154, 64, 189, 140, 84, 153, 247, 151, 76, 28, 250;
 74, 219, 178, 218, 243, 180, 188, 55, 187, 73, 88, 245, 172, 174, 244, 228, 135, 59, 151, 129, 150, 10, 160, 243, 162, 116, 58, 234, 158, 196, 165, 255;
 2, 43, 238, 132, 183, 146, 188, 71, 141, 132, 158, 135, 172, 170, 119, 194, 238, 47, 155, 149, 212, 137, 2, 200, 58, 89, 143, 131, 141, 126, 121, 15;
 23, 217, 126, 236, 174, 4, 158, 253, 203, 90, 148, 67, 125, 221, 124, 99, 247, 83, 63, 239, 199, 111, 30, 253, 251, 91, 239, 239, 29, 186, 185, 27;
 19, 153, 42, 174, 54, 133, 190, 119, 7, 72, 94, 167, 189, 136, 50, 0, 174, 43, 23, 133, 198, 184, 20, 223, 240, 12, 170, 202, 125, 14, 185, 219;
 202, 129, 187, 218, 227, 212, 185, 65, 175, 93, 119, 17, 172, 222, 110, 75, 167, 51, 179, 145, 22, 73, 162, 241, 95, 121, 90, 235, 144, 4, 165, 255;
 119, 13, 119, 68, 101, 250, 234, 64, 233, 192, 187, 131, 59, 222, 53, 255, 170, 229, 85, 239, 1, 161, 180, 232, 17, 56, 138, 2, 77, 103, 99, 244;
 54, 35, 83, 232, 69, 7, 218, 72, 9, 168, 177, 75, 26, 219, 117, 16, 252, 185, 23, 231, 200, 35, 152, 216, 145, 216, 137, 190, 81, 42, 98, 131;
 138, 66, 234, 189, 54, 83, 126, 81, 213, 231, 215, 179, 175, 72, 186, 96, 90, 169, 159, 163, 238, 180, 101, 138, 230, 95, 190, 145, 54, 140, 220, 199;
 53, 115, 220, 225, 188, 59, 254, 152, 207, 185, 184, 231, 195, 104, 255, 138, 95, 69, 78, 119, 156, 225, 77, 128, 174, 221, 165, 180, 253, 251, 216, 133;
 10, 222, 76, 169, 122, 177, 184, 222, 22, 63, 212, 247, 12, 6, 235, 200, 111, 145, 167, 208, 38, 30, 79, 243, 220, 7, 186, 199, 189, 29, 169, 155;
 188, 108, 243, 225, 86, 103, 250, 194, 82, 162, 184, 66, 25, 156, 117, 32, 127, 253, 21, 179, 136, 183, 188, 138, 83, 205, 167, 181, 229, 251, 119, 162;
 233, 250, 71, 164, 124, 3, 107, 250, 134, 228, 210, 238, 17, 133, 240, 68, 94, 204, 63, 109, 203, 223, 165, 141, 88, 40, 169, 220, 47, 140, 112, 249;
 187, 10, 98, 156, 87, 151, 248, 82, 29, 196, 84, 151, 41, 204, 182, 133, 126, 169, 151, 133, 172, 254, 36, 207, 18, 89, 139, 203, 127, 173, 120, 212;
 87, 79, 222, 210, 230, 59, 61, 247, 153, 190, 31, 174, 76, 161, 247, 47, 39, 103, 54, 62, 116, 241, 44, 232, 58, 90, 85, 167, 167, 254, 137, 205;
 0, 136, 31, 248, 69, 196, 49, 70, 136, 25, 96, 18, 164, 147, 32, 73, 224, 59, 35, 0, 18, 186, 146, 241, 209, 176, 90, 107, 16, 8, 37, 138;
 9, 2, 220, 249, 104, 48, 56, 23, 11, 63, 125, 245, 137, 35, 230, 91, 199, 31, 166, 12, 132, 82, 194, 192, 70, 249, 114, 167, 154, 220, 169, 201;
 199, 140, 132, 212, 201, 118, 44, 139, 155, 250, 132, 18, 156, 54, 117, 239, 197, 213, 248, 188, 53, 79, 219, 192, 155, 123, 223, 127, 154, 116, 169, 20;
 201, 196, 217, 236, 102, 64, 79, 159, 90, 3, 88, 82, 21, 19, 224, 240, 115, 157, 54, 168, 67, 22, 209, 83, 244, 173, 186, 44, 60, 248, 177, 41;
 18, 13, 138, 172, 181, 224, 186, 71, 141, 141, 222, 163, 172, 239, 39, 64, 232, 179, 175, 145, 30, 139, 2, 202, 251, 117, 142, 139, 149, 78, 61, 90;
 122, 84, 98, 236, 29, 191, 91, 90, 141, 196, 222, 10, 201, 221, 183, 228, 118, 180, 255, 109, 136, 3, 50, 156, 147, 253, 139, 154, 54, 255, 84, 101;
 210, 145, 58, 168, 187, 217, 144, 103, 205, 76, 164, 59, 174, 158, 38, 49, 236, 187, 222, 145, 127, 11, 48, 215, 179, 241, 10, 123, 80, 12, 143, 95;
 183, 119, 116, 71, 186, 59, 151, 158, 95, 162, 59, 238, 231, 120, 141, 180, 23, 214, 220, 98, 229, 244, 109, 62, 44, 6, 37, 178, 237, 255, 7, 61;
 115, 152, 168, 164, 62, 67, 211, 106, 94, 237, 144, 43, 150, 60, 246, 96, 219, 68, 61, 49, 188, 111, 225, 158, 248, 23, 175, 255, 148, 44, 84, 67;
 62, 92, 242, 226, 215, 119, 95, 214, 1, 175, 188, 143, 31, 47, 43, 28, 127, 213, 151, 188, 8, 147, 49, 232, 243, 207, 254, 149, 167, 223, 36, 123;
 14, 96, 62, 176, 169, 205, 177, 65, 172, 85, 5, 17, 140, 159, 106, 11, 232, 9, 219, 215, 86, 5, 50, 208, 215, 209, 218, 111, 146, 13, 141, 210;
 131, 32, 183, 209, 53, 141, 184, 19, 157, 27, 83, 82, 188, 159, 112, 239, 166, 57, 27, 29, 179, 245, 50, 194, 7, 152, 26, 130, 2, 8, 129, 161;
 59, 91, 98, 142, 119, 146, 127, 148, 161, 204, 254, 167, 41, 15, 179, 244, 110, 228, 149, 206, 204, 139, 36, 236, 114, 253, 170, 131, 47, 183, 124, 93;
 45, 204, 93, 248, 252, 171, 67, 142, 223, 51, 64, 18, 151, 112, 57, 161, 195, 64, 26, 120, 35, 60, 57, 183, 173, 158, 85, 116, 148, 153, 208, 32;
 158, 220, 107, 190, 79, 208, 187, 100, 150, 70, 212, 179, 45, 220, 50, 73, 107, 249, 147, 211, 110, 207, 46, 255, 81, 99, 158, 203, 53, 12, 61, 242;
 63, 107, 108, 225, 52, 19, 201, 81, 69, 228, 150, 174, 17, 13, 147, 37, 94, 164, 31, 255, 201, 176, 101, 220, 214, 73, 169, 180, 63, 188, 80, 113;
 119, 217, 107, 200, 86, 210, 107, 248, 197, 64, 245, 194, 81, 79, 189, 113, 126, 144, 23, 254, 139, 35, 62, 221, 91, 11, 163, 204, 55, 187, 116, 116;
 61, 188, 220, 45, 162, 123, 182, 191, 125, 122, 126, 249, 199, 120, 138, 187, 59, 94, 238, 32, 125, 248, 69, 11, 166, 199, 117, 151, 237, 120, 202, 151;
 124, 139, 98, 242, 197, 192, 111, 231, 197, 21, 122, 2, 65, 107, 60, 196, 105, 226, 35, 216, 90, 186, 2, 165, 63, 230, 198, 65, 55, 138, 244, 34;
 3, 84, 16, 177, 32, 181, 120, 23, 29, 115, 83, 244, 140, 150, 226, 253, 199, 41, 55, 156, 213, 84, 83, 208, 134, 218, 218, 162, 30, 68, 137, 21;
 58, 154, 238, 221, 102, 91, 253, 123, 29, 87, 86, 183, 9, 13, 54, 73, 122, 136, 147, 163, 252, 252, 117, 193, 214, 107, 218, 5, 55, 173, 220, 210;
 134, 88, 181, 158, 109, 229, 149, 8, 158, 94, 81, 51, 236, 254, 175, 207, 207, 113, 187, 71, 35, 69, 106, 241, 5, 50, 218, 186, 20, 125, 53, 119;
 23, 157, 119, 72, 230, 39, 175, 233, 92, 116, 219, 206, 80, 44, 189, 37, 126, 22, 50, 171, 177, 243, 61, 76, 57, 40, 79, 86, 93, 106, 117, 244;
 2, 153, 88, 219, 114, 193, 124, 127, 127, 65, 124, 38, 189, 147, 164, 100, 114, 59, 18, 136, 211, 152, 52, 255, 102, 188, 154, 130, 62, 128, 169, 189;
 189, 161, 115, 225, 226, 83, 125, 241, 21, 126, 112, 171, 91, 31, 139, 49, 126, 141, 23, 246, 76, 150, 101, 154, 118, 201, 165, 132, 103, 190, 230, 225;
 43, 29, 97, 77, 93, 247, 138, 118, 69, 104, 92, 198, 56, 28, 181, 164, 76, 56, 147, 239, 133, 186, 117, 253, 39, 28, 138, 194, 95, 143, 89, 188;
 2, 184, 117, 193, 111, 219, 176, 115, 205, 248, 48, 106, 140, 28, 212, 173, 171, 17, 215, 49, 213, 188, 49, 212, 15, 26, 19, 247, 30, 12, 85, 183;
 2, 150, 90, 216, 254, 243, 176, 119, 159, 1, 92, 230, 172, 252, 164, 196, 223, 59, 130, 16, 151, 170, 0, 223, 46, 22, 26, 203, 158, 204, 141, 159;
 17, 184, 63, 218, 83, 133, 176, 103, 254, 13, 96, 2, 60, 146, 36, 64, 225, 43, 2, 16, 22, 187, 18, 125, 89, 14, 30, 74, 145, 0, 161, 138;
 116, 38, 188, 54, 174, 36, 85, 191, 209, 254, 135, 57, 82, 57, 75, 75, 133, 198, 125, 35, 236, 71, 235, 32, 211, 235, 245, 183, 36, 249, 156, 67;
 106, 83, 49, 201, 205, 221, 121, 85, 141, 85, 245, 30, 142, 151, 104, 254, 236, 144, 202, 80, 19, 35, 114, 192, 151, 209, 16, 127, 18, 158, 132, 118;
 178, 81, 59, 232, 37, 253, 85, 70, 205, 9, 228, 18, 158, 159, 37, 120, 200, 153, 159, 66, 10, 35, 112, 209, 211, 217, 18, 91, 18, 25, 245, 34;
 184, 210, 234, 237, 87, 214, 249, 119, 20, 77, 246, 183, 49, 175, 190, 64, 124, 172, 135, 164, 168, 187, 36, 143, 83, 239, 186, 129, 55, 140, 116, 251;
 180, 24, 125, 253, 182, 238, 91, 154, 21, 79, 242, 179, 91, 93, 171, 57, 222, 209, 133, 246, 57, 180, 97, 175, 131, 239, 112, 214, 245, 153, 68, 241;
 40, 228, 74, 232, 84, 199, 111, 255, 20, 45, 124, 11, 17, 135, 58, 16, 88, 8, 19, 108, 98, 186, 0, 31, 103, 13, 160, 237, 113, 138, 214, 202;
 118, 25, 102, 204, 109, 232, 234, 64, 233, 136, 178, 162, 46, 154, 181, 255, 234, 241, 93, 227, 9, 35, 134, 232, 144, 56, 234, 155, 77, 39, 107, 37;
 10, 187, 56, 187, 189, 213, 154, 71, 158, 73, 93, 163, 188, 220, 50, 32, 222, 59, 151, 17, 215, 42, 66, 245, 229, 21, 186, 251, 28, 14, 157, 219;
 9, 202, 28, 179, 46, 143, 189, 180, 142, 59, 29, 163, 213, 23, 72, 2, 175, 17, 119, 71, 64, 188, 75, 53, 197, 135, 122, 244, 52, 155, 17, 155;
 34, 241, 188, 155, 108, 205, 176, 204, 206, 125, 80, 51, 148, 156, 126, 72, 139, 27, 179, 81, 134, 120, 123, 241, 13, 25, 122, 239, 212, 25, 213, 219;
 103, 205, 199, 254, 228, 36, 104, 185, 1, 89, 123, 68, 89, 235, 188, 251, 221, 207, 53, 172, 153, 210, 218, 197, 11, 250, 235, 204, 153, 227, 224, 160;
 12, 237, 227, 211, 214, 232, 175, 134, 30, 163, 75, 178, 244, 245, 217, 108, 55, 126, 19, 83, 50, 216, 141, 226, 109, 4, 158, 224, 166, 219, 149, 168;
 138, 210, 194, 136, 234, 3, 189, 221, 22, 119, 148, 183, 141, 134, 226, 76, 95, 157, 171, 212, 102, 23, 70, 210, 80, 3, 254, 255, 191, 156, 173, 217;
 160, 253, 28, 64, 141, 15, 197, 255, 71, 178, 164, 28, 146, 17, 97, 7, 73, 212, 74, 106, 105, 111, 81, 30, 235, 152, 69, 52, 90, 184, 208, 154;
 154, 159, 110, 249, 234, 147, 189, 115, 141, 86, 116, 183, 45, 46, 182, 67, 238, 19, 151, 165, 244, 45, 38, 223, 118, 123, 234, 195, 87, 132, 229, 215;
 93, 215, 164, 230, 45, 84, 95, 189, 194, 250, 159, 72, 219, 119, 218, 103, 213, 84, 253, 174, 205, 67, 235, 129, 235, 249, 239, 189, 10, 254, 24, 113;
 224, 83, 184, 228, 238, 66, 149, 31, 206, 170, 154, 106, 210, 185, 225, 106, 222, 116, 110, 65, 192, 115, 195, 0, 117, 161, 111, 63, 85, 120, 213, 43;
 176, 111, 123, 164, 54, 195, 95, 99, 21, 204, 220, 171, 47, 30, 163, 117, 106, 185, 21, 99, 232, 159, 36, 172, 177, 209, 175, 179, 36, 59, 55, 111;
 126, 28, 170, 236, 253, 54, 88, 146, 137, 138, 222, 98, 206, 189, 51, 238, 204, 253, 191, 241, 152, 163, 208, 200, 211, 253, 235, 159, 158, 255, 120, 3;
 188, 82, 94, 232, 79, 87, 210, 120, 197, 4, 245, 6, 91, 73, 59, 201, 120, 160, 134, 226, 108, 167, 24, 140, 210, 201, 227, 21, 127, 187, 120, 130;
 71, 25, 139, 244, 165, 116, 84, 19, 211, 219, 207, 114, 146, 178, 225, 238, 193, 238, 61, 153, 25, 195, 178, 194, 137, 253, 222, 202, 136, 121, 248, 39;
 185, 149, 156, 255, 189, 31, 86, 123, 86, 163, 151, 30, 126, 121, 32, 163, 221, 86, 186, 33, 189, 233, 251, 175, 235, 175, 245, 82, 154, 40, 216, 3;
 34, 206, 225, 199, 52, 218, 107, 182, 23, 101, 78, 131, 227, 37, 144, 196, 67, 206, 181, 28, 72, 156, 109, 191, 46, 254, 148, 196, 54, 142, 84, 104;
 210, 17, 114, 204, 63, 106, 89, 68, 205, 164, 222, 167, 11, 157, 53, 64, 226, 181, 255, 96, 136, 163, 149, 204, 210, 249, 138, 154, 189, 13, 117, 27;
 227, 6, 9, 209, 52, 189, 72, 7, 29, 111, 222, 252, 162, 36, 150, 236, 196, 178, 236, 12, 191, 188, 101, 151, 150, 54, 184, 211, 132, 76, 220, 125;
 60, 159, 11, 234, 213, 192, 102, 247, 4, 13, 250, 231, 35, 237, 36, 192, 200, 186, 166, 208, 91, 186, 114, 167, 127, 229, 166, 75, 57, 10, 244, 251;
 2, 24, 115, 193, 102, 233, 176, 98, 205, 233, 58, 106, 140, 152, 228, 36, 174, 49, 63, 1, 149, 185, 4, 212, 20, 28, 26, 226, 21, 9, 5, 175;
 99, 30, 250, 236, 244, 54, 89, 83, 9, 140, 254, 34, 47, 191, 55, 84, 222, 189, 23, 25, 140, 187, 224, 202, 255, 253, 134, 155, 182, 234, 116, 207;
 56, 85, 123, 232, 167, 111, 85, 79, 69, 74, 252, 26, 31, 157, 41, 121, 250, 153, 151, 32, 73, 51, 48, 144, 243, 217, 0, 63, 113, 88, 228, 51;
 61, 89, 107, 200, 94, 214, 235, 248, 68, 192, 244, 130, 17, 31, 181, 96, 126, 184, 19, 254, 201, 50, 52, 156, 127, 201, 163, 12, 53, 187, 120, 240;
 195, 128, 155, 208, 242, 172, 184, 7, 62, 27, 66, 80, 156, 178, 100, 120, 167, 59, 27, 21, 183, 156, 16, 83, 13, 30, 26, 74, 152, 64, 137, 141;
 1, 83, 110, 197, 68, 174, 121, 23, 229, 77, 94, 70, 147, 137, 178, 106, 100, 172, 55, 12, 128, 184, 118, 205, 71, 168, 240, 192, 45, 136, 208, 248;
 54, 159, 221, 220, 206, 83, 22, 234, 215, 178, 144, 234, 98, 124, 37, 35, 221, 242, 162, 96, 253, 107, 78, 190, 59, 134, 69, 63, 181, 120, 20, 31;
 3, 133, 115, 201, 87, 183, 233, 111, 79, 5, 232, 2, 57, 186, 44, 228, 122, 139, 2, 140, 19, 184, 53, 213, 23, 12, 146, 70, 63, 136, 97, 172;
 157, 91, 152, 179, 166, 45, 123, 152, 158, 40, 23, 231, 255, 255, 233, 8, 54, 89, 191, 71, 130, 48, 11, 179, 226, 197, 41, 176, 182, 251, 1, 19;
 10, 145, 32, 171, 255, 197, 155, 121, 143, 73, 93, 167, 188, 221, 58, 4, 222, 27, 151, 5, 147, 24, 90, 245, 237, 85, 138, 251, 30, 142, 149, 211;
 43, 0, 3, 193, 213, 253, 224, 67, 93, 73, 219, 18, 152, 16, 60, 236, 233, 138, 26, 25, 23, 184, 113, 194, 13, 221, 154, 70, 154, 76, 249, 180;
 195, 131, 30, 152, 232, 132, 184, 167, 233, 29, 0, 80, 172, 154, 110, 99, 166, 3, 122, 149, 214, 73, 178, 245, 173, 24, 94, 107, 16, 0, 169, 143;
 44, 192, 135, 209, 133, 207, 100, 199, 215, 51, 163, 18, 82, 249, 124, 107, 249, 170, 42, 24, 91, 241, 91, 144, 123, 10, 213, 117, 211, 88, 216, 10;
 145, 92, 255, 37, 99, 79, 53, 103, 125, 238, 118, 45, 30, 49, 7, 23, 166, 44, 102, 4, 97, 188, 49, 74, 36, 186, 84, 2, 107, 116, 67, 251;
 9, 93, 185, 229, 36, 237, 183, 150, 78, 232, 62, 108, 151, 149, 193, 32, 134, 124, 52, 72, 193, 48, 240, 56, 229, 141, 37, 176, 88, 250, 5, 249;
 210, 21, 235, 199, 162, 98, 109, 21, 49, 227, 95, 246, 85, 63, 157, 107, 118, 215, 61, 189, 249, 212, 181, 194, 208, 46, 254, 134, 173, 242, 181, 121;
 54, 34, 72, 160, 68, 79, 90, 64, 9, 236, 177, 15, 31, 15, 82, 16, 248, 133, 21, 231, 76, 55, 72, 192, 211, 193, 171, 245, 37, 43, 94, 83;
 20, 243, 184, 163, 46, 141, 176, 204, 142, 61, 17, 35, 221, 220, 104, 8, 183, 89, 51, 83, 2, 113, 154, 241, 205, 193, 63, 231, 212, 27, 141, 195;
 90, 22, 62, 164, 36, 163, 189, 113, 172, 134, 147, 175, 207, 143, 51, 75, 238, 181, 223, 167, 232, 135, 20, 204, 210, 209, 234, 144, 12, 174, 37, 91;
 2, 151, 90, 201, 114, 179, 178, 103, 142, 69, 88, 167, 165, 172, 166, 64, 222, 59, 131, 17, 151, 152, 20, 223, 46, 21, 26, 66, 156, 138, 173, 157;
 196, 190, 186, 208, 180, 208, 48, 134, 218, 145, 134, 50, 132, 151, 100, 98, 225, 116, 184, 16, 59, 77, 176, 194, 219, 181, 151, 79, 128, 0, 252, 42;
 146, 139, 2, 190, 23, 128, 186, 100, 140, 132, 210, 199, 172, 138, 118, 64, 234, 107, 171, 199, 214, 139, 2, 237, 184, 48, 142, 203, 20, 13, 185, 206;
 100, 72, 141, 181, 236, 235, 69, 134, 215, 170, 186, 40, 18, 149, 225, 120, 201, 228, 38, 64, 13, 48, 96, 50, 103, 151, 117, 55, 208, 121, 84, 43;
 8, 62, 252, 119, 36, 116, 185, 16, 196, 204, 126, 39, 249, 125, 147, 43, 198, 122, 191, 44, 132, 240, 227, 136, 70, 217, 96, 129, 110, 254, 68, 219;
 186, 194, 235, 252, 86, 210, 248, 81, 21, 73, 215, 243, 1, 207, 182, 68, 124, 188, 151, 140, 234, 183, 36, 207, 87, 111, 186, 193, 55, 140, 116, 243;
 222, 147, 248, 225, 166, 108, 63, 154, 61, 79, 86, 183, 79, 61, 155, 75, 55, 87, 189, 119, 182, 208, 133, 226, 198, 239, 114, 199, 167, 229, 133, 83;
 111, 9, 205, 235, 252, 164, 235, 9, 130, 16, 109, 0, 249, 235, 117, 226, 200, 6, 51, 220, 19, 2, 218, 221, 47, 189, 143, 76, 150, 226, 120, 160;
 18, 165, 16, 163, 151, 129, 104, 207, 31, 49, 75, 3, 141, 147, 112, 68, 121, 139, 27, 156, 82, 152, 9, 245, 221, 220, 154, 71, 18, 14, 177, 10;
 62, 17, 243, 204, 229, 86, 95, 127, 1, 138, 252, 106, 72, 183, 181, 188, 126, 248, 151, 170, 217, 151, 48, 202, 115, 222, 213, 134, 247, 254, 228, 181;
 2, 200, 224, 187, 70, 138, 252, 133, 29, 83, 67, 131, 133, 9, 48, 73, 235, 169, 19, 133, 86, 252, 85, 165, 229, 254, 222, 0, 189, 152, 241, 146;
 206, 72, 181, 158, 111, 249, 191, 200, 159, 82, 81, 131, 236, 252, 109, 239, 227, 123, 187, 67, 99, 101, 170, 241, 21, 50, 91, 59, 22, 127, 21, 108;
 2, 189, 27, 152, 251, 225, 177, 231, 158, 85, 72, 163, 180, 182, 36, 97, 227, 59, 147, 144, 51, 11, 50, 247, 25, 6, 158, 235, 144, 64, 37, 251;
 58, 206, 34, 184, 29, 193, 154, 226, 151, 5, 216, 163, 40, 205, 54, 128, 217, 169, 147, 133, 14, 47, 78, 255, 186, 84, 139, 251, 23, 14, 60, 218;
 34, 131, 113, 201, 254, 131, 187, 107, 31, 5, 88, 130, 165, 67, 56, 68, 94, 26, 3, 248, 82, 26, 74, 221, 109, 20, 139, 102, 21, 138, 245, 169;
 96, 159, 121, 229, 30, 175, 144, 51, 84, 224, 154, 239, 183, 60, 80, 67, 78, 191, 43, 1, 153, 120, 213, 12, 205, 0, 41, 112, 109, 40, 21, 17;
 39, 189, 48, 139, 253, 181, 186, 194, 79, 105, 56, 71, 172, 24, 127, 164, 207, 43, 146, 213, 135, 56, 92, 245, 44, 92, 142, 107, 223, 79, 25, 143;
 58, 92, 51, 224, 181, 125, 87, 87, 129, 74, 188, 13, 190, 23, 33, 156, 204, 179, 223, 12, 9, 171, 48, 202, 243, 221, 18, 58, 242, 92, 102, 122;
 133, 155, 159, 161, 180, 139, 179, 176, 140, 245, 22, 181, 215, 3, 226, 3, 38, 100, 110, 124, 48, 249, 33, 12, 234, 193, 39, 244, 132, 169, 21, 81;
 142, 123, 25, 219, 180, 132, 95, 152, 157, 152, 149, 112, 222, 215, 233, 111, 214, 120, 29, 122, 58, 196, 234, 168, 233, 185, 167, 248, 150, 187, 148, 51;
 151, 91, 135, 190, 10, 0, 158, 208, 132, 78, 211, 231, 125, 206, 187, 67, 102, 225, 63, 231, 229, 197, 15, 232, 240, 32, 238, 136, 61, 61, 57, 85;
 210, 104, 65, 174, 15, 208, 2, 32, 139, 128, 130, 131, 102, 204, 5, 231, 230, 245, 233, 67, 79, 5, 183, 253, 145, 96, 10, 27, 53, 15, 61, 108;
 6, 195, 231, 153, 234, 112, 189, 204, 174, 87, 80, 183, 141, 238, 254, 235, 102, 89, 183, 197, 151, 80, 167, 193, 4, 16, 254, 205, 148, 116, 173, 245;
 79, 94, 39, 157, 36, 54, 238, 146, 204, 202, 90, 230, 252, 216, 181, 239, 246, 101, 62, 111, 165, 164, 38, 235, 0, 58, 235, 136, 14, 253, 57, 29;
 139, 151, 236, 85, 180, 54, 253, 183, 85, 127, 31, 183, 217, 60, 214, 107, 223, 71, 189, 189, 189, 248, 109, 194, 110, 127, 255, 197, 175, 228, 217, 85;
 47, 54, 248, 66, 246, 127, 147, 218, 91, 239, 125, 175, 8, 236, 255, 36, 223, 74, 151, 55, 135, 178, 124, 234, 126, 29, 21, 191, 223, 255, 84, 223;
 248, 24, 113, 234, 163, 65, 85, 71, 13, 6, 181, 58, 15, 31, 97, 248, 235, 147, 143, 146, 88, 47, 96, 226, 211, 213, 30, 59, 183, 90, 165, 107;
 186, 48, 241, 220, 117, 118, 121, 90, 83, 203, 117, 90, 59, 143, 180, 116, 122, 188, 23, 168, 171, 190, 244, 203, 87, 254, 144, 168, 255, 168, 116, 255;
 35, 179, 112, 67, 245, 253, 243, 93, 79, 77, 125, 6, 40, 216, 254, 36, 252, 10, 146, 29, 151, 186, 62, 215, 15, 28, 2, 107, 95, 142, 223, 215;
 201, 250, 249, 197, 54, 88, 171, 16, 82, 77, 87, 242, 189, 45, 146, 102, 38, 84, 31, 76, 162, 52, 165, 139, 198, 173, 170, 128, 38, 169, 21, 121;
 90, 72, 114, 225, 38, 216, 184, 102, 173, 64, 222, 163, 143, 157, 182, 198, 102, 181, 255, 209, 89, 189, 197, 192, 214, 233, 154, 211, 39, 140, 125, 27;
 16, 159, 91, 185, 18, 195, 187, 118, 28, 69, 90, 231, 181, 31, 34, 64, 102, 59, 151, 133, 211, 152, 32, 61, 232, 167, 58, 192, 52, 8, 37, 219;
 219, 255, 233, 229, 246, 84, 255, 191, 56, 207, 30, 183, 61, 47, 210, 98, 55, 215, 157, 221, 242, 76, 165, 234, 127, 109, 190, 136, 167, 212, 149, 121;
 39, 236, 105, 203, 215, 165, 251, 202, 15, 33, 93, 10, 28, 221, 125, 4, 63, 27, 19, 157, 2, 50, 56, 243, 111, 28, 139, 237, 247, 223, 145, 226;
 127, 252, 64, 192, 31, 59, 195, 184, 3, 224, 156, 238, 91, 81, 209, 166, 95, 212, 252, 126, 137, 35, 221, 190, 56, 14, 165, 252, 191, 191, 88, 52;
 34, 165, 121, 203, 244, 175, 171, 231, 14, 37, 88, 11, 132, 9, 52, 0, 95, 59, 19, 29, 18, 184, 80, 221, 109, 28, 138, 102, 213, 138, 209, 170;
 2, 210, 59, 185, 38, 224, 177, 71, 28, 27, 80, 114, 180, 158, 32, 104, 199, 59, 19, 17, 227, 156, 34, 215, 197, 6, 186, 194, 20, 8, 53, 187;
 178, 194, 107, 248, 87, 134, 232, 81, 21, 7, 67, 151, 1, 207, 60, 72, 125, 168, 19, 133, 170, 183, 20, 223, 87, 47, 154, 4, 53, 140, 244, 242;
 4, 201, 204, 235, 198, 132, 236, 197, 6, 49, 74, 3, 17, 11, 48, 66, 104, 187, 51, 222, 82, 188, 83, 225, 117, 45, 158, 64, 53, 10, 240, 130;
 215, 86, 111, 197, 38, 62, 173, 120, 248, 242, 86, 246, 81, 32, 191, 239, 127, 4, 62, 175, 225, 245, 165, 204, 20, 42, 227, 132, 111, 248, 121, 245;
 34, 224, 2, 194, 85, 247, 235, 68, 71, 5, 233, 18, 0, 146, 100, 36, 249, 168, 2, 152, 26, 183, 56, 214, 27, 156, 146, 111, 145, 11, 244, 166;
 175, 220, 97, 254, 109, 180, 205, 55, 217, 218, 21, 86, 185, 221, 244, 43, 143, 123, 55, 15, 229, 100, 250, 163, 7, 251, 252, 184, 31, 252, 209, 117;
 105, 25, 168, 136, 221, 165, 67, 158, 67, 197, 140, 13, 146, 163, 114, 84, 72, 226, 19, 220, 154, 42, 210, 176, 93, 28, 149, 120, 154, 139, 112, 74;
 132, 190, 149, 181, 252, 8, 160, 19, 153, 159, 177, 245, 134, 44, 64, 139, 207, 113, 78, 53, 179, 108, 82, 194, 172, 208, 239, 190, 204, 104, 133, 177;
 201, 210, 84, 75, 50, 10, 33, 188, 110, 52, 63, 230, 207, 66, 202, 210, 55, 21, 172, 48, 195, 52, 109, 83, 140, 165, 39, 196, 124, 162, 9, 17;
 148, 95, 122, 108, 82, 194, 187, 226, 224, 132, 252, 162, 33, 106, 167, 81, 110, 253, 132, 241, 50, 171, 164, 45, 248, 161, 170, 73, 101, 33, 39, 227;
 22, 254, 122, 64, 178, 154, 62, 242, 189, 234, 126, 231, 12, 174, 231, 80, 183, 125, 207, 118, 244, 145, 4, 110, 122, 13, 47, 199, 237, 245, 171, 23;
 19, 137, 3, 169, 85, 167, 234, 107, 14, 13, 88, 7, 253, 235, 56, 64, 248, 139, 23, 157, 22, 138, 26, 223, 188, 110, 170, 200, 181, 14, 177, 194;
 129, 81, 47, 235, 100, 140, 105, 17, 237, 89, 123, 84, 211, 153, 56, 99, 224, 42, 55, 28, 211, 185, 18, 64, 101, 184, 34, 64, 72, 130, 241, 178;
 152, 74, 102, 188, 63, 82, 214, 236, 221, 222, 180, 39, 45, 134, 167, 71, 106, 224, 142, 230, 108, 239, 34, 255, 242, 243, 231, 147, 54, 61, 101, 95;
 190, 196, 67, 225, 134, 18, 78, 244, 17, 2, 214, 210, 91, 79, 248, 229, 127, 221, 157, 234, 121, 151, 132, 198, 187, 237, 174, 196, 47, 177, 184, 48;
 133, 129, 29, 217, 245, 252, 176, 3, 239, 81, 83, 18, 150, 28, 172, 111, 225, 26, 26, 16, 55, 60, 115, 213, 143, 216, 146, 71, 144, 8, 249, 134;
 41, 99, 106, 237, 116, 151, 239, 93, 68, 160, 124, 198, 81, 205, 187, 32, 94, 184, 18, 252, 201, 178, 116, 12, 102, 141, 165, 4, 125, 170, 248, 176;
 19, 16, 159, 179, 130, 60, 184, 21, 44, 83, 83, 247, 188, 158, 107, 232, 166, 47, 191, 149, 149, 208, 51, 192, 132, 33, 122, 130, 173, 80, 169, 95;
 5, 17, 221, 137, 254, 233, 176, 3, 236, 81, 59, 247, 148, 50, 236, 74, 226, 3, 10, 16, 19, 56, 85, 64, 12, 8, 58, 64, 156, 73, 129, 131;
 32, 173, 89, 201, 212, 227, 171, 239, 14, 33, 104, 2, 145, 67, 100, 64, 121, 26, 3, 184, 19, 56, 89, 95, 45, 132, 131, 100, 153, 10, 213, 160;
 153, 217, 78, 191, 22, 210, 190, 52, 180, 64, 146, 231, 253, 94, 50, 193, 102, 165, 189, 231, 109, 205, 21, 253, 162, 235, 234, 129, 45, 144, 41, 89;
 238, 249, 184, 218, 203, 101, 61, 216, 131, 126, 20, 55, 28, 159, 99, 11, 237, 219, 179, 215, 18, 82, 250, 240, 95, 1, 221, 238, 187, 53, 36, 243;
 31, 28, 252, 69, 183, 126, 252, 23, 125, 235, 127, 178, 91, 61, 151, 170, 47, 214, 151, 156, 181, 248, 101, 234, 103, 239, 116, 129, 231, 252, 216, 213;
 79, 22, 231, 145, 226, 54, 189, 31, 122, 223, 86, 247, 200, 46, 190, 239, 231, 7, 183, 149, 181, 220, 39, 194, 14, 127, 254, 199, 135, 244, 189, 213;
 194, 11, 94, 147, 102, 184, 184, 0, 173, 21, 91, 130, 173, 142, 116, 206, 102, 59, 187, 199, 6, 152, 135, 225, 22, 113, 10, 195, 4, 143, 45, 197;
 90, 246, 233, 245, 246, 82, 125, 191, 51, 239, 30, 182, 25, 47, 218, 103, 119, 223, 149, 189, 251, 220, 245, 227, 111, 239, 254, 196, 167, 212, 246, 121;
 79, 179, 237, 243, 180, 54, 121, 151, 126, 245, 23, 183, 217, 44, 218, 107, 103, 198, 61, 157, 183, 216, 229, 192, 110, 47, 255, 196, 173, 212, 209, 113;
 127, 244, 239, 101, 199, 86, 254, 252, 49, 119, 246, 151, 73, 62, 30, 51, 63, 213, 245, 231, 252, 247, 189, 195, 115, 111, 207, 199, 103, 246, 246, 87;
 175, 193, 238, 134, 207, 53, 175, 232, 131, 240, 149, 139, 88, 252, 127, 175, 63, 197, 179, 255, 133, 115, 190, 225, 95, 25, 207, 236, 15, 127, 249, 212;
 143, 22, 236, 209, 231, 54, 253, 31, 93, 123, 86, 246, 72, 62, 159, 111, 111, 6, 183, 188, 181, 244, 53, 194, 46, 126, 246, 198, 143, 252, 248, 213;
 47, 77, 236, 92, 205, 116, 207, 200, 195, 66, 188, 10, 112, 120, 31, 46, 217, 226, 113, 255, 223, 99, 254, 235, 35, 62, 197, 29, 223, 255, 122, 230;
 137, 3, 211, 189, 117, 170, 104, 5, 30, 1, 82, 80, 189, 131, 49, 201, 210, 43, 55, 29, 35, 220, 0, 223, 132, 242, 186, 128, 62, 136, 49, 168;
 63, 165, 66, 196, 143, 83, 126, 239, 83, 230, 12, 142, 41, 233, 246, 133, 19, 74, 128, 174, 117, 75, 191, 142, 42, 223, 133, 191, 174, 252, 216, 140;
 43, 80, 229, 205, 101, 95, 232, 91, 67, 121, 116, 78, 24, 29, 180, 252, 110, 156, 55, 136, 193, 186, 247, 209, 23, 56, 208, 162, 127, 140, 112, 189;
 166, 72, 34, 218, 69, 166, 232, 65, 149, 2, 195, 19, 0, 205, 52, 77, 233, 184, 19, 143, 58, 183, 18, 209, 1, 58, 218, 66, 19, 77, 240, 130;
 175, 125, 177, 254, 237, 244, 223, 151, 219, 203, 29, 116, 253, 252, 245, 46, 207, 123, 21, 15, 227, 102, 250, 163, 39, 223, 189, 186, 158, 255, 208, 253;
 18, 135, 17, 171, 150, 135, 202, 109, 68, 9, 217, 66, 245, 83, 56, 64, 248, 139, 23, 233, 91, 152, 73, 223, 184, 164, 170, 196, 61, 10, 177, 169;
 98, 214, 51, 162, 250, 228, 154, 246, 137, 73, 155, 239, 92, 28, 172, 160, 206, 211, 255, 83, 197, 171, 32, 228, 184, 20, 58, 210, 4, 79, 165, 83;
 135, 192, 170, 155, 197, 231, 236, 196, 87, 83, 83, 19, 88, 219, 62, 73, 249, 168, 19, 143, 54, 183, 26, 240, 71, 30, 222, 68, 149, 93, 241, 194;
 131, 92, 126, 156, 78, 195, 189, 116, 148, 86, 212, 150, 117, 153, 51, 33, 110, 33, 19, 227, 229, 239, 52, 255, 82, 42, 218, 131, 61, 184, 49, 202;
 219, 134, 100, 71, 51, 90, 123, 184, 127, 116, 23, 166, 73, 46, 158, 247, 55, 197, 253, 238, 229, 144, 45, 220, 46, 127, 221, 133, 63, 166, 76, 125;
 133, 182, 147, 146, 108, 229, 177, 89, 158, 251, 25, 116, 252, 247, 104, 11, 167, 27, 62, 23, 179, 81, 154, 240, 205, 16, 127, 238, 152, 75, 33, 251;
 135, 21, 243, 196, 182, 38, 239, 81, 93, 234, 87, 86, 80, 112, 189, 110, 118, 124, 54, 58, 177, 181, 181, 202, 49, 40, 39, 196, 205, 235, 241, 53;
 6, 146, 243, 155, 114, 227, 187, 192, 30, 71, 81, 243, 76, 222, 236, 108, 255, 25, 147, 151, 183, 150, 45, 247, 5, 86, 186, 198, 149, 135, 165, 245;
 213, 192, 238, 197, 150, 22, 233, 19, 112, 199, 206, 22, 81, 35, 58, 98, 121, 196, 59, 172, 144, 181, 181, 66, 127, 47, 199, 68, 167, 240, 248, 96;
 183, 121, 232, 144, 206, 61, 253, 220, 81, 244, 84, 143, 1, 204, 255, 15, 126, 200, 183, 247, 207, 114, 255, 192, 22, 24, 207, 172, 255, 253, 114, 212;
 157, 68, 99, 172, 29, 2, 199, 127, 213, 132, 242, 86, 207, 201, 49, 197, 120, 224, 15, 253, 233, 167, 20, 202, 185, 230, 6, 92, 127, 188, 240, 32;
 27, 17, 174, 179, 134, 208, 56, 20, 62, 81, 71, 179, 157, 222, 234, 232, 102, 155, 191, 149, 151, 212, 7, 192, 214, 97, 190, 193, 165, 80, 169, 83;
 146, 222, 111, 220, 78, 135, 237, 244, 156, 86, 208, 87, 52, 207, 52, 99, 232, 96, 27, 239, 224, 237, 50, 255, 117, 10, 218, 10, 53, 152, 117, 234;
 175, 68, 102, 92, 118, 51, 235, 88, 93, 70, 117, 150, 73, 72, 191, 109, 127, 168, 23, 174, 165, 182, 52, 206, 86, 90, 193, 132, 127, 253, 112, 212;
 135, 20, 238, 149, 230, 98, 189, 3, 188, 219, 215, 183, 212, 63, 183, 75, 231, 53, 63, 133, 49, 213, 35, 192, 70, 42, 250, 130, 140, 225, 177, 211;
 78, 27, 96, 224, 229, 156, 120, 16, 173, 148, 30, 135, 143, 207, 119, 206, 238, 177, 159, 213, 158, 48, 112, 224, 207, 217, 142, 235, 182, 135, 45, 83;
 48, 234, 92, 201, 110, 139, 161, 114, 70, 188, 114, 234, 23, 1, 192, 81, 34, 172, 102, 90, 64, 250, 197, 52, 84, 160, 97, 225, 117, 137, 67, 131]