[80, 156, 23, 68, 112, 242, 107, 178, 33, 233, 170, 96, 48, 55, 133, 246, 225, 214, 124, 200, 11, 27, 177, 125, 27, 238, 162, 130, 131, 67, 102, 63;
 30, 81, 119, 72, 202, 111, 181, 216, 172, 216, 56, 231, 28, 223, 109, 155, 174, 25, 243, 115, 17, 163, 18, 80, 81, 0, 99, 206, 217, 51, 167, 179;
 173, 253, 117, 83, 59, 219, 131, 164, 248, 74, 48, 60, 122, 85, 141, 181, 130, 116, 68, 126, 97, 164, 253, 63, 39, 250, 37, 2, 75, 19, 67, 247;
 21, 123, 217, 233, 178, 46, 109, 159, 38, 41, 122, 102, 151, 51, 201, 122, 119, 93, 29, 24, 147, 144, 129, 64, 228, 172, 38, 132, 172, 242, 161, 33;
 11, 122, 235, 7, 114, 255, 191, 214, 126, 78, 126, 239, 61, 140, 183, 32, 62, 57, 151, 197, 135, 180, 36, 122, 100, 13, 58, 128, 77, 214, 15, 217;
 164, 249, 241, 87, 98, 72, 179, 244, 121, 232, 53, 56, 126, 85, 204, 55, 34, 124, 85, 90, 113, 254, 232, 110, 109, 24, 37, 234, 103, 177, 70, 227;
 230, 223, 206, 86, 232, 8, 183, 236, 186, 190, 60, 189, 224, 244, 239, 87, 215, 118, 228, 102, 240, 111, 170, 110, 60, 54, 103, 190, 204, 123, 215, 253;
 28, 38, 171, 161, 134, 38, 173, 87, 52, 199, 90, 147, 213, 47, 88, 72, 119, 79, 17, 189, 144, 144, 161, 194, 225, 167, 190, 132, 165, 242, 181, 224;
 146, 219, 151, 242, 131, 196, 53, 181, 181, 29, 210, 179, 100, 151, 40, 76, 101, 179, 175, 208, 123, 157, 51, 247, 185, 162, 222, 195, 176, 16, 165, 123;
 171, 53, 44, 27, 253, 240, 137, 221, 218, 93, 212, 21, 184, 204, 223, 165, 88, 10, 147, 189, 183, 234, 126, 205, 111, 25, 174, 249, 223, 12, 222, 220;
 22, 183, 253, 179, 242, 122, 59, 11, 56, 245, 29, 187, 213, 127, 202, 59, 183, 31, 213, 49, 55, 216, 236, 38, 238, 199, 191, 247, 164, 65, 135, 243;
 70, 12, 171, 191, 194, 98, 189, 67, 56, 199, 89, 131, 221, 239, 49, 75, 103, 61, 51, 149, 17, 208, 134, 200, 69, 38, 235, 137, 133, 98, 181, 240;
 150, 114, 254, 208, 230, 11, 180, 216, 223, 176, 18, 239, 70, 200, 237, 11, 183, 89, 143, 113, 198, 245, 14, 208, 30, 0, 101, 183, 253, 185, 85, 135;
 13, 47, 214, 31, 242, 176, 42, 24, 120, 142, 85, 228, 237, 227, 155, 207, 86, 106, 6, 94, 182, 216, 238, 104, 70, 59, 50, 136, 174, 225, 41, 141;
 103, 171, 133, 151, 237, 157, 104, 188, 143, 249, 2, 77, 228, 97, 91, 199, 165, 102, 251, 93, 151, 72, 219, 241, 46, 90, 197, 126, 138, 159, 88, 76;
 43, 240, 233, 91, 100, 213, 173, 221, 94, 103, 85, 150, 185, 220, 254, 40, 31, 9, 19, 143, 195, 118, 254, 211, 69, 29, 191, 172, 93, 154, 211, 248;
 57, 184, 145, 94, 117, 95, 67, 186, 83, 227, 36, 24, 242, 112, 194, 181, 25, 106, 20, 104, 45, 122, 120, 191, 171, 223, 85, 58, 250, 168, 90, 174;
 67, 179, 170, 152, 171, 148, 120, 71, 175, 93, 93, 53, 140, 222, 254, 80, 230, 11, 63, 149, 214, 9, 162, 209, 218, 124, 158, 235, 16, 6, 189, 215;
 132, 151, 74, 193, 242, 137, 121, 51, 164, 4, 126, 247, 145, 131, 226, 64, 119, 40, 7, 188, 178, 152, 68, 78, 110, 4, 167, 204, 237, 160, 96, 145;
 102, 210, 232, 168, 110, 36, 186, 216, 10, 85, 81, 239, 81, 236, 95, 74, 223, 89, 51, 247, 151, 2, 222, 209, 92, 47, 235, 236, 157, 51, 59, 211;
 29, 42, 171, 65, 21, 218, 96, 80, 69, 204, 214, 6, 3, 8, 243, 236, 120, 168, 134, 249, 159, 188, 37, 138, 158, 77, 160, 65, 239, 173, 124, 228;
 202, 192, 116, 235, 45, 145, 152, 141, 207, 51, 149, 179, 205, 93, 252, 236, 207, 17, 255, 21, 198, 37, 107, 151, 7, 95, 152, 223, 87, 142, 148, 103;
 22, 105, 130, 154, 159, 197, 155, 65, 142, 128, 193, 135, 164, 204, 119, 64, 216, 105, 27, 215, 18, 171, 26, 253, 185, 4, 138, 74, 156, 43, 177, 150;
 131, 188, 39, 83, 160, 207, 172, 119, 188, 250, 178, 69, 156, 28, 20, 33, 173, 49, 95, 253, 225, 237, 24, 124, 105, 26, 127, 244, 73, 0, 3, 185;
 237, 48, 209, 48, 74, 105, 21, 202, 112, 246, 160, 189, 91, 180, 195, 59, 63, 222, 224, 34, 45, 114, 255, 0, 144, 128, 113, 60, 235, 241, 6, 88;
 23, 61, 235, 167, 182, 226, 175, 83, 132, 196, 219, 167, 209, 238, 177, 98, 126, 255, 29, 191, 153, 145, 36, 202, 224, 173, 175, 128, 173, 227, 181, 241;
 255, 126, 127, 117, 102, 59, 251, 146, 233, 230, 190, 255, 91, 125, 151, 63, 174, 245, 221, 126, 172, 229, 37, 238, 214, 219, 101, 144, 231, 253, 66, 117;
 95, 163, 164, 21, 129, 28, 173, 39, 171, 117, 143, 148, 200, 98, 222, 254, 167, 7, 249, 157, 209, 73, 191, 192, 137, 127, 222, 212, 142, 198, 171, 116;
 41, 76, 47, 181, 96, 238, 109, 102, 32, 198, 106, 0, 51, 55, 51, 57, 200, 171, 23, 141, 8, 152, 32, 44, 229, 207, 254, 1, 224, 240, 118, 232;
 207, 164, 32, 56, 221, 237, 201, 234, 223, 89, 36, 25, 158, 249, 123, 45, 153, 130, 83, 61, 55, 110, 26, 223, 93, 30, 5, 108, 218, 76, 115, 6;
 226, 88, 185, 216, 109, 209, 80, 138, 95, 85, 100, 29, 166, 140, 119, 124, 210, 136, 167, 80, 14, 14, 243, 241, 135, 124, 16, 123, 150, 157, 84, 94;
 6, 22, 159, 248, 186, 225, 153, 155, 142, 29, 156, 245, 132, 247, 168, 72, 199, 19, 223, 16, 19, 9, 98, 211, 193, 54, 186, 223, 148, 65, 165, 243;
 25, 143, 11, 238, 20, 134, 79, 113, 132, 8, 223, 66, 113, 227, 176, 64, 124, 162, 31, 172, 249, 155, 32, 223, 240, 237, 171, 192, 53, 170, 176, 33;
 223, 227, 67, 136, 211, 150, 110, 241, 49, 37, 68, 222, 9, 198, 174, 181, 54, 205, 146, 254, 255, 147, 164, 215, 186, 104, 142, 238, 39, 135, 163, 244;
 223, 124, 39, 52, 75, 93, 13, 216, 176, 214, 164, 12, 94, 214, 75, 187, 181, 213, 120, 238, 197, 71, 186, 96, 209, 11, 65, 60, 107, 53, 3, 242;
 137, 193, 116, 104, 175, 17, 220, 191, 94, 18, 180, 16, 217, 59, 60, 97, 91, 18, 58, 234, 112, 45, 15, 247, 99, 219, 86, 93, 119, 136, 225, 40;
 147, 253, 46, 160, 154, 6, 159, 239, 172, 212, 142, 135, 157, 46, 51, 3, 166, 115, 89, 245, 244, 201, 29, 124, 249, 195, 143, 132, 172, 84, 169, 90;
 151, 114, 107, 160, 230, 129, 171, 216, 190, 252, 19, 247, 93, 207, 251, 11, 63, 137, 223, 255, 226, 87, 142, 208, 92, 9, 175, 172, 173, 149, 51, 241;
 246, 124, 107, 172, 106, 96, 27, 200, 169, 200, 248, 233, 60, 223, 101, 82, 238, 185, 87, 230, 75, 7, 146, 89, 113, 8, 171, 172, 61, 115, 34, 179;
 134, 126, 170, 161, 238, 65, 191, 195, 174, 246, 154, 183, 140, 142, 119, 10, 175, 77, 219, 183, 196, 85, 150, 194, 116, 16, 143, 175, 141, 116, 181, 211;
 10, 231, 231, 95, 112, 38, 107, 254, 58, 165, 110, 132, 105, 231, 173, 212, 55, 126, 161, 236, 160, 217, 187, 127, 107, 191, 197, 132, 130, 240, 71, 248;
 99, 147, 122, 10, 123, 217, 48, 73, 207, 93, 125, 45, 14, 200, 238, 80, 166, 139, 134, 20, 150, 43, 174, 81, 26, 61, 48, 255, 216, 14, 205, 87;
 3, 225, 232, 137, 3, 148, 61, 205, 47, 85, 76, 135, 44, 206, 126, 116, 118, 139, 155, 197, 198, 24, 182, 241, 55, 28, 158, 239, 62, 150, 169, 220;
 68, 248, 159, 247, 1, 196, 63, 176, 174, 19, 3, 0, 252, 247, 72, 87, 165, 115, 249, 210, 67, 77, 186, 117, 201, 242, 223, 74, 0, 3, 5, 122;
 9, 31, 46, 101, 244, 102, 227, 115, 68, 5, 126, 34, 113, 57, 176, 32, 120, 42, 18, 169, 180, 186, 37, 14, 111, 15, 160, 0, 199, 203, 244, 226;
 139, 173, 179, 223, 85, 213, 242, 234, 95, 201, 76, 2, 188, 248, 119, 224, 217, 107, 19, 77, 55, 186, 122, 251, 47, 93, 143, 43, 146, 72, 49, 238;
 89, 149, 14, 171, 180, 6, 94, 183, 37, 73, 223, 7, 255, 43, 58, 64, 228, 135, 61, 173, 92, 153, 81, 141, 251, 229, 174, 193, 60, 202, 184, 90;
 109, 54, 250, 96, 230, 126, 121, 146, 123, 238, 62, 175, 91, 29, 215, 62, 55, 212, 245, 125, 133, 244, 181, 202, 94, 95, 117, 167, 239, 245, 78, 127;
 76, 192, 153, 229, 38, 13, 111, 191, 62, 51, 11, 26, 215, 55, 72, 64, 55, 21, 59, 46, 65, 16, 185, 19, 245, 207, 111, 36, 52, 250, 129, 96;
 172, 105, 186, 218, 207, 211, 159, 197, 94, 194, 84, 50, 61, 220, 33, 168, 202, 121, 147, 211, 99, 247, 98, 170, 97, 199, 158, 11, 150, 56, 189, 162;
 137, 63, 145, 255, 180, 44, 73, 158, 26, 155, 80, 100, 183, 55, 201, 125, 86, 90, 21, 88, 179, 220, 243, 43, 236, 248, 182, 168, 182, 209, 32, 169;
 10, 145, 30, 219, 163, 249, 48, 35, 141, 25, 111, 34, 174, 55, 164, 236, 230, 50, 174, 0, 21, 152, 19, 237, 143, 247, 80, 67, 154, 78, 141, 31;
 163, 145, 21, 202, 252, 135, 152, 205, 31, 25, 241, 250, 212, 88, 60, 33, 222, 27, 23, 113, 187, 43, 72, 93, 40, 24, 41, 254, 84, 10, 208, 137;
 150, 205, 14, 90, 137, 180, 205, 232, 165, 22, 229, 4, 234, 199, 63, 157, 76, 162, 233, 238, 104, 67, 122, 253, 163, 250, 194, 10, 91, 119, 234, 116;
 94, 216, 182, 212, 43, 54, 156, 65, 169, 127, 151, 51, 76, 190, 38, 222, 237, 245, 253, 163, 236, 199, 152, 194, 83, 127, 219, 151, 131, 116, 175, 87;
 143, 185, 104, 97, 246, 255, 187, 250, 94, 108, 92, 146, 153, 29, 214, 160, 63, 27, 151, 255, 146, 56, 62, 215, 79, 79, 171, 237, 247, 141, 221, 227;
 186, 37, 99, 236, 20, 230, 239, 113, 133, 200, 223, 163, 89, 223, 188, 64, 124, 241, 31, 239, 233, 131, 32, 207, 179, 237, 170, 136, 39, 175, 244, 242;
 100, 84, 245, 204, 154, 78, 23, 63, 141, 131, 238, 138, 215, 119, 40, 118, 87, 240, 123, 40, 81, 12, 115, 14, 111, 174, 69, 24, 178, 250, 132, 112;
 95, 218, 244, 215, 11, 212, 90, 178, 171, 223, 158, 102, 236, 118, 199, 246, 231, 245, 188, 144, 207, 76, 251, 227, 159, 246, 223, 223, 170, 36, 13, 95;
 151, 184, 104, 177, 22, 133, 185, 218, 30, 125, 84, 151, 157, 157, 82, 8, 63, 9, 55, 221, 150, 92, 149, 243, 205, 9, 187, 228, 61, 137, 49, 211;
 203, 88, 251, 116, 35, 208, 190, 182, 253, 202, 86, 161, 189, 159, 247, 238, 167, 117, 189, 207, 197, 157, 182, 226, 66, 255, 122, 139, 46, 181, 45, 127;
 239, 91, 126, 94, 109, 20, 92, 57, 217, 28, 245, 45, 120, 223, 191, 243, 214, 17, 191, 110, 224, 71, 234, 201, 115, 123, 230, 155, 22, 182, 234, 115;
 180, 104, 169, 105, 84, 102, 195, 200, 82, 19, 240, 18, 19, 217, 121, 40, 89, 216, 18, 251, 10, 182, 123, 51, 81, 175, 163, 108, 241, 57, 118, 226;
 202, 123, 97, 172, 110, 1, 155, 216, 142, 180, 144, 239, 45, 156, 113, 131, 110, 217, 155, 227, 194, 67, 206, 249, 21, 0, 139, 190, 21, 61, 53, 249;
 248, 181, 29, 99, 169, 109, 81, 55, 45, 29, 164, 24, 182, 23, 72, 91, 192, 18, 77, 24, 58, 9, 241, 21, 221, 153, 80, 120, 144, 0, 198, 106;
 67, 138, 173, 146, 72, 164, 185, 10, 139, 215, 138, 151, 160, 238, 87, 74, 229, 163, 249, 149, 142, 78, 255, 241, 79, 62, 219, 136, 132, 69, 53, 92;
 7, 66, 231, 65, 228, 18, 109, 63, 117, 230, 218, 196, 73, 10, 150, 252, 91, 132, 126, 188, 221, 212, 101, 206, 46, 62, 231, 196, 167, 164, 240, 100;
 118, 187, 173, 223, 185, 218, 66, 185, 159, 189, 5, 104, 98, 247, 204, 222, 145, 126, 237, 82, 90, 72, 235, 181, 143, 247, 149, 255, 176, 35, 220, 103;
 224, 221, 63, 248, 77, 199, 68, 230, 213, 112, 224, 9, 83, 185, 36, 81, 200, 230, 51, 104, 105, 59, 82, 189, 115, 250, 197, 126, 80, 56, 116, 170;
 70, 0, 255, 156, 234, 224, 185, 3, 232, 215, 235, 145, 212, 238, 39, 90, 199, 101, 43, 149, 20, 199, 182, 64, 93, 62, 222, 75, 132, 96, 165, 66;
 158, 134, 101, 249, 170, 82, 125, 168, 133, 118, 22, 178, 201, 111, 156, 239, 103, 213, 189, 227, 240, 212, 111, 245, 70, 251, 251, 197, 55, 245, 164, 161;
 15, 179, 233, 41, 246, 35, 191, 219, 94, 127, 93, 247, 217, 108, 222, 40, 63, 11, 23, 191, 151, 50, 125, 83, 76, 13, 171, 236, 221, 231, 179, 209;
 156, 223, 86, 91, 155, 183, 166, 237, 236, 22, 173, 70, 233, 194, 45, 135, 175, 51, 202, 242, 227, 161, 58, 127, 35, 203, 7, 78, 91, 83, 235, 164;
 35, 231, 96, 73, 245, 249, 167, 207, 95, 109, 124, 55, 8, 140, 191, 228, 249, 10, 134, 60, 183, 56, 44, 215, 46, 92, 150, 231, 215, 94, 221, 221;
 181, 189, 241, 91, 157, 125, 86, 191, 83, 234, 172, 24, 114, 112, 77, 52, 153, 202, 84, 58, 255, 106, 248, 63, 235, 222, 5, 126, 250, 248, 210, 46;
 40, 100, 127, 65, 116, 235, 227, 32, 96, 36, 127, 40, 211, 49, 156, 49, 24, 48, 68, 106, 56, 176, 101, 46, 101, 155, 96, 81, 66, 139, 70, 232;
 127, 51, 98, 72, 243, 214, 122, 81, 33, 196, 125, 175, 9, 206, 182, 244, 62, 189, 151, 181, 149, 154, 180, 220, 26, 125, 137, 239, 175, 167, 174, 213;
 7, 84, 18, 137, 182, 167, 184, 71, 31, 193, 74, 183, 140, 206, 39, 72, 255, 59, 147, 53, 150, 176, 16, 222, 46, 20, 142, 66, 156, 79, 185, 214;
 84, 30, 95, 176, 186, 235, 19, 2, 172, 252, 187, 173, 215, 230, 161, 89, 183, 181, 110, 49, 45, 129, 0, 92, 152, 128, 43, 214, 252, 97, 5, 83;
 83, 192, 227, 139, 83, 118, 184, 204, 47, 65, 210, 135, 9, 14, 190, 252, 119, 141, 179, 149, 151, 151, 53, 244, 22, 110, 154, 198, 173, 23, 179, 220;
 31, 127, 238, 27, 147, 183, 186, 84, 239, 69, 253, 215, 9, 200, 55, 140, 174, 171, 214, 215, 149, 177, 28, 242, 34, 117, 138, 195, 207, 215, 171, 213;
 222, 182, 210, 214, 55, 144, 122, 17, 191, 129, 223, 246, 236, 242, 172, 228, 246, 189, 188, 144, 159, 205, 130, 203, 138, 244, 170, 203, 174, 166, 56, 5;
 41, 155, 115, 79, 116, 157, 235, 112, 111, 73, 116, 100, 56, 221, 188, 52, 126, 184, 22, 76, 131, 184, 36, 245, 71, 60, 32, 192, 87, 143, 82, 253;
 167, 122, 233, 7, 102, 19, 175, 144, 90, 234, 85, 238, 145, 12, 215, 174, 94, 108, 55, 223, 197, 86, 237, 226, 6, 13, 239, 164, 237, 247, 91, 245;
 98, 145, 133, 187, 217, 165, 201, 143, 158, 29, 232, 29, 164, 238, 72, 91, 201, 11, 107, 149, 26, 74, 210, 113, 141, 48, 154, 122, 208, 64, 135, 122;
 72, 155, 147, 120, 240, 172, 120, 87, 62, 25, 122, 117, 141, 167, 161, 216, 167, 59, 135, 16, 147, 152, 16, 81, 158, 245, 58, 202, 216, 64, 167, 185;
 40, 37, 123, 113, 244, 235, 71, 103, 113, 135, 100, 40, 243, 49, 145, 61, 24, 250, 70, 106, 120, 254, 96, 46, 101, 159, 116, 33, 194, 217, 198, 232;
 221, 238, 107, 192, 126, 145, 235, 250, 82, 228, 148, 238, 25, 143, 211, 32, 54, 220, 95, 253, 227, 95, 165, 222, 120, 9, 175, 236, 39, 129, 23, 113;
 35, 221, 90, 222, 124, 149, 155, 246, 158, 5, 92, 167, 188, 218, 167, 96, 206, 123, 147, 192, 134, 138, 86, 255, 102, 61, 138, 139, 28, 152, 56, 155;
 79, 191, 208, 7, 178, 152, 58, 144, 59, 77, 63, 237, 205, 195, 206, 212, 22, 111, 205, 92, 151, 8, 205, 234, 238, 61, 38, 200, 174, 134, 139, 25;
 29, 135, 78, 170, 182, 179, 111, 115, 84, 195, 223, 214, 81, 227, 186, 96, 127, 162, 30, 188, 189, 155, 5, 158, 250, 239, 166, 196, 189, 202, 248, 0;
 105, 165, 59, 112, 213, 238, 113, 115, 240, 195, 173, 24, 51, 181, 80, 49, 193, 142, 83, 56, 49, 235, 240, 31, 239, 159, 144, 113, 194, 136, 214, 234;
 43, 27, 123, 76, 114, 54, 187, 210, 124, 77, 126, 172, 24, 54, 167, 180, 126, 223, 150, 124, 145, 186, 36, 98, 82, 61, 34, 128, 215, 199, 39, 253;
 94, 56, 186, 180, 35, 244, 153, 82, 185, 198, 214, 167, 44, 190, 119, 239, 230, 247, 189, 147, 140, 199, 182, 232, 147, 115, 218, 139, 167, 117, 63, 87;
 25, 124, 151, 224, 47, 115, 212, 246, 109, 162, 158, 106, 159, 49, 145, 174, 35, 52, 223, 9, 1, 175, 21, 202, 187, 223, 94, 210, 238, 188, 57, 40;
 15, 23, 197, 143, 186, 114, 79, 59, 133, 67, 223, 230, 125, 103, 187, 228, 118, 130, 158, 174, 225, 129, 111, 207, 54, 126, 98, 128, 190, 238, 168, 117;
 100, 88, 249, 90, 234, 217, 87, 133, 202, 190, 37, 40, 50, 213, 69, 120, 131, 184, 234, 82, 2, 39, 234, 50, 127, 143, 53, 59, 208, 59, 70, 43;
 55, 105, 239, 16, 205, 215, 206, 196, 197, 216, 176, 3, 82, 216, 119, 171, 216, 224, 91, 255, 205, 227, 60, 224, 59, 26, 197, 31, 77, 123, 248, 70;
 84, 220, 190, 183, 162, 202, 55, 183, 180, 23, 78, 177, 247, 119, 10, 91, 103, 119, 45, 86, 112, 216, 75, 39, 237, 167, 118, 64, 160, 240, 133, 123;
 17, 92, 221, 165, 18, 191, 122, 19, 7, 225, 79, 199, 215, 7, 35, 196, 102, 44, 155, 60, 13, 144, 81, 158, 230, 199, 0, 16, 190, 218, 9, 88;
 7, 252, 232, 3, 246, 189, 186, 214, 95, 97, 92, 239, 185, 44, 214, 164, 63, 75, 146, 221, 135, 56, 124, 243, 46, 93, 31, 226, 207, 223, 155, 221;
 26, 5, 34, 128, 149, 243, 178, 198, 197, 197, 222, 3, 8, 174, 39, 196, 249, 170, 138, 177, 30, 187, 32, 254, 187, 85, 134, 71, 151, 93, 188, 222;
 122, 207, 110, 96, 246, 218, 127, 119, 41, 69, 126, 163, 11, 13, 182, 82, 106, 182, 151, 117, 220, 186, 36, 238, 126, 111, 134, 65, 39, 134, 254, 122;
 19, 36, 170, 164, 86, 242, 184, 97, 168, 195, 219, 131, 124, 254, 62, 96, 255, 173, 19, 165, 148, 147, 150, 207, 19, 47, 155, 137, 5, 34, 59, 194;
 24, 22, 122, 249, 98, 98, 125, 83, 53, 14, 117, 179, 93, 63, 162, 121, 55, 185, 151, 162, 160, 144, 40, 223, 199, 255, 114, 133, 183, 240, 167, 243;
 93, 222, 208, 70, 213, 92, 99, 182, 99, 79, 110, 110, 42, 51, 198, 246, 97, 206, 164, 152, 159, 26, 185, 226, 63, 253, 148, 203, 170, 199, 236, 127;
 37, 6, 109, 81, 236, 47, 73, 154, 87, 254, 51, 221, 67, 44, 223, 59, 221, 196, 36, 62, 184, 244, 109, 20, 79, 26, 241, 244, 245, 233, 84, 116;
 156, 65, 46, 168, 148, 6, 93, 117, 148, 140, 211, 147, 211, 15, 48, 67, 124, 181, 29, 243, 248, 133, 17, 14, 241, 235, 234, 196, 37, 169, 240, 16;
 139, 36, 99, 33, 179, 59, 169, 71, 125, 103, 90, 151, 141, 12, 146, 165, 47, 15, 146, 133, 245, 188, 53, 194, 164, 112, 26, 194, 111, 196, 131, 252;
 92, 204, 140, 183, 4, 100, 126, 178, 164, 50, 146, 19, 223, 127, 25, 75, 227, 213, 61, 195, 44, 213, 25, 225, 209, 227, 235, 133, 164, 113, 41, 66;
 23, 88, 142, 185, 22, 163, 184, 82, 28, 129, 82, 247, 213, 218, 51, 73, 126, 185, 31, 145, 180, 252, 21, 204, 200, 6, 186, 192, 189, 9, 49, 147;
 217, 68, 36, 191, 45, 80, 212, 190, 197, 222, 214, 183, 233, 12, 147, 239, 72, 96, 253, 231, 236, 77, 119, 175, 227, 115, 214, 153, 38, 148, 124, 94;
 47, 164, 232, 225, 245, 63, 250, 222, 23, 229, 60, 143, 217, 125, 223, 40, 31, 74, 23, 189, 158, 176, 125, 146, 78, 221, 165, 229, 239, 223, 90, 215;
 111, 51, 250, 65, 246, 126, 255, 86, 123, 239, 126, 175, 89, 189, 215, 60, 55, 254, 151, 157, 149, 242, 164, 194, 79, 221, 53, 164, 231, 255, 87, 253;
 70, 147, 29, 171, 186, 161, 25, 152, 142, 93, 153, 245, 212, 167, 234, 67, 199, 19, 255, 84, 147, 9, 107, 245, 204, 17, 170, 222, 156, 131, 165, 115;
 235, 116, 106, 247, 116, 184, 248, 22, 249, 192, 126, 179, 185, 157, 215, 160, 46, 59, 245, 93, 231, 188, 230, 163, 102, 249, 186, 129, 111, 148, 90, 217;
 191, 183, 45, 169, 188, 111, 201, 27, 6, 93, 157, 247, 147, 76, 154, 3, 221, 3, 221, 181, 191, 96, 127, 151, 236, 65, 175, 244, 253, 78, 220, 240;
 29, 132, 206, 232, 148, 183, 107, 120, 84, 193, 223, 86, 81, 233, 186, 97, 125, 160, 30, 188, 188, 183, 29, 14, 218, 207, 163, 196, 189, 171, 120, 0;
 125, 223, 233, 44, 206, 71, 207, 189, 71, 238, 28, 111, 81, 233, 251, 64, 17, 196, 53, 239, 205, 34, 253, 19, 98, 47, 165, 188, 63, 246, 220, 83;
 252, 133, 60, 104, 149, 251, 196, 171, 69, 29, 239, 26, 75, 121, 60, 193, 121, 146, 172, 168, 120, 58, 11, 23, 251, 203, 199, 77, 115, 74, 252, 34;
 27, 55, 227, 79, 114, 117, 187, 92, 101, 76, 252, 231, 41, 206, 191, 180, 126, 187, 151, 253, 143, 146, 36, 235, 114, 125, 170, 139, 255, 215, 111, 253;
 84, 20, 159, 165, 162, 102, 61, 23, 44, 243, 10, 243, 221, 55, 9, 75, 39, 87, 61, 160, 49, 212, 17, 64, 197, 162, 254, 132, 164, 240, 165, 113;
 184, 167, 234, 231, 21, 210, 91, 113, 49, 141, 213, 19, 57, 93, 26, 16, 120, 189, 149, 185, 58, 222, 232, 143, 235, 237, 170, 193, 39, 134, 254, 226;
 102, 116, 253, 196, 254, 102, 159, 190, 75, 235, 28, 110, 84, 125, 157, 63, 87, 212, 21, 161, 177, 82, 249, 94, 125, 62, 237, 254, 172, 243, 214, 243;
 93, 73, 27, 168, 199, 249, 111, 80, 77, 68, 127, 10, 223, 193, 251, 164, 50, 169, 134, 111, 21, 49, 164, 128, 245, 193, 33, 41, 119, 255, 141, 96;
 186, 83, 87, 204, 62, 130, 223, 121, 133, 4, 215, 230, 111, 199, 168, 196, 126, 244, 191, 106, 200, 163, 55, 143, 240, 224, 138, 154, 55, 174, 116, 113;
 11, 252, 55, 118, 36, 197, 173, 116, 172, 202, 19, 76, 252, 95, 16, 161, 143, 51, 127, 143, 193, 237, 27, 125, 13, 26, 255, 128, 76, 3, 19, 185;
 43, 177, 247, 77, 125, 158, 232, 125, 111, 193, 113, 70, 104, 216, 188, 164, 248, 40, 146, 44, 151, 186, 55, 221, 63, 124, 3, 78, 95, 142, 123, 180;
 13, 159, 12, 161, 176, 63, 175, 179, 6, 124, 63, 228, 223, 37, 130, 228, 23, 14, 134, 46, 149, 184, 109, 149, 236, 221, 35, 244, 94, 239, 137, 241;
 3, 59, 171, 177, 166, 183, 184, 86, 30, 245, 82, 231, 141, 140, 87, 169, 191, 59, 147, 213, 134, 240, 61, 208, 13, 91, 159, 198, 133, 92, 61, 221;
 152, 68, 110, 102, 18, 251, 255, 55, 52, 166, 159, 155, 123, 13, 146, 33, 62, 179, 221, 174, 104, 173, 37, 191, 243, 203, 48, 145, 103, 221, 132, 122;
 139, 215, 117, 207, 190, 23, 159, 253, 143, 123, 93, 246, 220, 125, 188, 164, 134, 19, 159, 39, 227, 49, 109, 215, 102, 92, 46, 182, 30, 254, 145, 245;
 60, 113, 185, 226, 172, 69, 151, 221, 2, 233, 157, 34, 49, 223, 201, 40, 89, 90, 149, 243, 75, 3, 248, 176, 227, 197, 173, 191, 189, 211, 182, 243;
 58, 235, 226, 135, 87, 145, 234, 196, 87, 5, 93, 162, 105, 200, 222, 132, 120, 235, 151, 217, 142, 184, 12, 253, 62, 77, 174, 161, 231, 158, 253, 140;
 247, 255, 100, 78, 63, 148, 154, 232, 233, 72, 249, 99, 104, 90, 156, 183, 230, 83, 213, 227, 230, 7, 204, 245, 50, 120, 138, 218, 15, 7, 251, 135;
 151, 114, 106, 160, 68, 7, 233, 216, 182, 242, 150, 215, 17, 137, 243, 11, 127, 205, 23, 255, 203, 247, 150, 194, 220, 8, 175, 172, 45, 177, 49, 240;
 194, 210, 41, 187, 8, 196, 57, 61, 166, 95, 149, 247, 164, 199, 106, 66, 225, 19, 175, 128, 66, 15, 235, 83, 205, 167, 186, 207, 16, 2, 165, 123;
 178, 211, 116, 218, 55, 219, 156, 229, 159, 125, 145, 191, 76, 92, 62, 133, 158, 145, 151, 225, 230, 49, 8, 221, 50, 88, 73, 183, 87, 30, 141, 223;
 130, 151, 116, 217, 191, 163, 153, 103, 157, 125, 217, 183, 204, 28, 182, 5, 142, 51, 159, 33, 178, 185, 45, 213, 40, 90, 138, 215, 20, 12, 149, 247;
 104, 148, 117, 250, 253, 205, 86, 33, 207, 9, 105, 24, 114, 93, 44, 112, 200, 50, 75, 50, 115, 34, 90, 61, 111, 223, 4, 122, 88, 10, 192, 50;
 35, 129, 172, 25, 217, 229, 185, 75, 14, 23, 105, 19, 16, 62, 62, 72, 233, 131, 51, 149, 22, 58, 51, 85, 93, 14, 154, 69, 209, 64, 229, 194;
 87, 36, 174, 148, 143, 100, 61, 97, 169, 206, 143, 11, 68, 254, 110, 106, 161, 245, 121, 183, 84, 67, 178, 192, 155, 34, 223, 219, 132, 99, 177, 71;
 130, 181, 107, 154, 242, 224, 121, 75, 59, 85, 73, 149, 148, 238, 126, 80, 246, 11, 23, 149, 182, 24, 178, 87, 109, 24, 138, 235, 148, 0, 183, 243;
 49, 187, 170, 163, 176, 166, 187, 135, 50, 37, 74, 163, 145, 190, 98, 64, 223, 95, 49, 209, 158, 154, 137, 162, 236, 165, 190, 196, 132, 67, 177, 202;
 215, 65, 106, 136, 194, 198, 254, 197, 166, 65, 223, 147, 81, 222, 62, 120, 254, 141, 19, 247, 222, 147, 158, 192, 115, 45, 174, 205, 53, 86, 187, 214;
 133, 199, 125, 27, 162, 107, 173, 254, 116, 87, 116, 181, 211, 37, 186, 13, 63, 74, 2, 238, 243, 184, 63, 117, 100, 171, 118, 68, 253, 209, 167, 248;
 45, 222, 45, 122, 185, 247, 94, 190, 148, 95, 189, 84, 211, 110, 187, 121, 205, 210, 206, 174, 255, 33, 121, 63, 111, 223, 244, 213, 250, 115, 206, 115;
 219, 94, 164, 247, 33, 20, 92, 55, 177, 202, 150, 117, 187, 55, 130, 119, 196, 244, 189, 140, 236, 206, 225, 235, 227, 251, 246, 146, 34, 180, 36, 127;
 38, 33, 170, 172, 205, 101, 180, 201, 14, 22, 65, 3, 236, 252, 121, 10, 249, 219, 179, 231, 22, 99, 154, 225, 87, 55, 219, 45, 209, 107, 53, 146;
 43, 123, 244, 37, 227, 26, 60, 62, 99, 234, 124, 231, 11, 46, 199, 190, 62, 237, 132, 198, 205, 208, 229, 200, 38, 121, 101, 167, 111, 246, 14, 253;
 60, 76, 53, 233, 157, 99, 193, 218, 86, 55, 168, 2, 147, 17, 17, 40, 73, 208, 8, 249, 10, 164, 81, 30, 233, 198, 161, 84, 241, 121, 116, 162;
 86, 29, 151, 164, 138, 4, 22, 187, 162, 154, 138, 77, 86, 246, 97, 82, 245, 213, 109, 231, 201, 67, 155, 64, 185, 166, 79, 62, 136, 114, 33, 59;
 95, 126, 251, 116, 50, 244, 122, 210, 233, 200, 94, 33, 60, 254, 247, 114, 166, 125, 189, 213, 141, 137, 162, 234, 179, 253, 10, 139, 134, 245, 39, 127;
 30, 122, 68, 233, 234, 146, 88, 214, 39, 57, 212, 226, 141, 23, 209, 188, 78, 157, 151, 209, 27, 150, 65, 208, 134, 83, 250, 231, 182, 149, 187, 181;
 3, 236, 186, 191, 117, 245, 178, 238, 94, 65, 84, 2, 188, 216, 99, 33, 217, 107, 19, 17, 39, 250, 122, 253, 111, 23, 154, 43, 16, 9, 121, 202;
 108, 121, 249, 120, 235, 217, 183, 3, 234, 174, 36, 40, 63, 159, 69, 58, 131, 59, 195, 18, 66, 46, 250, 59, 119, 205, 37, 57, 211, 120, 199, 251;
 217, 149, 30, 173, 55, 208, 120, 59, 37, 89, 219, 51, 255, 63, 42, 225, 226, 131, 189, 161, 126, 152, 1, 223, 250, 225, 234, 197, 62, 140, 184, 91;
 64, 248, 184, 120, 72, 233, 113, 134, 186, 31, 36, 24, 182, 215, 64, 90, 129, 58, 105, 24, 2, 78, 178, 51, 199, 159, 80, 41, 208, 80, 70, 234;
 47, 60, 234, 218, 243, 244, 185, 214, 51, 205, 252, 167, 56, 127, 167, 60, 255, 187, 151, 148, 158, 154, 50, 238, 95, 95, 186, 203, 147, 197, 46, 255;
 41, 224, 173, 93, 60, 95, 189, 91, 94, 123, 21, 16, 153, 221, 254, 40, 159, 24, 83, 15, 227, 228, 108, 147, 71, 93, 59, 181, 215, 184, 215, 225;
 108, 54, 123, 68, 42, 110, 23, 184, 96, 46, 189, 232, 83, 119, 141, 60, 23, 84, 229, 34, 192, 129, 235, 30, 65, 166, 97, 180, 99, 243, 70, 227;
 155, 110, 104, 225, 54, 183, 91, 210, 87, 230, 214, 130, 27, 15, 215, 97, 126, 237, 21, 206, 232, 252, 245, 190, 219, 201, 161, 229, 39, 141, 124, 121;
 27, 42, 46, 22, 7, 215, 184, 103, 204, 220, 150, 135, 105, 204, 54, 167, 172, 163, 243, 133, 197, 239, 54, 236, 27, 67, 90, 203, 79, 12, 45, 221;
 96, 220, 117, 76, 27, 102, 19, 190, 107, 97, 170, 128, 243, 55, 4, 118, 70, 86, 248, 16, 11, 139, 241, 47, 43, 236, 2, 92, 160, 195, 100, 56;
 36, 118, 250, 100, 74, 47, 83, 88, 161, 174, 45, 237, 71, 71, 75, 18, 31, 212, 69, 34, 136, 163, 154, 9, 67, 135, 33, 181, 96, 243, 6, 179;
 201, 243, 254, 242, 102, 16, 120, 188, 51, 253, 86, 167, 93, 150, 238, 123, 247, 215, 189, 220, 206, 94, 175, 193, 222, 235, 246, 205, 38, 132, 44, 93;
 41, 225, 172, 79, 60, 29, 227, 156, 66, 248, 36, 12, 243, 17, 218, 34, 0, 76, 120, 94, 199, 120, 251, 49, 79, 201, 33, 116, 82, 138, 88, 204;
 85, 212, 181, 77, 27, 79, 69, 61, 71, 235, 175, 72, 91, 55, 164, 118, 53, 149, 124, 56, 83, 13, 49, 31, 255, 238, 53, 84, 249, 34, 133, 49;
 194, 147, 23, 216, 170, 196, 48, 119, 189, 89, 211, 240, 156, 150, 236, 229, 198, 27, 190, 144, 215, 75, 163, 213, 26, 144, 126, 202, 26, 128, 165, 53;
 221, 121, 61, 76, 201, 94, 79, 185, 224, 210, 164, 76, 92, 87, 19, 59, 164, 197, 120, 238, 225, 71, 243, 78, 241, 43, 69, 28, 74, 53, 107, 113;
 177, 23, 31, 232, 180, 135, 75, 113, 212, 8, 219, 102, 81, 209, 184, 64, 88, 162, 30, 233, 249, 187, 80, 159, 241, 237, 162, 192, 60, 138, 240, 33;
 5, 124, 221, 251, 182, 14, 93, 190, 29, 152, 108, 64, 183, 23, 193, 125, 87, 90, 28, 56, 115, 216, 115, 44, 237, 186, 116, 80, 178, 208, 0, 41;
 71, 149, 197, 204, 91, 54, 106, 122, 31, 65, 239, 198, 105, 102, 182, 230, 118, 192, 186, 172, 183, 9, 55, 207, 30, 126, 131, 132, 191, 237, 41, 84;
 205, 137, 209, 245, 196, 79, 109, 27, 50, 51, 99, 26, 151, 55, 80, 239, 51, 158, 50, 10, 113, 112, 185, 16, 229, 233, 71, 36, 178, 248, 129, 160;
 53, 255, 233, 45, 246, 34, 159, 216, 90, 114, 121, 215, 209, 109, 88, 9, 127, 93, 17, 103, 179, 112, 221, 51, 100, 44, 175, 252, 253, 251, 211, 208;
 253, 101, 232, 74, 205, 125, 199, 152, 67, 246, 189, 10, 83, 125, 95, 47, 217, 192, 93, 127, 205, 35, 255, 178, 123, 89, 133, 125, 247, 255, 222, 102;
 59, 220, 64, 172, 87, 157, 154, 238, 25, 100, 120, 143, 47, 12, 54, 213, 14, 235, 147, 101, 231, 58, 84, 189, 54, 123, 24, 122, 127, 141, 88, 220;
 13, 43, 204, 157, 108, 56, 232, 154, 106, 95, 92, 230, 169, 98, 155, 206, 102, 74, 6, 252, 134, 80, 175, 121, 70, 46, 227, 164, 191, 241, 105, 205;
 150, 123, 233, 165, 170, 11, 157, 248, 11, 254, 16, 239, 13, 13, 215, 10, 46, 85, 247, 199, 209, 87, 167, 224, 208, 66, 109, 190, 117, 253, 7, 241;
 191, 252, 233, 169, 190, 38, 155, 218, 18, 112, 144, 135, 151, 13, 83, 11, 95, 77, 21, 247, 191, 70, 221, 50, 232, 193, 171, 252, 189, 189, 51, 208;
 176, 221, 109, 77, 94, 67, 199, 250, 18, 226, 244, 143, 83, 61, 21, 49, 89, 212, 211, 232, 105, 62, 117, 31, 119, 15, 197, 61, 127, 249, 86, 250;
 46, 198, 102, 65, 213, 39, 224, 205, 69, 33, 251, 67, 72, 137, 61, 200, 249, 132, 51, 176, 128, 182, 25, 212, 127, 30, 150, 69, 215, 218, 248, 130;
 40, 180, 245, 85, 207, 251, 101, 111, 99, 55, 108, 40, 50, 117, 132, 189, 25, 186, 194, 0, 26, 250, 115, 21, 55, 142, 80, 35, 227, 88, 198, 166;
 215, 187, 101, 232, 170, 6, 94, 57, 33, 26, 145, 243, 25, 31, 192, 114, 103, 149, 61, 254, 220, 6, 207, 196, 218, 232, 239, 206, 53, 163, 160, 55;
 93, 50, 138, 48, 152, 116, 91, 18, 177, 197, 135, 157, 19, 167, 91, 122, 68, 213, 249, 213, 158, 83, 247, 2, 219, 229, 154, 9, 160, 209, 62, 82;
 208, 243, 159, 188, 56, 192, 19, 57, 166, 132, 143, 169, 245, 247, 232, 82, 150, 117, 109, 192, 72, 69, 139, 31, 249, 183, 45, 154, 0, 162, 37, 115;
 35, 237, 108, 84, 141, 228, 206, 39, 193, 202, 152, 1, 50, 253, 86, 34, 201, 226, 85, 143, 205, 170, 210, 205, 99, 28, 197, 24, 77, 122, 240, 94;
 151, 9, 130, 218, 149, 247, 78, 195, 151, 65, 198, 18, 10, 242, 55, 236, 233, 234, 186, 220, 31, 137, 58, 243, 155, 94, 151, 87, 154, 125, 168, 86;
 222, 63, 103, 68, 226, 82, 190, 232, 169, 242, 179, 235, 77, 239, 221, 147, 54, 213, 213, 227, 224, 87, 140, 232, 114, 65, 109, 167, 103, 247, 167, 145;
 53, 68, 107, 64, 87, 127, 75, 68, 89, 228, 44, 138, 83, 102, 255, 48, 93, 172, 18, 252, 173, 178, 116, 158, 59, 205, 5, 52, 241, 250, 66, 236;
 239, 115, 226, 94, 234, 152, 124, 29, 249, 205, 117, 253, 72, 196, 254, 255, 86, 44, 166, 28, 213, 210, 230, 192, 46, 57, 100, 202, 142, 174, 206, 213;
 156, 210, 38, 178, 45, 213, 219, 248, 212, 254, 151, 126, 235, 220, 250, 39, 157, 193, 253, 227, 237, 231, 107, 183, 218, 211, 251, 219, 31, 13, 253, 119;
 41, 127, 171, 181, 52, 238, 111, 22, 128, 236, 90, 237, 179, 45, 19, 10, 4, 110, 149, 69, 173, 216, 244, 42, 228, 197, 184, 144, 172, 221, 22, 217;
 251, 155, 124, 76, 238, 20, 95, 57, 203, 124, 245, 46, 62, 31, 182, 115, 198, 245, 181, 110, 208, 75, 235, 253, 243, 249, 105, 189, 31, 173, 204, 113;
 227, 129, 42, 10, 205, 20, 252, 237, 237, 29, 247, 19, 104, 168, 62, 76, 232, 131, 163, 231, 222, 43, 134, 225, 114, 56, 218, 203, 215, 23, 251, 206;
 26, 252, 97, 147, 23, 135, 137, 84, 31, 224, 2, 199, 172, 13, 80, 197, 127, 61, 155, 29, 163, 221, 93, 223, 140, 20, 155, 54, 63, 140, 17, 120;
 111, 62, 255, 214, 228, 61, 255, 178, 233, 254, 63, 239, 91, 173, 215, 63, 175, 247, 247, 126, 149, 112, 174, 232, 94, 91, 117, 174, 239, 255, 68, 117;
 155, 67, 202, 165, 50, 2, 111, 93, 52, 197, 86, 231, 109, 135, 162, 196, 54, 205, 135, 236, 201, 148, 5, 74, 240, 229, 170, 128, 47, 166, 41, 217;
 41, 217, 67, 130, 85, 221, 103, 244, 5, 104, 126, 78, 58, 21, 42, 244, 56, 136, 134, 238, 201, 50, 60, 245, 55, 28, 128, 96, 59, 158, 216, 252;
 157, 133, 110, 225, 148, 54, 104, 185, 117, 123, 215, 18, 91, 59, 58, 97, 121, 134, 63, 173, 189, 249, 29, 159, 219, 235, 243, 196, 191, 169, 248, 0;
 74, 151, 49, 172, 39, 80, 60, 63, 31, 14, 219, 226, 173, 190, 160, 228, 246, 183, 191, 131, 212, 9, 36, 221, 180, 246, 250, 155, 22, 6, 165, 109;
 191, 222, 100, 63, 187, 55, 94, 186, 245, 90, 188, 245, 107, 127, 159, 247, 127, 225, 221, 167, 236, 4, 79, 191, 242, 255, 101, 151, 255, 245, 106, 87;
 250, 11, 72, 188, 127, 240, 88, 27, 151, 77, 94, 183, 45, 239, 51, 69, 194, 43, 151, 149, 62, 10, 71, 157, 214, 113, 170, 139, 182, 12, 60, 91;
 101, 156, 37, 126, 232, 109, 119, 186, 143, 122, 56, 109, 215, 126, 169, 115, 221, 115, 119, 38, 229, 34, 122, 63, 47, 223, 229, 190, 248, 123, 68, 119;
 136, 9, 62, 187, 61, 231, 147, 64, 222, 1, 197, 18, 255, 218, 43, 41, 216, 59, 155, 67, 46, 225, 122, 191, 195, 215, 154, 19, 144, 11, 53, 202;
 3, 76, 228, 151, 36, 178, 237, 38, 173, 86, 219, 183, 225, 44, 150, 47, 106, 102, 127, 143, 228, 212, 103, 237, 4, 58, 218, 128, 13, 213, 121, 196;
 86, 8, 181, 181, 172, 104, 121, 10, 175, 150, 154, 50, 223, 126, 65, 74, 227, 245, 125, 131, 8, 69, 171, 194, 197, 246, 235, 134, 148, 113, 53, 66;
 9, 228, 149, 207, 32, 78, 105, 175, 111, 49, 111, 16, 255, 23, 136, 118, 3, 92, 56, 26, 67, 220, 249, 33, 143, 250, 84, 20, 146, 194, 193, 40;
 167, 77, 229, 213, 141, 119, 207, 174, 86, 242, 138, 86, 208, 124, 221, 175, 89, 70, 123, 255, 233, 100, 127, 240, 45, 26, 207, 52, 159, 125, 208, 244;
 13, 249, 23, 214, 110, 133, 174, 180, 236, 89, 83, 108, 252, 209, 136, 167, 134, 115, 126, 75, 193, 228, 27, 245, 4, 26, 122, 138, 78, 147, 147, 177;
 204, 17, 129, 172, 221, 100, 167, 91, 26, 201, 72, 95, 53, 247, 104, 74, 240, 95, 51, 209, 19, 19, 146, 34, 93, 164, 174, 40, 153, 97, 181, 50;
 150, 92, 79, 201, 14, 38, 172, 106, 4, 146, 194, 198, 16, 63, 53, 111, 105, 20, 59, 175, 105, 135, 23, 204, 16, 34, 219, 132, 61, 113, 56, 152;
 182, 215, 102, 208, 167, 87, 220, 105, 141, 126, 147, 191, 76, 93, 62, 135, 175, 145, 215, 227, 252, 229, 30, 221, 51, 88, 205, 215, 119, 172, 188, 215;
 171, 91, 67, 212, 100, 151, 110, 246, 29, 74, 118, 254, 56, 36, 183, 189, 222, 170, 150, 78, 229, 186, 36, 239, 54, 30, 240, 130, 95, 220, 248, 253;
 191, 129, 233, 92, 203, 84, 237, 200, 94, 86, 116, 18, 25, 222, 126, 123, 120, 201, 51, 202, 82, 103, 178, 193, 87, 41, 211, 45, 113, 97, 230, 226;
 7, 169, 192, 5, 244, 18, 238, 136, 123, 225, 90, 199, 201, 106, 213, 172, 63, 77, 55, 221, 151, 48, 141, 194, 12, 94, 143, 132, 207, 247, 91, 148;
 150, 238, 108, 83, 82, 155, 254, 240, 61, 54, 115, 231, 105, 78, 159, 25, 46, 177, 199, 230, 228, 245, 45, 253, 38, 74, 193, 195, 111, 135, 47, 213;
 72, 157, 127, 98, 114, 238, 55, 176, 233, 232, 63, 96, 94, 119, 225, 116, 167, 54, 124, 106, 129, 1, 56, 63, 227, 221, 33, 142, 66, 243, 103, 59;
 11, 114, 185, 66, 114, 81, 185, 220, 74, 221, 149, 238, 184, 220, 223, 40, 190, 217, 151, 211, 135, 98, 254, 225, 94, 1, 254, 171, 141, 83, 47, 221;
 54, 123, 233, 161, 190, 15, 159, 148, 11, 252, 152, 239, 159, 13, 211, 10, 142, 221, 93, 85, 139, 0, 228, 160, 244, 20, 47, 182, 172, 255, 149, 113;
 75, 62, 110, 137, 95, 182, 184, 2, 45, 85, 78, 135, 137, 14, 150, 253, 102, 133, 154, 180, 151, 218, 117, 221, 30, 127, 154, 70, 141, 133, 41, 212;
 1, 42, 192, 143, 124, 50, 234, 144, 110, 105, 92, 229, 161, 162, 247, 206, 111, 108, 46, 220, 134, 24, 207, 113, 4, 60, 187, 164, 158, 247, 121, 205;
 39, 206, 140, 189, 140, 54, 140, 191, 150, 191, 144, 215, 193, 104, 95, 11, 205, 71, 253, 167, 188, 101, 79, 160, 232, 67, 255, 149, 157, 125, 152, 84;
 31, 157, 53, 58, 187, 181, 222, 190, 127, 90, 184, 101, 254, 126, 187, 165, 223, 67, 157, 63, 255, 41, 127, 255, 234, 223, 111, 222, 218, 245, 33, 87;
 88, 21, 62, 231, 51, 110, 121, 180, 173, 85, 79, 135, 255, 63, 11, 83, 102, 215, 253, 225, 9, 208, 155, 237, 247, 227, 234, 128, 174, 147, 37, 123;
 27, 46, 106, 247, 52, 184, 248, 22, 253, 66, 86, 162, 171, 205, 151, 169, 190, 187, 157, 73, 174, 240, 164, 237, 194, 249, 186, 137, 102, 221, 90, 77;
 23, 120, 239, 179, 198, 79, 237, 214, 238, 251, 30, 199, 157, 28, 87, 42, 47, 109, 95, 221, 133, 245, 181, 224, 69, 13, 191, 164, 237, 243, 59, 240;
 92, 115, 179, 160, 199, 96, 183, 87, 162, 133, 75, 115, 20, 255, 104, 74, 242, 95, 49, 209, 16, 211, 178, 194, 89, 165, 175, 79, 165, 113, 181, 227;
 236, 156, 21, 249, 125, 205, 82, 186, 207, 17, 32, 88, 215, 81, 40, 113, 129, 48, 106, 96, 115, 44, 82, 55, 237, 218, 1, 126, 88, 9, 192, 178;
 151, 165, 107, 176, 210, 70, 239, 243, 180, 118, 219, 147, 17, 190, 126, 97, 127, 141, 19, 183, 250, 151, 28, 74, 125, 8, 175, 132, 53, 96, 179, 210;
 21, 24, 130, 177, 148, 166, 169, 86, 20, 201, 82, 215, 213, 11, 49, 72, 127, 173, 63, 157, 185, 156, 17, 222, 204, 166, 186, 192, 188, 137, 49, 16;
 254, 239, 102, 174, 174, 48, 222, 232, 233, 18, 153, 187, 111, 72, 158, 145, 170, 195, 221, 231, 254, 39, 12, 255, 178, 113, 202, 155, 47, 215, 186, 7;
 113, 213, 57, 79, 27, 238, 67, 148, 67, 105, 175, 8, 115, 23, 13, 116, 80, 150, 88, 56, 11, 19, 249, 63, 181, 188, 0, 20, 161, 90, 68, 122;
 7, 155, 71, 211, 241, 183, 40, 212, 175, 113, 70, 228, 140, 6, 183, 220, 231, 33, 155, 157, 147, 152, 57, 245, 14, 94, 154, 198, 158, 135, 25, 117;
 51, 59, 228, 5, 35, 30, 238, 55, 105, 224, 254, 231, 171, 46, 214, 182, 174, 239, 245, 207, 205, 216, 245, 200, 38, 125, 141, 146, 111, 246, 218, 221;
 75, 252, 87, 86, 67, 91, 166, 188, 105, 98, 126, 106, 120, 120, 157, 181, 51, 214, 118, 235, 197, 116, 159, 125, 54, 30, 69, 134, 111, 246, 75, 173;
 118, 120, 254, 116, 11, 122, 17, 70, 227, 246, 172, 40, 19, 191, 67, 59, 42, 244, 249, 128, 12, 81, 166, 0, 211, 241, 85, 51, 226, 241, 14, 254;
 84, 233, 153, 83, 155, 200, 99, 172, 34, 25, 162, 64, 52, 243, 200, 242, 33, 222, 108, 218, 66, 73, 171, 113, 61, 172, 53, 237, 32, 2, 36, 41;
 146, 209, 58, 232, 246, 211, 191, 229, 143, 205, 94, 35, 52, 222, 46, 96, 252, 59, 151, 209, 222, 155, 32, 254, 123, 213, 174, 203, 20, 10, 180, 255;
 231, 108, 173, 69, 204, 119, 237, 152, 82, 242, 134, 150, 209, 100, 223, 47, 89, 68, 123, 191, 249, 212, 255, 10, 109, 10, 229, 180, 205, 253, 208, 244;
 107, 162, 240, 247, 102, 16, 120, 53, 115, 33, 99, 243, 73, 139, 220, 120, 87, 159, 53, 143, 198, 210, 204, 193, 78, 249, 218, 236, 38, 132, 226, 136;
 60, 125, 243, 66, 208, 237, 107, 208, 35, 229, 237, 140, 91, 151, 205, 20, 61, 216, 66, 218, 155, 146, 184, 100, 125, 140, 5, 100, 235, 211, 102, 240;
 123, 105, 224, 69, 197, 86, 205, 119, 91, 226, 150, 142, 104, 60, 215, 244, 126, 238, 151, 239, 205, 243, 245, 200, 55, 126, 223, 179, 111, 254, 250, 124;
 221, 34, 238, 114, 169, 124, 123, 136, 243, 223, 39, 25, 75, 239, 95, 223, 177, 68, 232, 126, 182, 69, 174, 162, 91, 249, 69, 125, 130, 245, 238, 70;
 180, 94, 53, 169, 173, 63, 212, 187, 85, 254, 148, 125, 135, 29, 83, 47, 205, 20, 125, 35, 237, 100, 115, 158, 195, 211, 239, 214, 126, 124, 84, 87;
 55, 149, 119, 224, 242, 15, 189, 255, 141, 121, 156, 255, 93, 253, 188, 37, 63, 19, 215, 165, 241, 169, 60, 221, 115, 10, 109, 246, 127, 254, 181, 241;
 63, 181, 32, 169, 173, 223, 95, 189, 87, 127, 29, 189, 223, 28, 218, 161, 157, 6, 189, 63, 223, 56, 109, 151, 235, 87, 173, 245, 54, 142, 220, 115;
 211, 83, 146, 135, 50, 138, 56, 17, 173, 236, 83, 229, 140, 134, 135, 212, 166, 61, 237, 197, 197, 153, 133, 202, 148, 52, 42, 130, 12, 38, 43, 93;
 155, 149, 63, 80, 161, 31, 124, 245, 191, 123, 54, 85, 78, 29, 190, 103, 165, 4, 253, 108, 245, 221, 57, 215, 251, 219, 101, 246, 82, 172, 204, 119;
 191, 61, 118, 225, 245, 191, 250, 210, 251, 248, 56, 107, 14, 188, 85, 161, 175, 95, 213, 113, 182, 249, 40, 252, 139, 216, 13, 231, 199, 197, 91, 143;
 152, 15, 14, 167, 20, 2, 78, 113, 36, 128, 211, 3, 243, 11, 32, 67, 104, 198, 12, 227, 124, 201, 1, 44, 248, 227, 238, 17, 37, 0, 184, 2;
 77, 118, 241, 68, 112, 31, 48, 18, 121, 235, 126, 236, 222, 124, 205, 191, 23, 212, 230, 48, 165, 116, 247, 72, 14, 120, 101, 162, 206, 245, 2, 181;
 58, 179, 225, 110, 57, 85, 218, 89, 39, 77, 253, 165, 234, 207, 158, 180, 222, 155, 213, 197, 223, 131, 107, 217, 227, 221, 170, 155, 115, 134, 238, 255;
 86, 144, 172, 180, 138, 96, 157, 138, 134, 247, 130, 159, 197, 110, 91, 75, 225, 213, 249, 179, 60, 67, 251, 16, 217, 67, 223, 191, 180, 121, 53, 82;
 232, 176, 25, 115, 233, 77, 117, 189, 120, 55, 37, 24, 214, 23, 72, 59, 147, 20, 104, 56, 115, 118, 251, 19, 221, 139, 84, 126, 64, 0, 199, 226;
 68, 147, 150, 224, 168, 34, 69, 191, 36, 63, 158, 116, 198, 35, 136, 94, 197, 214, 108, 176, 24, 201, 65, 32, 248, 166, 246, 198, 136, 241, 164, 51;
 15, 233, 108, 161, 159, 243, 95, 134, 135, 180, 142, 131, 157, 15, 19, 170, 75, 212, 219, 255, 26, 0, 125, 180, 239, 79, 141, 213, 182, 255, 156, 96;
 78, 62, 177, 84, 104, 108, 57, 26, 169, 206, 46, 237, 158, 55, 197, 63, 134, 85, 253, 36, 161, 68, 179, 72, 71, 184, 69, 142, 202, 228, 7, 113;
 163, 31, 108, 25, 222, 155, 184, 71, 95, 197, 116, 183, 41, 8, 183, 76, 110, 43, 130, 149, 182, 188, 103, 222, 46, 8, 18, 139, 253, 140, 205, 221;
 135, 185, 171, 179, 166, 149, 190, 193, 94, 221, 83, 151, 172, 204, 95, 168, 190, 123, 147, 215, 215, 248, 63, 224, 13, 24, 158, 130, 205, 69, 177, 223;
 2, 157, 17, 201, 251, 117, 184, 238, 143, 57, 24, 234, 140, 54, 228, 230, 231, 27, 159, 176, 17, 10, 106, 220, 61, 20, 30, 238, 150, 70, 135, 189;
 102, 28, 126, 240, 236, 187, 252, 3, 141, 162, 191, 187, 141, 10, 150, 91, 207, 181, 255, 167, 180, 181, 68, 222, 102, 91, 235, 147, 5, 201, 137, 67;
 184, 143, 249, 254, 123, 201, 83, 202, 147, 13, 180, 185, 46, 247, 32, 80, 214, 251, 207, 64, 58, 11, 96, 187, 243, 245, 0, 59, 178, 232, 6, 123;
 103, 51, 232, 12, 250, 24, 186, 120, 233, 204, 124, 239, 8, 206, 183, 246, 118, 225, 150, 244, 151, 2, 166, 204, 30, 61, 35, 202, 191, 175, 75, 213;
 78, 166, 232, 170, 223, 32, 155, 138, 2, 87, 157, 191, 73, 237, 90, 72, 119, 203, 235, 183, 22, 3, 207, 147, 90, 101, 43, 253, 183, 207, 189, 83;
 105, 129, 168, 170, 221, 85, 91, 141, 134, 85, 140, 13, 168, 239, 122, 66, 200, 74, 234, 156, 30, 11, 242, 177, 239, 221, 150, 57, 154, 78, 136, 218;
 98, 171, 103, 92, 205, 249, 164, 230, 233, 21, 248, 234, 40, 168, 133, 191, 200, 230, 226, 128, 149, 123, 230, 237, 31, 58, 80, 107, 195, 94, 254, 236;
 212, 234, 252, 65, 110, 41, 185, 202, 78, 63, 18, 251, 9, 12, 215, 42, 47, 213, 238, 145, 134, 116, 167, 83, 86, 6, 123, 165, 229, 249, 37, 67;
 67, 71, 113, 206, 174, 24, 238, 189, 77, 66, 24, 230, 237, 106, 189, 236, 118, 99, 191, 239, 197, 1, 15, 219, 182, 126, 126, 152, 30, 214, 169, 29;
 195, 0, 149, 190, 111, 13, 188, 45, 143, 18, 145, 26, 252, 123, 41, 91, 231, 147, 127, 163, 64, 7, 91, 211, 149, 50, 90, 58, 21, 114, 161, 11;
 29, 21, 150, 181, 199, 59, 165, 83, 84, 182, 95, 22, 221, 49, 179, 175, 123, 174, 146, 168, 61, 240, 53, 140, 134, 195, 255, 5, 239, 253, 153, 128;
 186, 83, 115, 74, 19, 211, 178, 64, 109, 76, 253, 238, 43, 156, 173, 180, 190, 153, 198, 227, 207, 163, 36, 238, 49, 220, 2, 11, 113, 7, 111, 253;
 96, 47, 30, 101, 160, 174, 116, 55, 169, 12, 106, 73, 167, 35, 1, 18, 166, 55, 109, 4, 0, 169, 0, 12, 231, 244, 100, 17, 64, 208, 198, 11;
 71, 141, 229, 5, 140, 38, 141, 190, 70, 243, 138, 198, 208, 36, 213, 47, 77, 70, 122, 189, 145, 104, 255, 200, 13, 30, 223, 52, 141, 250, 208, 116;
 220, 139, 12, 191, 4, 10, 76, 176, 52, 18, 146, 83, 215, 67, 16, 75, 96, 197, 125, 227, 105, 197, 67, 175, 208, 227, 234, 128, 44, 161, 56, 0;
 52, 30, 55, 240, 189, 239, 149, 199, 221, 190, 178, 49, 102, 253, 45, 9, 217, 51, 79, 48, 34, 231, 0, 190, 249, 214, 117, 19, 208, 89, 229, 43;
 28, 73, 42, 169, 141, 231, 223, 232, 20, 204, 222, 3, 223, 223, 59, 104, 248, 217, 191, 243, 28, 161, 59, 166, 203, 199, 175, 85, 181, 127, 53, 194;
 43, 94, 226, 93, 118, 155, 186, 242, 93, 74, 126, 231, 56, 188, 183, 236, 254, 106, 150, 12, 197, 190, 36, 235, 38, 127, 186, 130, 95, 252, 120, 221;
 77, 253, 147, 178, 233, 100, 127, 136, 170, 91, 8, 40, 220, 215, 105, 250, 147, 83, 59, 218, 83, 67, 154, 225, 117, 185, 239, 174, 142, 115, 171, 163;
 194, 223, 183, 222, 126, 128, 188, 181, 137, 31, 82, 231, 172, 190, 188, 67, 230, 119, 63, 193, 227, 9, 130, 233, 52, 48, 250, 138, 28, 16, 161, 25;
 126, 83, 98, 104, 214, 22, 239, 253, 33, 196, 124, 207, 89, 13, 183, 148, 62, 141, 149, 253, 217, 50, 53, 220, 123, 109, 143, 204, 239, 182, 254, 121;
 147, 149, 103, 200, 222, 71, 173, 125, 13, 233, 156, 210, 89, 61, 188, 36, 61, 151, 95, 173, 209, 139, 33, 222, 121, 30, 239, 212, 31, 168, 177, 177;
 2, 180, 183, 192, 203, 214, 152, 103, 173, 223, 154, 35, 12, 190, 38, 102, 239, 179, 219, 145, 145, 139, 50, 196, 27, 86, 222, 203, 143, 70, 165, 127;
 142, 202, 133, 211, 141, 156, 104, 176, 143, 181, 6, 131, 225, 231, 93, 198, 69, 98, 179, 220, 70, 92, 235, 177, 15, 122, 207, 192, 134, 174, 84, 108;
 88, 10, 146, 188, 173, 48, 24, 10, 154, 186, 154, 0, 175, 226, 97, 234, 195, 103, 172, 133, 12, 67, 138, 130, 152, 245, 123, 61, 144, 116, 41, 13;
 127, 141, 133, 181, 141, 119, 196, 175, 206, 250, 130, 95, 210, 120, 87, 235, 201, 70, 120, 63, 253, 105, 223, 168, 169, 91, 223, 54, 156, 124, 216, 28;
 7, 177, 171, 163, 228, 100, 187, 220, 78, 89, 88, 135, 188, 252, 92, 43, 254, 75, 51, 213, 151, 248, 158, 225, 77, 24, 238, 236, 141, 95, 177, 219;
 126, 164, 240, 40, 11, 61, 81, 202, 91, 119, 173, 29, 42, 252, 94, 28, 159, 139, 229, 21, 158, 111, 254, 147, 155, 95, 17, 127, 247, 79, 78, 70;
 223, 153, 244, 183, 143, 202, 177, 169, 154, 240, 7, 163, 125, 252, 107, 99, 55, 119, 177, 17, 167, 80, 191, 185, 73, 67, 111, 198, 175, 110, 17, 83;
 92, 65, 126, 238, 3, 76, 127, 188, 161, 80, 207, 3, 127, 119, 11, 91, 246, 213, 253, 254, 8, 81, 187, 237, 243, 235, 238, 1, 34, 151, 165, 122;
 110, 217, 229, 150, 119, 194, 71, 184, 155, 212, 0, 143, 100, 247, 41, 93, 83, 224, 51, 110, 42, 64, 26, 189, 217, 22, 205, 30, 182, 63, 20, 114;
 35, 16, 229, 215, 45, 119, 169, 30, 199, 234, 159, 102, 248, 54, 149, 174, 207, 119, 255, 139, 133, 68, 127, 200, 7, 30, 249, 146, 158, 127, 20, 253;
 124, 201, 108, 72, 205, 80, 86, 232, 65, 53, 44, 10, 73, 250, 124, 251, 232, 212, 163, 234, 92, 115, 139, 181, 95, 235, 197, 111, 179, 51, 252, 6;
 189, 177, 179, 115, 181, 223, 70, 184, 119, 107, 115, 80, 91, 240, 188, 244, 213, 252, 20, 106, 253, 246, 248, 178, 163, 255, 49, 102, 90, 145, 202, 37;
 160, 28, 125, 88, 239, 205, 181, 99, 216, 146, 112, 56, 126, 121, 36, 57, 203, 50, 82, 50, 113, 110, 114, 108, 95, 155, 84, 74, 89, 8, 103, 187;
 68, 138, 172, 181, 172, 43, 141, 171, 134, 255, 146, 179, 195, 44, 83, 11, 201, 71, 109, 149, 188, 72, 207, 0, 204, 3, 255, 181, 132, 232, 149, 64;
 103, 44, 165, 149, 141, 119, 205, 171, 210, 242, 134, 8, 208, 116, 215, 46, 73, 68, 121, 191, 217, 68, 255, 210, 13, 30, 223, 188, 133, 252, 80, 116;
 62, 37, 108, 233, 191, 119, 218, 152, 69, 177, 188, 131, 75, 125, 31, 163, 126, 211, 221, 241, 174, 227, 125, 221, 235, 219, 143, 215, 231, 255, 124, 86;
 194, 157, 113, 76, 250, 67, 159, 63, 12, 234, 184, 232, 220, 63, 165, 224, 223, 119, 255, 33, 241, 11, 121, 94, 61, 54, 239, 190, 92, 98, 5, 59;
 28, 236, 215, 247, 1, 72, 103, 160, 239, 55, 43, 16, 95, 83, 72, 246, 33, 212, 104, 74, 122, 212, 185, 163, 239, 220, 5, 100, 34, 179, 196, 32;
 109, 92, 33, 120, 221, 213, 199, 202, 203, 74, 184, 8, 186, 88, 53, 180, 201, 226, 218, 93, 203, 47, 114, 190, 51, 127, 132, 122, 219, 126, 82, 126;
 18, 96, 251, 254, 54, 192, 89, 140, 249, 133, 240, 130, 125, 127, 29, 112, 246, 249, 29, 241, 170, 227, 166, 207, 163, 253, 142, 139, 167, 150, 103, 41;
 11, 17, 138, 179, 180, 135, 235, 85, 22, 193, 83, 70, 221, 23, 57, 104, 121, 171, 55, 221, 155, 152, 17, 254, 204, 7, 190, 192, 188, 11, 177, 24;
 92, 85, 125, 234, 186, 100, 91, 184, 45, 196, 111, 165, 125, 87, 137, 112, 54, 87, 253, 250, 67, 1, 59, 109, 251, 237, 47, 136, 54, 211, 37, 121;
 93, 128, 252, 241, 135, 30, 106, 187, 119, 113, 87, 82, 219, 59, 26, 104, 115, 197, 61, 158, 159, 152, 93, 181, 223, 239, 251, 196, 182, 129, 216, 2;
 16, 77, 44, 169, 146, 35, 79, 63, 36, 228, 158, 131, 181, 15, 19, 64, 102, 131, 29, 175, 200, 129, 5, 60, 229, 133, 174, 144, 53, 208, 177, 74;
 94, 125, 173, 236, 238, 98, 151, 233, 130, 222, 152, 170, 92, 254, 233, 107, 231, 87, 253, 227, 73, 67, 171, 152, 185, 1, 239, 191, 52, 115, 53, 115;
 19, 41, 107, 236, 86, 132, 171, 212, 128, 1, 92, 199, 61, 207, 241, 32, 126, 249, 23, 223, 131, 155, 188, 233, 113, 13, 171, 168, 37, 151, 51, 249;
 181, 254, 92, 73, 246, 3, 93, 253, 93, 178, 116, 246, 25, 19, 229, 61, 127, 152, 22, 250, 227, 254, 77, 222, 126, 139, 103, 228, 127, 184, 233, 185;
 28, 5, 62, 251, 61, 247, 82, 232, 158, 12, 199, 2, 239, 223, 41, 72, 216, 115, 223, 115, 58, 161, 123, 191, 195, 247, 11, 83, 16, 11, 61, 2;
 94, 203, 238, 90, 135, 19, 125, 188, 183, 55, 118, 131, 73, 173, 63, 79, 107, 214, 255, 202, 202, 237, 47, 241, 91, 123, 213, 197, 247, 246, 116, 106;
 107, 97, 42, 138, 77, 214, 233, 65, 207, 197, 199, 7, 120, 142, 55, 120, 232, 165, 187, 213, 142, 131, 54, 252, 83, 125, 154, 1, 145, 14, 248, 94;
 23, 19, 234, 130, 194, 149, 127, 81, 45, 228, 223, 135, 41, 206, 127, 80, 126, 169, 147, 214, 220, 146, 52, 224, 118, 13, 142, 128, 63, 151, 172, 92;
 13, 81, 213, 205, 238, 68, 191, 157, 110, 90, 92, 100, 221, 215, 137, 164, 22, 89, 118, 106, 193, 48, 251, 209, 36, 190, 111, 142, 62, 243, 161, 177;
 25, 216, 254, 119, 199, 66, 181, 238, 118, 211, 94, 18, 92, 60, 92, 43, 171, 83, 51, 241, 181, 248, 63, 96, 111, 15, 126, 198, 173, 80, 161, 155;
 36, 149, 185, 236, 232, 78, 23, 251, 10, 234, 184, 108, 214, 245, 225, 114, 223, 125, 119, 99, 209, 171, 186, 90, 233, 189, 47, 182, 88, 122, 3, 241;
 195, 50, 107, 135, 50, 178, 185, 17, 172, 204, 95, 247, 189, 134, 150, 100, 38, 61, 255, 133, 133, 157, 165, 78, 20, 32, 58, 128, 44, 134, 35, 253;
 51, 37, 236, 133, 68, 82, 254, 103, 72, 228, 158, 11, 121, 60, 150, 34, 250, 231, 215, 207, 220, 251, 117, 200, 119, 109, 175, 145, 69, 126, 254, 222;
 111, 169, 173, 165, 140, 71, 207, 189, 2, 240, 142, 78, 211, 36, 83, 46, 93, 198, 121, 255, 217, 64, 255, 136, 237, 95, 207, 180, 140, 254, 80, 120;
 92, 179, 208, 97, 178, 90, 119, 21, 106, 173, 63, 96, 207, 18, 202, 240, 51, 22, 204, 120, 85, 152, 237, 0, 238, 229, 39, 199, 166, 162, 207, 33;
 7, 76, 79, 37, 98, 42, 174, 168, 44, 82, 83, 199, 221, 110, 159, 59, 55, 69, 115, 239, 165, 208, 29, 124, 4, 46, 251, 132, 77, 241, 11, 208;
 170, 54, 99, 182, 116, 235, 81, 112, 25, 238, 25, 237, 111, 77, 147, 9, 159, 58, 215, 39, 168, 245, 104, 142, 198, 214, 120, 178, 70, 238, 86, 123;
 195, 121, 43, 162, 62, 205, 185, 212, 142, 224, 28, 239, 191, 140, 211, 2, 166, 113, 223, 85, 199, 37, 190, 254, 200, 17, 47, 184, 12, 158, 29, 123;
 64, 58, 140, 253, 25, 206, 72, 24, 178, 184, 36, 76, 247, 227, 65, 83, 16, 108, 105, 232, 11, 64, 218, 29, 205, 179, 225, 60, 24, 32, 10, 18;
 190, 243, 227, 178, 243, 219, 186, 204, 27, 105, 115, 251, 108, 206, 252, 180, 190, 155, 151, 213, 227, 215, 8, 247, 62, 84, 141, 231, 167, 157, 143, 253;
 147, 193, 218, 130, 243, 147, 250, 69, 123, 161, 117, 51, 12, 154, 102, 144, 254, 189, 151, 145, 54, 187, 8, 222, 58, 29, 143, 199, 253, 6, 171, 143;
 63, 185, 104, 105, 59, 215, 91, 248, 135, 73, 188, 197, 155, 29, 54, 160, 206, 152, 223, 206, 159, 43, 124, 181, 235, 221, 160, 255, 127, 135, 126, 247;
 215, 135, 208, 142, 182, 16, 238, 253, 219, 66, 145, 214, 109, 234, 188, 231, 118, 231, 159, 239, 245, 5, 156, 219, 178, 56, 207, 152, 31, 182, 169, 21;
 138, 220, 36, 223, 43, 89, 181, 254, 157, 222, 148, 160, 236, 92, 175, 175, 207, 114, 255, 98, 231, 197, 110, 191, 135, 83, 222, 147, 30, 124, 29, 255;
 99, 129, 53, 160, 108, 15, 92, 171, 207, 56, 26, 107, 198, 184, 244, 34, 135, 149, 95, 37, 212, 41, 69, 157, 190, 92, 77, 246, 52, 168, 16, 7;
 203, 68, 231, 5, 102, 122, 237, 35, 121, 66, 83, 210, 221, 46, 150, 127, 54, 69, 117, 175, 245, 212, 165, 194, 68, 58, 250, 128, 46, 245, 211, 100;
 189, 119, 122, 42, 119, 29, 222, 248, 113, 72, 245, 237, 123, 221, 58, 177, 62, 137, 150, 239, 239, 38, 60, 159, 242, 205, 33, 172, 127, 183, 106, 209;
 141, 239, 92, 187, 252, 185, 190, 245, 202, 26, 25, 233, 252, 72, 155, 162, 135, 67, 214, 119, 247, 32, 78, 247, 44, 17, 46, 245, 156, 223, 155, 137;
 202, 184, 188, 179, 139, 132, 185, 150, 170, 189, 134, 19, 156, 191, 74, 74, 167, 87, 121, 209, 50, 93, 219, 227, 221, 51, 223, 247, 128, 0, 133, 11;
 91, 28, 135, 156, 45, 112, 132, 74, 158, 206, 158, 22, 238, 236, 183, 142, 201, 102, 236, 5, 13, 101, 179, 138, 144, 87, 219, 155, 143, 124, 61, 116;
 83, 146, 114, 84, 99, 159, 112, 51, 237, 122, 55, 89, 14, 156, 54, 116, 167, 53, 191, 12, 212, 61, 161, 215, 19, 126, 80, 134, 82, 44, 193, 95;
 229, 20, 13, 255, 197, 38, 103, 51, 84, 74, 235, 84, 210, 113, 56, 105, 217, 134, 58, 46, 185, 182, 113, 38, 229, 170, 194, 64, 152, 105, 240, 32;
 19, 88, 155, 189, 98, 196, 189, 119, 30, 74, 82, 231, 53, 151, 33, 72, 118, 63, 51, 133, 193, 152, 147, 73, 85, 38, 254, 128, 28, 112, 33, 249;
 103, 245, 37, 80, 201, 221, 101, 216, 235, 252, 172, 8, 24, 212, 93, 183, 141, 210, 251, 254, 211, 99, 250, 208, 63, 24, 69, 126, 195, 118, 86, 117;
 214, 97, 255, 245, 15, 248, 185, 202, 235, 208, 26, 130, 221, 220, 85, 42, 163, 117, 125, 209, 134, 97, 175, 193, 221, 120, 143, 207, 37, 33, 55, 102;
 210, 198, 183, 244, 30, 66, 29, 47, 19, 243, 130, 219, 223, 45, 16, 107, 23, 213, 253, 161, 168, 207, 173, 156, 201, 50, 221, 21, 165, 160, 181, 120;
 124, 205, 126, 236, 21, 70, 95, 248, 37, 12, 238, 2, 91, 87, 42, 82, 112, 212, 253, 250, 72, 3, 185, 175, 243, 237, 167, 13, 34, 243, 236, 98;
 133, 33, 139, 137, 212, 165, 235, 76, 30, 1, 95, 18, 208, 243, 248, 96, 120, 106, 51, 221, 19, 144, 2, 226, 108, 13, 175, 200, 148, 219, 176, 160;
 45, 208, 236, 97, 173, 31, 79, 185, 71, 127, 117, 92, 211, 41, 94, 173, 217, 12, 23, 63, 217, 60, 121, 150, 79, 223, 213, 116, 219, 174, 216, 240;
 238, 202, 148, 214, 53, 158, 75, 184, 155, 157, 5, 69, 110, 227, 108, 212, 145, 106, 181, 92, 34, 68, 10, 191, 138, 222, 69, 246, 154, 174, 80, 37;
 43, 87, 225, 206, 118, 53, 223, 94, 67, 73, 252, 230, 121, 111, 188, 180, 94, 218, 151, 172, 139, 58, 116, 253, 55, 124, 178, 136, 127, 222, 246, 253;
 210, 215, 170, 144, 189, 80, 148, 7, 223, 253, 158, 191, 138, 174, 246, 198, 225, 231, 189, 149, 252, 79, 229, 194, 187, 115, 223, 251, 132, 124, 189, 95;
 0, 206, 159, 124, 162, 107, 181, 103, 188, 158, 245, 176, 190, 247, 32, 41, 159, 123, 134, 2, 96, 231, 34, 106, 225, 151, 118, 139, 80, 112, 167, 179;
 165, 77, 100, 79, 221, 141, 239, 153, 206, 80, 108, 6, 240, 65, 223, 39, 88, 66, 82, 126, 227, 36, 254, 251, 108, 24, 135, 104, 223, 255, 210, 228;
 59, 31, 114, 76, 118, 182, 190, 118, 77, 200, 124, 230, 56, 188, 183, 164, 126, 123, 151, 229, 133, 187, 36, 236, 50, 108, 170, 130, 255, 255, 121, 221;
 62, 105, 236, 229, 61, 219, 216, 16, 199, 161, 190, 131, 139, 29, 23, 166, 78, 180, 223, 189, 140, 252, 117, 220, 71, 217, 129, 151, 231, 174, 92, 78;
 93, 137, 222, 243, 132, 142, 106, 160, 103, 49, 194, 2, 91, 27, 113, 120, 249, 229, 63, 208, 28, 152, 73, 180, 223, 239, 211, 69, 165, 139, 120, 2;
 220, 223, 149, 239, 139, 46, 55, 220, 166, 23, 235, 55, 78, 247, 41, 214, 101, 86, 235, 98, 112, 5, 91, 51, 245, 231, 7, 22, 178, 123, 133, 115;
 199, 52, 107, 210, 114, 173, 127, 81, 28, 226, 29, 254, 253, 199, 251, 33, 55, 171, 23, 63, 161, 84, 60, 222, 244, 9, 169, 184, 44, 203, 17, 121;
 144, 235, 106, 250, 52, 128, 107, 214, 212, 132, 220, 34, 57, 195, 177, 96, 120, 234, 23, 216, 42, 155, 36, 255, 248, 141, 170, 136, 53, 153, 112, 168;
 94, 148, 209, 220, 235, 66, 23, 238, 219, 226, 132, 58, 92, 247, 97, 246, 51, 213, 185, 163, 113, 71, 174, 202, 57, 54, 79, 63, 182, 240, 5, 35;
 53, 27, 67, 174, 52, 135, 234, 208, 199, 137, 216, 102, 113, 203, 177, 224, 92, 250, 22, 219, 139, 171, 8, 253, 184, 132, 162, 128, 61, 139, 120, 153;
 93, 93, 121, 76, 82, 110, 127, 184, 37, 196, 110, 128, 89, 119, 137, 116, 54, 212, 95, 234, 129, 17, 57, 79, 119, 173, 35, 132, 35, 243, 103, 113;
 226, 241, 235, 136, 252, 6, 239, 221, 155, 193, 144, 223, 16, 157, 118, 4, 255, 197, 23, 253, 243, 39, 156, 194, 61, 28, 143, 238, 141, 52, 243, 249;
 89, 169, 181, 181, 173, 91, 132, 47, 206, 251, 146, 122, 246, 56, 213, 171, 129, 102, 252, 1, 157, 105, 231, 136, 137, 251, 125, 183, 196, 108, 217, 15;
 59, 32, 229, 237, 62, 51, 200, 24, 71, 192, 220, 194, 249, 217, 209, 164, 90, 136, 55, 189, 143, 102, 239, 152, 134, 205, 139, 172, 255, 175, 120, 44;
 93, 78, 221, 189, 44, 42, 79, 26, 253, 19, 155, 244, 223, 34, 145, 106, 99, 101, 124, 46, 137, 69, 207, 225, 132, 247, 234, 156, 172, 243, 33, 33;
 191, 109, 106, 254, 86, 129, 235, 208, 148, 8, 212, 226, 57, 223, 177, 32, 126, 249, 23, 223, 234, 159, 44, 255, 112, 77, 170, 168, 53, 149, 51, 233;
 56, 61, 186, 236, 157, 95, 151, 111, 86, 164, 252, 43, 235, 252, 54, 2, 248, 127, 131, 99, 108, 187, 112, 138, 243, 231, 143, 59, 85, 120, 245, 202;
 137, 31, 209, 205, 234, 83, 175, 127, 30, 234, 94, 230, 221, 55, 193, 228, 54, 127, 182, 234, 225, 24, 253, 218, 36, 173, 47, 164, 63, 242, 129, 185;
 102, 202, 238, 190, 102, 130, 252, 161, 151, 54, 118, 167, 105, 235, 63, 91, 123, 231, 167, 133, 72, 118, 15, 249, 94, 99, 245, 133, 255, 244, 124, 138;
 43, 212, 97, 202, 125, 53, 79, 253, 19, 107, 253, 205, 91, 77, 190, 52, 93, 138, 23, 174, 219, 50, 125, 151, 119, 94, 176, 252, 127, 222, 210, 244;
 205, 165, 27, 226, 197, 121, 102, 249, 226, 162, 174, 8, 211, 243, 73, 176, 49, 218, 122, 170, 81, 35, 186, 118, 127, 143, 103, 109, 160, 114, 103, 34;
 11, 19, 248, 204, 110, 16, 88, 89, 79, 73, 117, 231, 44, 159, 246, 108, 254, 153, 183, 221, 134, 40, 167, 193, 86, 125, 50, 138, 62, 135, 105, 85;
 91, 216, 114, 86, 103, 157, 190, 180, 239, 105, 123, 107, 14, 157, 118, 244, 166, 253, 183, 71, 196, 59, 184, 241, 19, 126, 16, 202, 87, 7, 233, 95;
 93, 159, 159, 150, 246, 94, 119, 180, 49, 223, 87, 126, 126, 117, 170, 221, 55, 194, 150, 90, 177, 216, 57, 46, 254, 199, 117, 194, 175, 251, 141, 121;
 79, 156, 209, 214, 245, 52, 110, 190, 123, 219, 52, 92, 124, 114, 95, 255, 177, 67, 52, 62, 243, 82, 186, 227, 63, 191, 223, 206, 136, 112, 235, 117;
 130, 19, 231, 87, 175, 115, 180, 23, 205, 239, 159, 183, 200, 172, 183, 142, 206, 38, 239, 21, 148, 233, 103, 194, 14, 94, 86, 147, 199, 252, 253, 87;
 102, 139, 207, 215, 228, 218, 105, 160, 26, 253, 83, 198, 100, 230, 253, 219, 241, 110, 37, 78, 35, 208, 43, 189, 142, 35, 229, 193, 140, 170, 92, 117;
 226, 217, 213, 156, 87, 203, 36, 188, 155, 240, 76, 239, 108, 245, 37, 214, 51, 252, 179, 96, 1, 66, 30, 221, 58, 34, 69, 46, 63, 189, 24, 123;
 34, 54, 231, 180, 102, 47, 125, 83, 25, 199, 83, 255, 127, 109, 153, 25, 54, 59, 23, 39, 161, 240, 52, 142, 132, 86, 120, 130, 237, 252, 22, 241;
 166, 230, 94, 208, 246, 147, 188, 205, 153, 18, 112, 251, 76, 222, 124, 49, 191, 217, 151, 247, 230, 215, 14, 223, 62, 26, 159, 199, 45, 152, 169, 149;
 203, 54, 107, 19, 242, 244, 189, 21, 60, 79, 87, 247, 157, 6, 154, 253, 54, 27, 223, 175, 181, 148, 181, 70, 116, 37, 58, 128, 12, 198, 171, 245;
 223, 90, 191, 180, 46, 2, 94, 178, 173, 186, 18, 227, 221, 159, 177, 75, 199, 117, 61, 7, 201, 133, 195, 162, 208, 243, 255, 146, 60, 241, 1, 1;
 18, 48, 119, 240, 47, 193, 216, 72, 237, 136, 146, 11, 238, 94, 21, 11, 174, 177, 127, 17, 129, 107, 19, 204, 153, 90, 90, 218, 196, 5, 37, 43;
 166, 19, 239, 213, 236, 122, 188, 23, 142, 235, 87, 244, 240, 253, 252, 110, 223, 54, 255, 16, 145, 245, 163, 128, 78, 59, 244, 195, 132, 200, 212, 241;
 165, 133, 217, 204, 254, 79, 111, 105, 123, 226, 37, 8, 116, 247, 113, 52, 51, 221, 90, 40, 33, 41, 184, 90, 249, 44, 5, 60, 220, 168, 11, 160;
 92, 93, 62, 236, 189, 255, 86, 168, 143, 12, 206, 1, 239, 255, 41, 192, 208, 209, 237, 99, 88, 129, 91, 189, 243, 247, 67, 95, 50, 59, 37, 67;
 53, 70, 58, 68, 83, 223, 179, 96, 249, 72, 126, 73, 74, 220, 46, 53, 188, 253, 198, 102, 196, 179, 32, 76, 51, 58, 32, 195, 65, 39, 102, 247;
 238, 171, 197, 198, 249, 64, 75, 152, 131, 188, 129, 232, 72, 199, 205, 223, 69, 212, 237, 250, 106, 71, 235, 241, 31, 16, 197, 254, 2, 167, 6, 109;
 198, 248, 159, 178, 139, 196, 57, 150, 174, 187, 130, 119, 156, 179, 72, 74, 167, 87, 125, 144, 82, 77, 155, 226, 217, 181, 126, 246, 136, 1, 161, 59;
 195, 196, 247, 204, 111, 22, 172, 111, 200, 90, 88, 86, 12, 170, 188, 231, 231, 69, 30, 173, 229, 79, 167, 207, 52, 58, 254, 174, 31, 244, 161, 173;
 56, 173, 234, 165, 20, 66, 255, 103, 80, 228, 222, 3, 241, 60, 18, 33, 250, 239, 23, 225, 220, 250, 245, 172, 247, 233, 174, 129, 37, 104, 245, 202;
 109, 156, 151, 211, 197, 110, 103, 183, 112, 91, 103, 16, 208, 115, 112, 255, 193, 78, 58, 58, 121, 248, 251, 162, 109, 190, 247, 68, 138, 120, 240, 162;
 124, 214, 174, 246, 53, 94, 83, 184, 58, 237, 151, 173, 223, 102, 170, 241, 177, 68, 189, 102, 165, 197, 57, 159, 251, 239, 255, 149, 138, 47, 93, 117;
 194, 247, 238, 149, 172, 216, 180, 167, 206, 223, 154, 247, 168, 172, 126, 66, 207, 87, 239, 21, 214, 237, 231, 226, 46, 115, 254, 211, 197, 92, 245, 95;
 133, 239, 138, 187, 220, 129, 175, 213, 30, 5, 84, 18, 145, 211, 243, 97, 73, 40, 19, 216, 114, 126, 234, 51, 108, 136, 175, 108, 148, 184, 241, 160;
 223, 221, 114, 122, 231, 180, 158, 148, 123, 75, 255, 51, 110, 254, 254, 244, 167, 251, 181, 195, 246, 163, 186, 243, 51, 253, 14, 203, 87, 215, 233, 199;
 155, 101, 122, 225, 182, 125, 126, 95, 29, 226, 28, 187, 189, 159, 241, 33, 183, 27, 159, 190, 240, 149, 160, 250, 227, 221, 62, 169, 182, 220, 133, 251;
 95, 17, 111, 130, 162, 118, 175, 89, 60, 95, 215, 246, 217, 102, 158, 125, 62, 159, 31, 175, 153, 146, 61, 68, 212, 43, 234, 132, 173, 231, 163, 117;
 163, 83, 104, 204, 246, 48, 110, 93, 79, 0, 125, 230, 9, 143, 253, 112, 126, 137, 23, 206, 130, 50, 180, 211, 54, 125, 130, 140, 127, 223, 240, 148;
 3, 44, 13, 187, 110, 39, 173, 239, 28, 250, 88, 199, 181, 46, 181, 9, 239, 27, 19, 175, 161, 211, 27, 221, 68, 2, 251, 164, 157, 120, 49, 249;
 28, 30, 222, 191, 147, 35, 55, 210, 52, 135, 230, 183, 109, 103, 43, 91, 127, 251, 143, 166, 56, 209, 25, 42, 241, 199, 126, 131, 161, 113, 165, 243;
 122, 89, 222, 204, 87, 83, 31, 254, 18, 236, 220, 174, 121, 247, 167, 245, 23, 252, 181, 224, 97, 219, 60, 156, 58, 227, 237, 181, 63, 189, 61, 249;
 119, 253, 216, 68, 186, 82, 22, 184, 35, 224, 172, 236, 83, 118, 207, 114, 87, 213, 252, 242, 239, 67, 205, 126, 186, 220, 133, 191, 45, 179, 138, 21;
 13, 232, 44, 27, 172, 209, 186, 206, 238, 89, 94, 34, 184, 152, 214, 160, 201, 106, 250, 223, 199, 104, 111, 245, 110, 15, 190, 205, 222, 23, 249, 143;
 77, 220, 187, 214, 247, 116, 183, 250, 122, 223, 60, 102, 92, 254, 239, 251, 243, 107, 150, 60, 183, 99, 186, 234, 127, 111, 127, 238, 139, 116, 107, 247;
 48, 89, 106, 4, 83, 22, 178, 112, 48, 64, 234, 71, 64, 154, 37, 144, 124, 221, 130, 226, 205, 179, 17, 78, 115, 47, 2, 7, 105, 51, 106, 146;
 214, 219, 46, 165, 182, 130, 63, 177, 164, 236, 150, 231, 213, 15, 178, 67, 230, 117, 125, 231, 248, 153, 33, 108, 248, 161, 238, 212, 36, 163, 181, 121;
 117, 77, 251, 68, 80, 70, 111, 252, 113, 232, 254, 2, 83, 55, 181, 116, 120, 220, 20, 234, 169, 147, 57, 78, 115, 175, 167, 4, 227, 179, 102, 96;
 212, 193, 222, 227, 21, 138, 114, 128, 231, 133, 234, 2, 75, 75, 107, 80, 248, 164, 40, 208, 10, 181, 25, 180, 219, 229, 131, 65, 161, 11, 124, 10;
 95, 1, 215, 253, 171, 50, 56, 146, 237, 243, 30, 246, 221, 243, 169, 238, 119, 101, 191, 44, 145, 193, 167, 194, 150, 255, 107, 134, 174, 245, 41, 37;
 119, 86, 76, 136, 254, 19, 158, 220, 3, 254, 156, 239, 64, 10, 223, 253, 127, 205, 151, 247, 205, 22, 205, 220, 62, 10, 239, 255, 189, 191, 56, 85;
 223, 254, 150, 158, 53, 189, 91, 186, 155, 220, 60, 77, 110, 226, 110, 213, 181, 106, 165, 92, 167, 68, 186, 255, 139, 219, 69, 251, 26, 45, 93, 85;
 175, 11, 101, 65, 236, 55, 235, 152, 87, 248, 244, 206, 89, 44, 223, 173, 95, 212, 54, 254, 157, 50, 109, 212, 14, 91, 225, 244, 255, 191, 88, 245;
 66, 186, 252, 85, 174, 27, 149, 55, 202, 183, 158, 46, 226, 184, 215, 110, 131, 118, 236, 17, 128, 109, 231, 160, 139, 215, 117, 51, 196, 120, 93, 47;
 181, 73, 74, 186, 60, 129, 74, 208, 215, 0, 218, 226, 51, 194, 177, 224, 90, 232, 30, 222, 47, 175, 78, 191, 184, 140, 162, 8, 61, 139, 120, 140;
 122, 255, 65, 229, 176, 91, 78, 191, 51, 224, 158, 232, 199, 39, 193, 180, 20, 252, 253, 248, 73, 218, 201, 142, 174, 245, 173, 181, 38, 190, 30, 57;
 19, 71, 234, 174, 54, 48, 254, 93, 76, 69, 95, 231, 113, 232, 190, 96, 126, 139, 23, 175, 134, 179, 45, 239, 114, 109, 170, 128, 253, 218, 249, 221;
 55, 134, 232, 79, 246, 19, 174, 249, 87, 75, 125, 198, 89, 104, 190, 160, 127, 137, 23, 175, 215, 162, 111, 215, 54, 111, 170, 140, 125, 239, 248, 213;
 239, 114, 229, 135, 52, 27, 206, 17, 81, 234, 147, 238, 235, 76, 221, 175, 94, 228, 220, 127, 237, 244, 237, 138, 166, 90, 173, 180, 111, 190, 216, 125;
 111, 118, 225, 199, 124, 27, 206, 157, 71, 234, 151, 238, 195, 12, 213, 167, 95, 228, 254, 255, 237, 118, 109, 138, 46, 88, 173, 180, 239, 191, 88, 125;
 158, 111, 112, 235, 183, 183, 222, 159, 77, 11, 125, 147, 143, 29, 28, 128, 143, 155, 215, 247, 254, 52, 77, 247, 227, 221, 14, 207, 119, 215, 233, 7;
 25, 115, 196, 191, 23, 119, 151, 29, 22, 236, 223, 39, 121, 240, 226, 196, 19, 239, 181, 229, 137, 200, 191, 157, 232, 239, 255, 189, 31, 127, 253, 123;
 177, 127, 67, 238, 52, 131, 202, 80, 215, 8, 216, 230, 49, 216, 177, 160, 94, 168, 22, 253, 235, 167, 14, 159, 176, 172, 171, 136, 125, 170, 112, 169;
 247, 206, 40, 186, 205, 213, 206, 233, 84, 122, 209, 219, 227, 108, 63, 233, 253, 203, 154, 247, 255, 127, 79, 191, 184, 67, 223, 249, 157, 93, 184, 28;
 184, 110, 74, 250, 52, 129, 106, 242, 148, 132, 212, 134, 49, 203, 177, 65, 106, 170, 23, 222, 106, 175, 4, 255, 242, 201, 170, 136, 63, 153, 120, 136;
 229, 251, 154, 241, 110, 141, 176, 212, 202, 57, 112, 126, 182, 153, 72, 42, 140, 125, 119, 81, 131, 118, 210, 161, 85, 56, 40, 234, 205, 25, 211, 131;
 199, 19, 238, 23, 178, 56, 189, 19, 238, 215, 83, 247, 204, 108, 214, 74, 39, 71, 255, 149, 150, 249, 175, 194, 110, 47, 254, 199, 173, 230, 141, 213;
 104, 150, 206, 191, 240, 234, 120, 51, 177, 91, 119, 245, 121, 39, 138, 219, 7, 39, 181, 140, 53, 216, 1, 125, 78, 171, 240, 193, 138, 196, 170, 219;
 248, 207, 31, 253, 44, 206, 69, 183, 132, 62, 38, 32, 247, 7, 32, 67, 65, 54, 44, 40, 104, 157, 33, 31, 233, 163, 100, 80, 48, 168, 196, 123;
 17, 119, 26, 36, 80, 7, 182, 112, 52, 202, 202, 79, 84, 216, 32, 0, 188, 109, 83, 99, 229, 179, 16, 14, 243, 133, 9, 2, 73, 51, 43, 147;
 15, 249, 172, 203, 252, 221, 155, 136, 206, 249, 148, 8, 240, 221, 95, 34, 137, 80, 123, 89, 195, 97, 123, 245, 111, 25, 173, 253, 220, 11, 83, 242;
 202, 116, 181, 253, 141, 228, 77, 63, 147, 250, 82, 90, 249, 255, 80, 239, 21, 255, 253, 129, 249, 76, 251, 195, 175, 242, 221, 250, 46, 244, 148, 55;
 254, 125, 114, 226, 231, 117, 126, 214, 57, 202, 61, 187, 13, 253, 221, 252, 167, 219, 183, 94, 244, 135, 186, 226, 51, 221, 4, 171, 175, 223, 248, 215;
 68, 252, 159, 243, 170, 196, 58, 146, 174, 187, 155, 112, 180, 215, 72, 74, 231, 95, 127, 146, 67, 77, 139, 97, 221, 128, 63, 238, 136, 1, 37, 59;
 59, 12, 111, 151, 102, 50, 253, 114, 113, 75, 126, 215, 57, 44, 191, 41, 127, 207, 23, 175, 165, 246, 36, 205, 86, 107, 250, 128, 109, 253, 115, 212;
 30, 152, 51, 186, 219, 228, 19, 234, 175, 15, 104, 33, 78, 255, 46, 212, 243, 51, 167, 17, 18, 47, 26, 215, 219, 247, 26, 75, 210, 6, 167, 227;
 209, 61, 58, 26, 19, 249, 48, 99, 236, 1, 238, 56, 174, 144, 166, 116, 162, 58, 90, 9, 22, 41, 166, 95, 147, 85, 18, 123, 66, 4, 39, 111;
 147, 14, 78, 188, 54, 163, 111, 114, 149, 130, 210, 246, 113, 202, 177, 65, 123, 168, 30, 175, 237, 151, 4, 223, 176, 174, 170, 128, 61, 249, 112, 9;
 186, 95, 238, 255, 187, 211, 159, 119, 21, 238, 222, 167, 121, 254, 167, 229, 94, 255, 181, 194, 237, 219, 55, 174, 115, 243, 253, 145, 47, 254, 188, 223;
 207, 246, 247, 209, 187, 50, 60, 135, 187, 243, 23, 242, 140, 190, 204, 239, 167, 87, 253, 144, 247, 93, 173, 194, 190, 122, 94, 198, 134, 196, 169, 101;
 7, 5, 237, 171, 228, 118, 107, 152, 37, 194, 223, 198, 81, 102, 159, 126, 127, 197, 119, 255, 153, 150, 125, 194, 148, 44, 171, 196, 165, 247, 34, 244;
 204, 144, 212, 89, 11, 180, 48, 154, 174, 21, 167, 181, 136, 211, 108, 222, 103, 19, 233, 152, 19, 9, 219, 113, 78, 255, 18, 95, 154, 5, 169, 18;
 183, 51, 232, 135, 238, 19, 222, 120, 17, 228, 145, 239, 97, 110, 223, 17, 126, 229, 55, 231, 204, 210, 77, 232, 54, 10, 237, 182, 61, 255, 120, 85;
 136, 151, 173, 191, 189, 254, 149, 191, 155, 222, 29, 181, 255, 253, 138, 15, 159, 119, 245, 161, 177, 228, 122, 223, 235, 115, 111, 151, 79, 237, 159, 243;
 76, 254, 157, 243, 186, 164, 59, 154, 166, 249, 31, 228, 253, 247, 193, 106, 103, 127, 255, 210, 3, 80, 251, 241, 205, 167, 239, 228, 168, 243, 37, 49;
 92, 94, 158, 190, 42, 174, 22, 20, 224, 206, 206, 109, 239, 235, 35, 90, 230, 229, 172, 67, 140, 133, 154, 42, 242, 231, 118, 17, 168, 123, 45, 11;
 11, 19, 119, 249, 63, 211, 184, 26, 207, 152, 86, 226, 173, 220, 181, 228, 118, 57, 254, 1, 135, 184, 103, 157, 14, 249, 187, 135, 119, 172, 125, 237;
 77, 254, 181, 247, 245, 246, 183, 191, 122, 219, 188, 116, 252, 126, 207, 250, 247, 127, 180, 145, 167, 102, 186, 234, 239, 255, 119, 174, 138, 116, 231, 255;
 25, 119, 172, 191, 189, 119, 95, 157, 23, 237, 95, 167, 251, 255, 162, 228, 87, 254, 181, 238, 223, 208, 251, 191, 235, 255, 237, 135, 62, 255, 156, 119;
 64, 59, 151, 87, 190, 204, 176, 39, 202, 237, 58, 109, 230, 172, 68, 2, 165, 119, 104, 20, 149, 249, 147, 8, 15, 182, 85, 50, 201, 104, 197, 91;
 206, 204, 116, 90, 233, 59, 127, 230, 61, 51, 39, 144, 157, 63, 181, 125, 231, 83, 27, 142, 112, 93, 41, 254, 127, 223, 86, 16, 150, 209, 193, 40;
 111, 205, 225, 226, 245, 95, 222, 244, 25, 227, 125, 154, 123, 61, 189, 36, 63, 215, 23, 239, 249, 58, 60, 238, 127, 223, 141, 166, 255, 255, 216, 125;
 71, 203, 21, 147, 252, 161, 174, 133, 142, 49, 153, 222, 237, 66, 249, 200, 79, 227, 59, 222, 19, 18, 79, 245, 44, 18, 158, 232, 156, 155, 169, 132;
 248, 12, 58, 252, 93, 231, 209, 98, 80, 166, 164, 26, 34, 153, 49, 73, 201, 188, 137, 129, 40, 111, 144, 158, 211, 207, 211, 61, 81, 104, 124, 10;
 252, 36, 51, 240, 149, 228, 101, 75, 245, 134, 175, 18, 43, 219, 105, 89, 121, 170, 75, 178, 106, 199, 144, 142, 243, 193, 129, 17, 35, 88, 244, 98;
 185, 86, 115, 101, 117, 54, 107, 120, 113, 14, 255, 98, 91, 27, 185, 240, 122, 140, 132, 234, 232, 182, 37, 142, 114, 233, 160, 5, 103, 187, 106, 161;
 234, 79, 84, 162, 237, 41, 254, 142, 141, 6, 187, 27, 142, 11, 60, 210, 235, 195, 239, 227, 126, 39, 75, 247, 182, 241, 138, 95, 23, 95, 253, 2;
 35, 150, 135, 191, 232, 102, 104, 59, 185, 95, 99, 213, 100, 119, 26, 219, 165, 71, 113, 5, 181, 216, 59, 229, 15, 122, 216, 194, 138, 196, 166, 245;
 35, 158, 214, 217, 114, 143, 105, 255, 63, 200, 118, 231, 57, 103, 183, 85, 63, 169, 7, 188, 227, 248, 4, 223, 110, 62, 53, 196, 255, 172, 106, 217;
 155, 22, 86, 204, 71, 50, 184, 113, 213, 130, 215, 246, 73, 138, 172, 205, 126, 189, 174, 160, 172, 183, 5, 206, 18, 106, 218, 134, 63, 236, 56, 149;
 155, 62, 254, 158, 255, 247, 87, 158, 159, 222, 124, 63, 108, 254, 167, 248, 183, 107, 181, 22, 167, 69, 186, 255, 27, 127, 125, 171, 26, 117, 77, 87;
 106, 246, 191, 222, 237, 118, 31, 159, 155, 255, 94, 126, 92, 254, 198, 254, 149, 255, 181, 130, 241, 220, 187, 227, 43, 247, 253, 191, 138, 116, 132, 127;
 208, 180, 50, 90, 27, 176, 48, 67, 239, 5, 173, 48, 174, 210, 236, 244, 34, 59, 234, 144, 34, 15, 166, 215, 219, 116, 18, 107, 82, 0, 39, 47;
 194, 255, 175, 182, 172, 236, 189, 231, 186, 223, 154, 183, 228, 236, 87, 67, 167, 99, 255, 7, 230, 109, 186, 247, 253, 48, 255, 186, 12, 84, 181, 91;
 94, 118, 106, 76, 26, 148, 91, 89, 167, 12, 143, 141, 111, 199, 155, 84, 54, 180, 253, 236, 202, 5, 182, 95, 243, 181, 137, 153, 34, 166, 38, 114;
 66, 185, 172, 243, 139, 244, 61, 135, 175, 117, 134, 147, 156, 191, 70, 107, 101, 215, 251, 144, 18, 89, 251, 225, 207, 243, 222, 215, 128, 64, 165, 122;
 33, 219, 88, 140, 124, 149, 198, 254, 95, 72, 248, 239, 34, 232, 181, 192, 222, 234, 166, 69, 207, 43, 86, 255, 50, 61, 162, 58, 29, 158, 120, 156;
 0, 106, 85, 255, 60, 139, 107, 57, 158, 0, 81, 192, 245, 67, 177, 65, 90, 40, 74, 106, 2, 132, 75, 29, 132, 150, 235, 56, 20, 171, 17, 160;
 221, 95, 174, 252, 181, 126, 95, 154, 179, 254, 94, 189, 223, 253, 179, 244, 183, 124, 181, 110, 253, 197, 171, 159, 235, 251, 109, 133, 38, 253, 221, 119;
 141, 251, 191, 243, 180, 141, 117, 213, 254, 189, 53, 124, 159, 241, 224, 19, 135, 107, 79, 92, 178, 104, 40, 240, 238, 217, 39, 252, 206, 216, 129, 177;
 153, 204, 23, 251, 149, 167, 108, 187, 116, 186, 199, 86, 251, 3, 33, 73, 113, 6, 31, 170, 232, 212, 25, 159, 195, 203, 243, 4, 58, 216, 112, 10;
 119, 113, 235, 108, 234, 86, 159, 248, 40, 76, 158, 175, 89, 127, 159, 114, 254, 213, 253, 231, 221, 3, 181, 64, 115, 237, 239, 158, 37, 179, 167, 115;
 85, 0, 239, 239, 180, 102, 111, 159, 62, 107, 218, 82, 93, 183, 185, 104, 119, 95, 63, 222, 163, 145, 41, 234, 245, 175, 190, 132, 165, 243, 161, 41;
 192, 247, 58, 90, 154, 200, 181, 103, 236, 5, 234, 48, 190, 152, 36, 64, 166, 59, 234, 1, 82, 169, 130, 119, 161, 165, 50, 75, 64, 16, 173, 11;
 82, 52, 106, 72, 48, 54, 89, 122, 45, 140, 254, 157, 11, 7, 182, 85, 118, 172, 221, 172, 168, 143, 48, 78, 211, 253, 160, 157, 50, 196, 102, 119;
 163, 253, 239, 211, 214, 150, 255, 247, 95, 243, 126, 150, 121, 44, 214, 38, 111, 207, 55, 223, 247, 252, 127, 227, 47, 126, 255, 196, 175, 220, 241, 252;
 176, 12, 26, 181, 149, 249, 212, 103, 149, 167, 234, 19, 46, 184, 34, 201, 233, 175, 138, 129, 60, 255, 128, 174, 179, 247, 154, 51, 225, 88, 252, 142;
 184, 21, 114, 229, 165, 126, 86, 87, 113, 102, 255, 31, 11, 45, 159, 189, 254, 142, 132, 162, 236, 178, 53, 142, 243, 249, 0, 7, 103, 253, 254, 215;
 235, 245, 245, 246, 243, 182, 191, 191, 219, 243, 124, 48, 252, 255, 204, 246, 247, 127, 181, 48, 244, 126, 234, 235, 239, 255, 95, 174, 134, 246, 131, 239;
 177, 7, 78, 254, 214, 163, 111, 115, 84, 130, 223, 214, 113, 226, 177, 97, 126, 162, 22, 174, 236, 183, 5, 158, 240, 174, 162, 128, 61, 250, 240, 0;
 80, 180, 56, 90, 26, 233, 16, 75, 254, 23, 233, 52, 174, 218, 236, 88, 167, 155, 76, 144, 38, 39, 210, 87, 146, 244, 18, 127, 216, 65, 39, 23;
 188, 151, 127, 95, 169, 83, 245, 117, 213, 94, 245, 176, 107, 119, 174, 191, 72, 50, 198, 234, 125, 231, 106, 29, 99, 219, 101, 147, 115, 186, 236, 247;
 90, 88, 165, 95, 15, 180, 175, 160, 236, 14, 159, 130, 249, 124, 157, 238, 38, 119, 253, 203, 192, 197, 127, 249, 133, 122, 250, 146, 7, 247, 53, 109;
 206, 253, 185, 191, 174, 224, 191, 191, 190, 206, 154, 183, 252, 252, 91, 66, 167, 115, 255, 199, 227, 109, 234, 251, 252, 39, 255, 169, 28, 119, 181, 219;
 216, 118, 120, 96, 62, 75, 153, 91, 94, 166, 180, 58, 159, 157, 67, 33, 63, 29, 95, 33, 224, 101, 229, 30, 247, 201, 41, 189, 117, 168, 7, 227;
 180, 109, 107, 194, 212, 109, 231, 231, 85, 238, 252, 26, 26, 61, 55, 48, 249, 250, 23, 234, 248, 58, 56, 234, 119, 141, 148, 41, 229, 218, 244, 234;
 246, 205, 22, 150, 205, 233, 238, 230, 189, 6, 186, 27, 238, 235, 45, 135, 233, 243, 239, 195, 120, 47, 26, 226, 181, 22, 206, 27, 135, 127, 253, 10;
 3, 30, 79, 157, 112, 167, 233, 119, 60, 234, 118, 199, 61, 39, 178, 113, 110, 39, 23, 140, 181, 216, 53, 95, 110, 62, 250, 128, 29, 128, 105, 217;
 76, 253, 159, 247, 185, 252, 63, 158, 167, 248, 78, 164, 253, 247, 193, 118, 55, 127, 253, 218, 3, 80, 187, 179, 239, 245, 175, 196, 170, 247, 133, 113;
 16, 212, 255, 254, 118, 166, 127, 244, 148, 6, 215, 18, 85, 243, 32, 72, 123, 240, 63, 170, 104, 151, 48, 222, 241, 175, 250, 128, 52, 251, 116, 33;
 93, 91, 155, 190, 162, 112, 94, 144, 176, 204, 203, 237, 255, 254, 171, 250, 214, 229, 172, 247, 141, 67, 174, 42, 176, 229, 111, 153, 168, 115, 45, 87;
 210, 248, 25, 88, 27, 212, 144, 138, 254, 23, 160, 124, 142, 159, 68, 88, 231, 153, 108, 208, 63, 79, 243, 83, 155, 240, 27, 126, 88, 1, 35, 23;
 66, 169, 173, 243, 137, 192, 57, 135, 175, 53, 134, 19, 188, 191, 76, 106, 193, 87, 249, 209, 26, 73, 235, 241, 207, 243, 222, 247, 128, 0, 149, 106;
 49, 217, 72, 172, 126, 135, 206, 255, 87, 0, 248, 207, 51, 200, 54, 64, 222, 235, 23, 197, 206, 58, 84, 191, 116, 173, 170, 184, 125, 152, 248, 152;
 3, 27, 247, 221, 63, 26, 169, 51, 237, 173, 242, 230, 172, 44, 180, 198, 230, 53, 238, 5, 145, 185, 37, 220, 20, 122, 90, 146, 95, 140, 97, 61;
 238, 205, 82, 170, 221, 121, 254, 231, 141, 38, 185, 27, 206, 234, 47, 210, 235, 195, 207, 227, 124, 35, 88, 247, 183, 245, 142, 127, 151, 95, 253, 2;
 31, 149, 33, 242, 145, 70, 79, 245, 53, 79, 159, 17, 219, 119, 26, 117, 125, 154, 31, 190, 123, 154, 121, 231, 255, 223, 190, 212, 162, 214, 180, 114;
 133, 252, 29, 243, 42, 207, 53, 248, 191, 250, 179, 116, 254, 215, 233, 11, 135, 81, 127, 114, 227, 69, 27, 117, 204, 218, 119, 246, 24, 152, 1, 27;
 63, 255, 236, 239, 191, 119, 95, 188, 23, 238, 95, 167, 91, 253, 155, 100, 151, 254, 181, 111, 222, 208, 251, 191, 235, 255, 165, 151, 182, 255, 212, 119;
 49, 5, 72, 44, 84, 139, 197, 111, 84, 132, 232, 143, 179, 8, 50, 1, 56, 170, 66, 45, 232, 186, 85, 30, 244, 13, 1, 56, 125, 200, 218, 136;
 206, 157, 190, 222, 173, 254, 159, 191, 159, 219, 95, 177, 252, 255, 166, 47, 159, 119, 255, 6, 240, 108, 170, 255, 239, 127, 127, 223, 134, 253, 133, 115;
 188, 60, 55, 252, 141, 119, 84, 107, 245, 158, 228, 24, 18, 247, 33, 219, 201, 154, 202, 32, 56, 231, 50, 143, 211, 211, 81, 31, 210, 104, 118, 114;
 250, 113, 235, 100, 114, 70, 191, 253, 168, 236, 158, 175, 93, 31, 23, 115, 254, 213, 221, 231, 232, 3, 176, 10, 243, 233, 175, 181, 37, 242, 55, 251]