[155, 93, 39, 156, 61, 150, 207, 242, 140, 72, 208, 199, 184, 76, 183, 229, 204, 98, 31, 239, 237, 169, 54, 253, 33, 120, 202, 144, 31, 29, 113, 252;
 7, 18, 227, 13, 118, 54, 232, 82, 125, 200, 90, 230, 80, 252, 181, 236, 126, 172, 54, 237, 133, 144, 53, 204, 22, 62, 170, 130, 175, 165, 112, 245;
 2, 150, 68, 153, 210, 161, 184, 231, 60, 23, 72, 215, 172, 10, 44, 197, 239, 27, 131, 133, 54, 152, 85, 215, 140, 22, 154, 66, 29, 68, 169, 152;
 88, 60, 151, 164, 27, 167, 1, 70, 52, 171, 202, 97, 190, 51, 1, 218, 164, 119, 77, 16, 9, 217, 1, 42, 217, 166, 62, 16, 168, 80, 41, 11;
 14, 241, 168, 163, 189, 79, 147, 204, 10, 253, 144, 61, 156, 221, 91, 10, 191, 89, 223, 81, 18, 105, 152, 50, 237, 213, 45, 255, 204, 18, 151, 211;
 20, 204, 24, 201, 58, 251, 66, 218, 7, 9, 172, 194, 22, 23, 161, 108, 115, 144, 14, 56, 11, 5, 89, 23, 154, 134, 33, 87, 184, 219, 72, 53;
 170, 234, 42, 138, 124, 201, 139, 236, 148, 76, 212, 175, 35, 204, 187, 0, 216, 104, 147, 103, 106, 47, 232, 191, 240, 17, 174, 185, 20, 159, 118, 248;
 84, 233, 191, 122, 155, 196, 81, 204, 235, 153, 108, 0, 94, 247, 109, 123, 163, 87, 112, 24, 19, 107, 186, 96, 251, 239, 22, 78, 227, 82, 231, 43;
 4, 133, 41, 171, 180, 235, 171, 249, 20, 69, 89, 131, 213, 109, 56, 64, 91, 11, 3, 51, 18, 176, 109, 31, 237, 133, 170, 68, 149, 75, 181, 242;
 95, 11, 227, 192, 213, 62, 106, 82, 107, 225, 219, 78, 79, 168, 116, 236, 59, 207, 55, 191, 153, 179, 188, 224, 159, 92, 139, 196, 135, 239, 241, 36;
 27, 8, 101, 175, 38, 13, 171, 216, 14, 114, 17, 207, 253, 13, 145, 164, 46, 145, 127, 207, 131, 52, 61, 255, 149, 78, 235, 176, 119, 175, 17, 120;
 59, 174, 110, 195, 86, 179, 234, 246, 84, 243, 222, 226, 113, 232, 190, 224, 127, 206, 151, 175, 173, 248, 109, 255, 62, 79, 175, 197, 45, 138, 120, 205;
 7, 232, 197, 173, 106, 76, 171, 200, 171, 241, 32, 129, 159, 199, 83, 6, 14, 77, 115, 94, 3, 4, 254, 81, 204, 248, 79, 108, 118, 167, 3, 224;
 102, 78, 198, 212, 237, 50, 68, 6, 145, 170, 154, 106, 34, 185, 229, 203, 201, 244, 175, 16, 44, 246, 194, 170, 22, 254, 245, 187, 166, 249, 92, 11;
 60, 151, 122, 203, 244, 115, 243, 89, 94, 45, 125, 98, 89, 120, 188, 32, 251, 154, 151, 50, 150, 179, 45, 158, 122, 205, 161, 197, 213, 203, 244, 131;
 144, 11, 152, 221, 54, 168, 18, 142, 94, 1, 64, 39, 182, 161, 173, 64, 214, 74, 12, 80, 6, 56, 196, 59, 196, 164, 48, 59, 176, 201, 5, 27;
 184, 12, 127, 108, 87, 118, 121, 82, 113, 198, 126, 18, 27, 63, 53, 121, 126, 181, 23, 168, 168, 183, 48, 206, 83, 235, 192, 0, 115, 248, 100, 224;
 204, 151, 20, 203, 173, 31, 22, 191, 135, 59, 158, 118, 207, 113, 170, 71, 81, 86, 239, 106, 114, 33, 75, 183, 238, 211, 229, 215, 58, 252, 152, 19;
 139, 209, 239, 161, 230, 198, 185, 93, 31, 109, 86, 247, 157, 143, 254, 105, 126, 159, 55, 157, 215, 220, 53, 192, 95, 59, 190, 196, 167, 140, 245, 249;
 57, 15, 65, 233, 151, 147, 207, 119, 70, 160, 222, 98, 27, 11, 177, 224, 122, 168, 158, 248, 217, 187, 101, 156, 248, 205, 167, 244, 63, 142, 112, 169;
 99, 97, 43, 166, 85, 237, 111, 36, 137, 225, 11, 26, 245, 253, 88, 98, 16, 238, 121, 109, 51, 208, 220, 175, 237, 12, 141, 120, 44, 27, 208, 114;
 19, 108, 170, 39, 19, 250, 190, 70, 171, 206, 26, 131, 173, 140, 87, 42, 167, 125, 213, 149, 132, 213, 164, 234, 227, 92, 30, 163, 229, 118, 15, 223;
 50, 223, 122, 222, 214, 208, 255, 231, 157, 13, 254, 167, 32, 239, 166, 64, 110, 250, 135, 192, 76, 155, 34, 255, 114, 173, 166, 139, 53, 216, 252, 219;
 75, 9, 179, 151, 231, 20, 60, 199, 168, 65, 90, 35, 188, 190, 100, 226, 230, 127, 179, 149, 80, 152, 130, 224, 253, 53, 222, 200, 134, 116, 161, 170;
 51, 19, 122, 8, 226, 82, 148, 111, 113, 71, 252, 191, 11, 46, 166, 121, 126, 153, 134, 224, 189, 163, 36, 76, 50, 227, 114, 143, 253, 244, 174, 213;
 183, 153, 101, 175, 146, 78, 95, 161, 29, 81, 227, 147, 211, 14, 60, 99, 102, 223, 29, 231, 255, 152, 125, 177, 165, 232, 202, 84, 57, 15, 225, 116;
 13, 76, 210, 70, 53, 191, 226, 160, 237, 162, 174, 72, 210, 241, 165, 164, 24, 100, 106, 106, 73, 165, 16, 78, 35, 222, 1, 16, 75, 251, 104, 44;
 1, 139, 62, 9, 124, 189, 176, 238, 236, 21, 122, 5, 136, 232, 62, 32, 168, 3, 106, 29, 150, 41, 39, 85, 78, 62, 82, 65, 208, 15, 73, 196;
 54, 217, 253, 216, 239, 213, 159, 233, 203, 92, 152, 171, 104, 252, 255, 34, 223, 83, 147, 103, 214, 99, 46, 241, 123, 26, 205, 191, 213, 127, 245, 215;
 173, 221, 16, 153, 237, 157, 167, 239, 158, 54, 36, 29, 134, 176, 106, 13, 137, 74, 34, 110, 116, 62, 122, 183, 125, 19, 69, 126, 90, 125, 219, 246;
 230, 89, 249, 27, 250, 201, 147, 136, 202, 229, 32, 171, 118, 221, 79, 88, 86, 121, 51, 83, 19, 32, 254, 51, 124, 44, 37, 122, 253, 59, 7, 115;
 10, 80, 178, 155, 85, 240, 184, 196, 15, 69, 86, 19, 140, 222, 62, 236, 250, 57, 179, 209, 22, 148, 51, 241, 7, 116, 154, 195, 150, 31, 189, 214;
 46, 105, 96, 234, 95, 145, 202, 200, 195, 128, 184, 138, 41, 217, 125, 132, 88, 232, 147, 251, 206, 35, 94, 188, 63, 73, 133, 127, 119, 191, 90, 134;
 46, 133, 1, 139, 213, 181, 130, 233, 79, 17, 89, 66, 200, 200, 60, 196, 217, 10, 130, 115, 23, 50, 88, 213, 13, 84, 139, 110, 159, 15, 240, 134;
 70, 145, 147, 225, 182, 136, 52, 23, 171, 137, 26, 112, 148, 187, 192, 98, 166, 119, 125, 17, 16, 137, 131, 194, 173, 180, 62, 210, 132, 10, 129, 35;
 216, 128, 186, 253, 37, 124, 81, 39, 85, 11, 71, 16, 254, 187, 56, 104, 209, 30, 61, 8, 56, 189, 177, 147, 195, 255, 208, 83, 146, 8, 220, 42;
 130, 180, 63, 132, 77, 229, 177, 99, 143, 119, 172, 27, 186, 252, 110, 35, 205, 187, 147, 133, 62, 106, 250, 211, 219, 24, 65, 47, 81, 76, 37, 214;
 147, 94, 231, 159, 39, 176, 188, 246, 221, 194, 218, 231, 168, 236, 183, 175, 238, 99, 183, 197, 229, 237, 54, 234, 34, 58, 222, 130, 15, 252, 57, 221;
 38, 237, 112, 208, 195, 241, 190, 231, 25, 163, 60, 139, 40, 63, 117, 37, 175, 251, 147, 167, 230, 42, 52, 250, 55, 30, 157, 171, 215, 220, 135, 220;
 11, 220, 236, 149, 167, 124, 189, 135, 94, 247, 28, 151, 220, 44, 118, 106, 135, 67, 179, 21, 150, 88, 55, 226, 78, 95, 222, 199, 149, 124, 149, 93;
 67, 150, 57, 218, 34, 173, 184, 51, 159, 73, 91, 255, 188, 191, 180, 64, 167, 27, 191, 5, 147, 8, 18, 215, 144, 60, 58, 218, 156, 12, 129, 19;
 62, 157, 103, 104, 215, 135, 150, 241, 133, 64, 249, 239, 90, 221, 52, 176, 158, 185, 215, 247, 220, 187, 84, 158, 123, 76, 9, 198, 119, 143, 246, 243;
 130, 200, 26, 189, 84, 193, 184, 70, 30, 4, 80, 3, 180, 139, 48, 64, 200, 57, 19, 193, 66, 188, 18, 255, 69, 134, 154, 1, 20, 24, 53, 138;
 55, 96, 232, 109, 22, 34, 155, 72, 114, 130, 213, 131, 177, 76, 19, 40, 126, 221, 21, 173, 142, 134, 229, 10, 65, 237, 171, 141, 229, 243, 127, 194;
 47, 78, 236, 205, 44, 54, 202, 90, 195, 222, 244, 230, 169, 206, 191, 111, 204, 205, 31, 174, 143, 231, 231, 201, 2, 121, 234, 156, 159, 253, 120, 188;
 129, 76, 14, 221, 12, 182, 233, 242, 196, 26, 214, 6, 240, 66, 51, 107, 72, 96, 42, 238, 229, 133, 55, 253, 7, 43, 202, 0, 28, 25, 120, 44;
 70, 22, 135, 182, 238, 98, 108, 82, 165, 154, 211, 243, 221, 239, 97, 79, 103, 245, 63, 163, 32, 213, 130, 192, 212, 34, 235, 132, 164, 243, 37, 19;
 178, 71, 106, 186, 54, 131, 175, 125, 20, 14, 217, 231, 97, 200, 179, 1, 126, 169, 135, 231, 236, 183, 4, 31, 240, 7, 170, 129, 125, 158, 57, 217;
 189, 12, 98, 191, 4, 183, 234, 112, 85, 66, 215, 22, 115, 88, 63, 237, 120, 168, 19, 239, 173, 183, 61, 255, 83, 107, 194, 0, 127, 175, 120, 132;
 2, 150, 81, 187, 178, 168, 57, 151, 31, 127, 90, 247, 172, 143, 234, 73, 199, 27, 143, 21, 183, 88, 65, 247, 140, 244, 58, 194, 156, 204, 133, 89;
 242, 232, 106, 78, 94, 212, 186, 200, 234, 4, 217, 3, 56, 218, 126, 114, 248, 201, 249, 195, 198, 39, 174, 247, 83, 45, 138, 233, 21, 7, 127, 206;
 18, 12, 106, 188, 19, 226, 153, 99, 151, 4, 202, 135, 41, 207, 34, 64, 110, 187, 163, 133, 40, 139, 22, 253, 83, 103, 154, 11, 53, 12, 52, 122;
 34, 248, 32, 159, 69, 213, 186, 236, 90, 105, 80, 3, 168, 220, 126, 132, 216, 121, 147, 195, 194, 62, 218, 243, 7, 28, 154, 235, 87, 15, 125, 223;
 131, 148, 42, 187, 54, 167, 184, 99, 28, 79, 89, 151, 189, 254, 58, 64, 255, 59, 19, 133, 182, 156, 18, 223, 228, 39, 186, 193, 29, 12, 185, 219;
 75, 72, 160, 140, 109, 116, 253, 3, 203, 127, 94, 3, 140, 188, 87, 238, 193, 101, 185, 13, 196, 81, 246, 225, 23, 125, 206, 175, 150, 118, 217, 86;
 24, 4, 170, 236, 69, 54, 233, 115, 85, 3, 207, 18, 89, 171, 56, 72, 121, 148, 51, 168, 184, 183, 17, 206, 83, 239, 210, 5, 191, 232, 244, 2;
 124, 118, 190, 230, 186, 66, 21, 157, 130, 190, 165, 177, 214, 247, 107, 83, 205, 86, 205, 48, 104, 71, 232, 8, 241, 161, 111, 55, 128, 114, 166, 115;
 99, 47, 226, 84, 82, 180, 186, 66, 177, 192, 120, 227, 41, 174, 215, 190, 110, 255, 147, 149, 164, 219, 164, 232, 26, 60, 138, 136, 199, 245, 99, 220;
 177, 2, 115, 193, 198, 50, 233, 80, 121, 225, 127, 246, 25, 47, 245, 236, 126, 140, 54, 156, 145, 186, 165, 194, 30, 140, 178, 192, 239, 202, 114, 176;
 90, 94, 174, 180, 162, 176, 60, 182, 185, 206, 86, 231, 173, 175, 227, 75, 167, 247, 189, 133, 236, 217, 132, 232, 242, 247, 255, 131, 166, 117, 45, 95;
 92, 140, 16, 248, 251, 43, 87, 255, 53, 55, 40, 9, 191, 51, 41, 93, 115, 211, 207, 34, 120, 10, 88, 63, 253, 214, 84, 126, 178, 240, 134, 10;
 11, 232, 163, 255, 81, 132, 174, 81, 50, 75, 217, 211, 185, 205, 24, 164, 127, 123, 19, 143, 195, 150, 158, 227, 101, 109, 190, 136, 71, 86, 179, 232;
 149, 209, 29, 161, 173, 91, 84, 173, 204, 55, 3, 29, 214, 80, 42, 193, 131, 0, 106, 102, 126, 53, 121, 23, 171, 195, 65, 119, 24, 10, 217, 98;
 6, 152, 169, 155, 86, 229, 171, 200, 30, 65, 89, 195, 212, 222, 60, 72, 121, 25, 19, 211, 3, 144, 91, 247, 77, 6, 186, 196, 149, 11, 53, 178;
 159, 24, 115, 241, 102, 165, 185, 16, 173, 242, 19, 210, 29, 31, 117, 237, 111, 177, 183, 147, 145, 180, 52, 240, 23, 91, 218, 194, 183, 165, 33, 241;
 46, 76, 151, 252, 197, 226, 186, 194, 137, 158, 216, 2, 12, 251, 37, 219, 233, 253, 147, 243, 48, 195, 130, 232, 19, 115, 203, 11, 135, 125, 118, 162;
 34, 164, 40, 186, 221, 241, 153, 203, 31, 23, 157, 27, 228, 220, 126, 8, 217, 27, 211, 17, 62, 39, 122, 183, 75, 87, 155, 251, 213, 78, 222, 206;
 127, 94, 134, 188, 77, 54, 74, 82, 213, 202, 210, 70, 75, 234, 179, 239, 236, 228, 190, 239, 173, 199, 150, 136, 146, 123, 203, 154, 63, 253, 56, 21;
 183, 157, 126, 218, 203, 253, 62, 232, 159, 126, 126, 191, 72, 254, 175, 101, 255, 211, 182, 230, 245, 51, 62, 247, 63, 31, 69, 239, 191, 127, 172, 87;
 43, 111, 99, 73, 85, 211, 238, 124, 85, 236, 112, 198, 72, 72, 180, 165, 120, 168, 130, 254, 229, 186, 44, 253, 62, 88, 133, 236, 119, 159, 248, 236;
 229, 201, 61, 93, 237, 28, 101, 185, 203, 120, 101, 72, 18, 146, 230, 246, 192, 12, 34, 78, 213, 50, 234, 145, 7, 249, 65, 126, 26, 170, 218, 229;
 6, 132, 43, 139, 118, 227, 171, 200, 30, 69, 89, 227, 212, 94, 60, 64, 255, 27, 19, 177, 147, 144, 8, 223, 109, 6, 186, 196, 149, 75, 53, 243;
 44, 44, 249, 249, 245, 247, 250, 218, 23, 239, 92, 19, 24, 253, 119, 136, 89, 250, 147, 157, 54, 246, 104, 186, 79, 15, 167, 233, 183, 253, 124, 211;
 61, 251, 132, 137, 140, 23, 78, 121, 7, 186, 181, 223, 67, 97, 218, 141, 93, 128, 142, 190, 253, 35, 89, 16, 191, 199, 229, 244, 251, 250, 152, 148;
 234, 19, 230, 172, 127, 27, 200, 57, 87, 225, 215, 250, 79, 41, 176, 236, 94, 180, 191, 41, 145, 251, 69, 140, 26, 119, 201, 215, 39, 172, 220, 37;
 24, 149, 51, 187, 130, 236, 39, 183, 48, 69, 75, 65, 247, 119, 40, 65, 118, 59, 21, 111, 115, 184, 154, 47, 225, 229, 62, 72, 112, 82, 165, 251;
 57, 219, 68, 159, 29, 147, 206, 252, 215, 12, 212, 231, 105, 200, 179, 132, 92, 224, 134, 207, 238, 45, 110, 189, 34, 87, 161, 145, 127, 159, 88, 221;
 53, 189, 8, 128, 216, 191, 151, 234, 22, 239, 188, 63, 18, 52, 226, 17, 221, 202, 134, 118, 61, 107, 105, 62, 185, 6, 37, 127, 209, 77, 134, 241;
 103, 157, 37, 153, 153, 255, 143, 175, 223, 123, 130, 24, 210, 60, 60, 109, 205, 83, 122, 55, 191, 73, 123, 181, 169, 18, 205, 86, 152, 77, 148, 116;
 19, 149, 103, 141, 22, 146, 169, 103, 116, 65, 194, 198, 57, 14, 180, 228, 114, 175, 59, 141, 255, 152, 53, 207, 52, 46, 154, 192, 45, 4, 177, 124;
 157, 21, 28, 161, 186, 191, 16, 44, 140, 248, 150, 236, 223, 68, 163, 239, 182, 49, 204, 117, 169, 97, 35, 28, 168, 211, 107, 84, 152, 45, 9, 125;
 7, 17, 154, 190, 203, 36, 180, 69, 40, 67, 105, 183, 12, 250, 106, 24, 190, 139, 179, 133, 23, 26, 146, 193, 84, 39, 90, 139, 153, 118, 171, 151;
 31, 30, 238, 188, 46, 50, 217, 18, 132, 222, 222, 231, 73, 110, 179, 107, 111, 229, 189, 175, 173, 199, 103, 168, 210, 235, 235, 128, 189, 253, 56, 81;
 61, 19, 182, 40, 215, 31, 148, 254, 84, 77, 241, 127, 2, 184, 190, 8, 216, 72, 134, 97, 157, 187, 70, 168, 50, 71, 116, 87, 255, 95, 250, 159;
 91, 0, 230, 109, 9, 210, 104, 25, 231, 208, 87, 131, 105, 207, 144, 102, 90, 188, 61, 173, 142, 212, 231, 141, 70, 105, 235, 201, 39, 164, 120, 68;
 243, 78, 204, 151, 52, 34, 75, 48, 81, 235, 179, 126, 114, 104, 158, 115, 211, 230, 28, 175, 189, 254, 101, 239, 186, 62, 176, 208, 173, 169, 216, 5;
 32, 220, 172, 172, 29, 45, 193, 222, 6, 62, 152, 175, 51, 253, 33, 0, 217, 24, 223, 33, 10, 35, 91, 27, 193, 212, 225, 188, 117, 122, 84, 250;
 3, 93, 238, 21, 231, 82, 188, 231, 237, 202, 94, 167, 104, 60, 183, 167, 46, 103, 183, 141, 197, 249, 55, 236, 38, 127, 222, 131, 207, 124, 185, 221;
 177, 204, 10, 158, 29, 149, 202, 120, 213, 8, 192, 15, 99, 200, 55, 64, 216, 160, 27, 239, 236, 47, 22, 191, 179, 79, 129, 56, 59, 15, 120, 142;
 42, 179, 98, 200, 117, 151, 242, 120, 79, 173, 89, 102, 34, 216, 182, 132, 216, 40, 151, 49, 159, 186, 68, 157, 14, 92, 171, 238, 95, 14, 120, 159;
 150, 123, 126, 35, 162, 249, 176, 192, 236, 85, 218, 231, 175, 140, 223, 42, 174, 59, 206, 87, 214, 180, 39, 241, 198, 65, 42, 195, 101, 95, 173, 215;
 114, 7, 48, 130, 253, 153, 154, 109, 13, 164, 157, 171, 239, 140, 127, 132, 222, 179, 151, 177, 76, 58, 64, 222, 191, 212, 143, 255, 151, 14, 28, 207;
 81, 214, 95, 161, 114, 134, 171, 180, 100, 192, 122, 231, 213, 70, 186, 97, 118, 69, 54, 253, 197, 144, 21, 76, 124, 171, 174, 196, 45, 130, 161, 217;
 2, 145, 11, 170, 221, 196, 185, 213, 6, 13, 217, 3, 188, 223, 40, 64, 216, 27, 147, 145, 18, 11, 50, 245, 125, 53, 158, 203, 144, 10, 181, 242;
 27, 145, 0, 171, 245, 149, 186, 201, 14, 73, 89, 71, 205, 200, 122, 192, 220, 11, 147, 245, 23, 186, 88, 149, 172, 213, 138, 239, 29, 14, 185, 134;
 103, 99, 234, 198, 252, 48, 78, 216, 83, 173, 221, 175, 64, 232, 255, 78, 221, 206, 166, 222, 142, 99, 174, 162, 58, 60, 165, 189, 151, 255, 252, 213;
 88, 20, 87, 228, 23, 106, 113, 50, 53, 73, 255, 35, 95, 55, 32, 92, 50, 148, 141, 32, 25, 185, 17, 142, 211, 231, 16, 67, 171, 137, 100, 19;
 249, 204, 76, 237, 12, 23, 76, 182, 213, 50, 150, 86, 147, 51, 177, 231, 72, 196, 60, 234, 233, 141, 117, 159, 178, 235, 235, 148, 63, 184, 88, 40;
 18, 240, 108, 35, 11, 253, 181, 231, 174, 119, 159, 171, 200, 28, 94, 32, 175, 19, 249, 3, 215, 57, 123, 213, 129, 71, 95, 247, 197, 94, 157, 95;
 130, 218, 99, 185, 115, 212, 184, 198, 63, 93, 80, 183, 140, 142, 54, 204, 239, 59, 151, 149, 183, 158, 20, 247, 15, 118, 154, 199, 159, 4, 37, 223;
 91, 134, 209, 141, 23, 26, 104, 75, 105, 37, 248, 254, 47, 42, 132, 215, 102, 143, 140, 165, 235, 187, 164, 201, 176, 244, 154, 50, 55, 196, 99, 77;
 95, 78, 103, 230, 54, 18, 126, 48, 173, 194, 158, 230, 109, 110, 183, 230, 102, 245, 253, 239, 233, 133, 37, 238, 178, 123, 171, 146, 39, 183, 49, 117;
 43, 49, 225, 91, 157, 253, 80, 158, 87, 253, 180, 205, 162, 60, 95, 172, 217, 218, 199, 84, 143, 104, 119, 177, 15, 88, 149, 123, 218, 141, 86, 254;
 200, 215, 180, 79, 173, 52, 86, 189, 199, 31, 189, 52, 234, 114, 143, 222, 193, 198, 236, 234, 202, 5, 235, 179, 166, 255, 246, 159, 58, 255, 224, 47;
 22, 222, 173, 183, 139, 242, 158, 174, 151, 255, 23, 183, 237, 110, 127, 75, 231, 247, 189, 151, 246, 220, 175, 235, 170, 115, 223, 131, 183, 117, 189, 95;
 157, 221, 44, 163, 188, 91, 159, 246, 12, 252, 158, 175, 159, 20, 179, 97, 206, 86, 221, 127, 253, 233, 125, 188, 248, 201, 111, 212, 156, 159, 145, 125;
 163, 161, 168, 157, 205, 221, 188, 111, 31, 198, 116, 155, 168, 206, 118, 0, 216, 171, 130, 132, 86, 232, 118, 235, 71, 29, 150, 41, 18, 76, 141, 222;
 152, 128, 22, 249, 37, 235, 16, 99, 157, 15, 247, 51, 206, 249, 40, 200, 179, 17, 175, 32, 52, 173, 3, 215, 195, 247, 80, 87, 18, 8, 197, 3;
 146, 96, 171, 183, 7, 69, 253, 69, 179, 174, 210, 147, 45, 223, 113, 10, 184, 249, 21, 199, 108, 213, 128, 202, 243, 215, 158, 163, 37, 52, 183, 234;
 63, 75, 106, 35, 144, 148, 158, 228, 96, 79, 176, 133, 153, 14, 30, 49, 204, 179, 151, 199, 204, 154, 116, 96, 243, 77, 254, 145, 193, 86, 175, 220;
 41, 94, 215, 220, 102, 63, 244, 82, 207, 122, 112, 110, 60, 153, 165, 235, 239, 104, 22, 12, 197, 167, 32, 248, 22, 122, 112, 186, 31, 253, 89, 157;
 26, 151, 119, 205, 54, 147, 157, 127, 204, 76, 218, 230, 237, 78, 188, 229, 94, 51, 159, 169, 243, 169, 37, 221, 162, 254, 170, 194, 22, 142, 181, 253;
 23, 184, 62, 160, 162, 139, 189, 99, 172, 246, 27, 171, 141, 156, 118, 160, 167, 49, 251, 133, 212, 157, 4, 212, 152, 7, 95, 199, 37, 44, 137, 213;
 163, 199, 68, 137, 60, 145, 200, 174, 197, 20, 208, 214, 161, 8, 188, 197, 200, 130, 14, 237, 238, 44, 71, 253, 166, 58, 218, 216, 29, 156, 248, 12;
 166, 49, 119, 209, 229, 98, 189, 99, 29, 251, 82, 50, 156, 62, 68, 111, 203, 15, 183, 177, 49, 216, 99, 196, 15, 26, 222, 199, 133, 76, 245, 231;
 75, 180, 30, 208, 123, 182, 57, 51, 168, 83, 143, 212, 156, 151, 104, 123, 199, 21, 219, 176, 231, 67, 242, 196, 79, 243, 219, 78, 10, 192, 169, 16;
 111, 24, 134, 156, 109, 118, 200, 67, 201, 218, 222, 70, 8, 184, 183, 239, 200, 172, 182, 157, 141, 211, 178, 192, 18, 122, 218, 139, 138, 109, 120, 213;
 250, 59, 110, 204, 79, 83, 216, 88, 95, 228, 214, 174, 9, 140, 182, 237, 126, 188, 191, 209, 157, 251, 183, 220, 26, 121, 137, 255, 63, 141, 92, 85;
 58, 37, 32, 237, 13, 96, 156, 75, 128, 8, 152, 131, 153, 138, 21, 1, 200, 185, 93, 165, 206, 3, 196, 157, 225, 233, 171, 185, 85, 4, 55, 130;
 9, 94, 27, 157, 34, 150, 61, 119, 156, 74, 94, 228, 188, 246, 163, 228, 86, 43, 150, 141, 197, 136, 38, 255, 224, 39, 254, 136, 30, 212, 169, 249;
 183, 68, 230, 202, 20, 54, 73, 220, 21, 65, 230, 214, 81, 103, 185, 108, 125, 212, 27, 252, 184, 135, 61, 206, 123, 46, 150, 84, 191, 155, 112, 40;
 139, 31, 239, 149, 230, 118, 189, 119, 236, 206, 94, 231, 56, 188, 183, 167, 238, 103, 179, 141, 229, 249, 183, 202, 61, 43, 238, 130, 141, 116, 121, 253;
 60, 165, 42, 169, 245, 163, 187, 216, 22, 37, 93, 135, 221, 201, 59, 128, 123, 9, 147, 255, 150, 178, 8, 158, 236, 197, 171, 229, 255, 79, 57, 194;
 53, 152, 5, 146, 177, 219, 151, 232, 22, 255, 180, 43, 82, 52, 162, 53, 221, 148, 134, 100, 60, 251, 105, 188, 249, 6, 69, 119, 209, 46, 4, 117;
 60, 151, 121, 233, 182, 51, 211, 121, 68, 45, 249, 230, 83, 121, 184, 32, 127, 149, 151, 243, 152, 178, 109, 158, 250, 205, 171, 212, 247, 235, 116, 161;
 189, 222, 140, 133, 188, 23, 78, 49, 23, 188, 151, 255, 66, 96, 210, 135, 221, 228, 174, 190, 252, 118, 109, 130, 250, 131, 229, 244, 91, 170, 152, 20;
 82, 150, 210, 236, 55, 40, 48, 7, 63, 7, 74, 51, 46, 59, 44, 64, 231, 147, 175, 17, 18, 57, 1, 215, 154, 246, 26, 67, 180, 8, 173, 11;
 57, 55, 145, 131, 130, 45, 55, 87, 70, 235, 59, 111, 246, 68, 203, 168, 157, 171, 14, 30, 201, 240, 121, 40, 196, 204, 53, 48, 233, 218, 128, 249;
 27, 195, 44, 175, 60, 23, 204, 61, 5, 73, 156, 199, 243, 13, 186, 224, 92, 131, 31, 173, 206, 136, 71, 157, 226, 237, 190, 144, 63, 158, 184, 88;
 49, 9, 3, 146, 197, 141, 96, 100, 68, 128, 226, 11, 98, 192, 37, 113, 248, 170, 34, 84, 92, 187, 3, 188, 137, 146, 80, 73, 0, 10, 112, 14;
 150, 123, 47, 51, 130, 133, 184, 128, 172, 80, 218, 199, 175, 204, 95, 10, 174, 179, 255, 215, 222, 180, 87, 241, 129, 80, 10, 192, 197, 87, 37, 92;
 39, 157, 57, 233, 156, 247, 139, 232, 94, 65, 217, 2, 213, 126, 56, 96, 220, 154, 30, 241, 155, 26, 125, 189, 173, 133, 171, 116, 156, 11, 176, 244;
 47, 156, 234, 156, 219, 85, 190, 233, 159, 126, 176, 167, 104, 254, 127, 112, 255, 219, 179, 231, 244, 39, 62, 255, 127, 31, 207, 255, 221, 108, 109, 215;
 59, 223, 108, 158, 61, 149, 222, 255, 151, 76, 220, 167, 104, 204, 183, 4, 92, 162, 135, 207, 206, 43, 119, 189, 114, 91, 172, 155, 63, 156, 92, 221;
 3, 39, 34, 9, 213, 243, 170, 71, 125, 73, 89, 247, 168, 200, 182, 140, 120, 171, 147, 149, 151, 178, 4, 196, 36, 20, 154, 131, 205, 87, 251, 150;
 113, 215, 95, 168, 26, 130, 3, 180, 228, 128, 234, 102, 87, 67, 168, 81, 86, 160, 44, 126, 105, 129, 65, 14, 248, 166, 39, 88, 40, 146, 96, 57;
 46, 106, 224, 153, 101, 149, 190, 206, 31, 172, 84, 35, 172, 136, 119, 140, 217, 105, 147, 211, 198, 182, 74, 240, 46, 85, 143, 171, 215, 95, 121, 143;
 147, 58, 205, 197, 38, 24, 108, 218, 33, 74, 150, 230, 44, 103, 209, 174, 62, 220, 93, 238, 235, 197, 165, 203, 150, 62, 235, 130, 39, 245, 19, 125;
 1, 72, 60, 222, 13, 180, 205, 10, 196, 30, 222, 2, 240, 114, 51, 107, 200, 32, 42, 138, 132, 1, 115, 249, 71, 59, 250, 24, 16, 121, 120, 42;
 102, 81, 151, 2, 253, 205, 224, 69, 143, 249, 59, 9, 102, 204, 111, 158, 141, 179, 226, 80, 23, 107, 75, 220, 61, 18, 21, 115, 216, 30, 196, 95;
 236, 217, 88, 221, 220, 141, 71, 185, 146, 60, 164, 42, 114, 215, 236, 80, 88, 184, 3, 74, 74, 34, 218, 49, 103, 169, 165, 60, 59, 170, 212, 187;
 162, 219, 106, 220, 118, 192, 187, 117, 148, 12, 84, 167, 33, 239, 182, 65, 110, 187, 135, 196, 102, 139, 2, 255, 122, 169, 170, 137, 53, 136, 116, 219;
 239, 46, 68, 223, 204, 49, 76, 27, 83, 182, 133, 222, 161, 2, 85, 255, 73, 238, 40, 152, 175, 78, 215, 191, 70, 251, 207, 56, 158, 232, 88, 4;
 138, 195, 16, 155, 213, 149, 190, 237, 30, 21, 80, 19, 172, 202, 124, 196, 219, 11, 131, 67, 86, 184, 90, 247, 45, 20, 158, 111, 22, 14, 189, 142;
 36, 52, 245, 95, 91, 106, 178, 72, 74, 145, 105, 34, 125, 119, 13, 251, 99, 95, 130, 48, 51, 240, 219, 45, 31, 166, 16, 67, 241, 75, 71, 186;
 70, 19, 135, 183, 228, 38, 108, 21, 173, 219, 91, 119, 220, 231, 233, 202, 247, 109, 63, 159, 145, 208, 138, 192, 132, 54, 255, 132, 140, 243, 177, 177;
 191, 206, 46, 186, 77, 149, 207, 252, 197, 30, 213, 86, 98, 201, 59, 77, 216, 224, 87, 239, 234, 39, 122, 189, 115, 123, 200, 152, 87, 31, 248, 224;
 146, 234, 170, 189, 37, 16, 158, 65, 218, 15, 209, 51, 168, 152, 28, 2, 201, 73, 213, 131, 206, 167, 132, 195, 129, 63, 154, 139, 77, 36, 255, 130;
 235, 172, 162, 156, 119, 208, 255, 67, 187, 239, 84, 155, 44, 188, 118, 118, 225, 111, 177, 141, 102, 95, 176, 227, 87, 125, 154, 171, 6, 100, 31, 254;
 170, 249, 48, 155, 109, 149, 190, 236, 94, 53, 80, 3, 172, 220, 124, 128, 221, 91, 147, 83, 198, 62, 90, 247, 45, 20, 143, 111, 87, 31, 249, 142;
 7, 216, 139, 155, 198, 133, 170, 192, 30, 25, 80, 70, 148, 218, 117, 72, 255, 89, 19, 211, 3, 148, 27, 241, 4, 22, 154, 202, 157, 25, 57, 145;
 125, 218, 16, 168, 79, 143, 87, 181, 143, 126, 6, 31, 86, 149, 42, 84, 113, 68, 42, 110, 208, 29, 25, 181, 245, 166, 69, 118, 50, 59, 144, 35;
 31, 207, 106, 80, 212, 151, 238, 243, 228, 164, 30, 198, 9, 136, 246, 160, 47, 225, 82, 223, 212, 185, 36, 246, 58, 15, 175, 228, 229, 165, 233, 132;
 34, 251, 106, 218, 212, 151, 215, 237, 91, 45, 116, 2, 32, 248, 63, 36, 216, 218, 19, 243, 218, 186, 124, 253, 59, 28, 132, 239, 85, 26, 244, 239;
 10, 137, 146, 207, 245, 208, 191, 199, 42, 5, 94, 2, 172, 178, 114, 228, 242, 127, 179, 217, 82, 154, 178, 225, 63, 125, 158, 203, 134, 6, 189, 172;
 44, 183, 44, 8, 189, 251, 193, 250, 198, 116, 156, 45, 194, 97, 26, 132, 217, 224, 202, 117, 154, 35, 99, 159, 207, 85, 1, 127, 214, 44, 94, 114;
 179, 219, 99, 156, 94, 129, 207, 229, 157, 68, 208, 199, 33, 238, 183, 64, 126, 171, 18, 197, 207, 171, 54, 255, 176, 36, 142, 10, 61, 60, 48, 220;
 226, 206, 99, 172, 108, 82, 238, 250, 97, 106, 220, 98, 1, 191, 177, 229, 72, 221, 51, 235, 233, 11, 132, 255, 49, 124, 138, 172, 55, 181, 54, 168;
 101, 18, 212, 86, 189, 61, 209, 8, 239, 189, 183, 8, 194, 240, 239, 62, 137, 32, 110, 24, 132, 97, 115, 64, 14, 154, 85, 27, 219, 123, 73, 13;
 11, 94, 106, 177, 118, 191, 185, 22, 236, 103, 90, 247, 189, 12, 182, 232, 167, 41, 155, 21, 167, 188, 52, 247, 68, 61, 58, 192, 220, 140, 9, 221;
 35, 28, 173, 137, 121, 245, 73, 14, 143, 71, 204, 21, 188, 54, 55, 124, 205, 139, 155, 140, 11, 10, 115, 243, 71, 61, 154, 26, 154, 77, 24, 124;
 75, 32, 30, 157, 232, 156, 189, 55, 168, 77, 92, 4, 188, 146, 166, 103, 166, 51, 90, 12, 214, 9, 178, 229, 68, 56, 90, 138, 10, 132, 139, 221;
 3, 1, 39, 25, 133, 190, 72, 151, 173, 89, 194, 69, 186, 30, 23, 121, 192, 170, 61, 221, 206, 128, 113, 209, 195, 56, 218, 192, 26, 20, 80, 126;
 98, 150, 208, 205, 15, 28, 86, 59, 207, 106, 46, 111, 230, 179, 38, 214, 199, 20, 238, 32, 197, 9, 219, 155, 150, 254, 1, 63, 58, 104, 72, 31;
 221, 153, 109, 242, 174, 89, 93, 176, 5, 244, 150, 171, 255, 61, 147, 101, 70, 246, 253, 111, 220, 217, 111, 188, 250, 219, 109, 209, 54, 190, 21, 121;
 46, 62, 126, 217, 245, 243, 186, 82, 159, 239, 124, 51, 8, 253, 247, 104, 219, 58, 147, 144, 54, 190, 32, 254, 79, 95, 183, 195, 151, 237, 124, 195;
 183, 83, 227, 71, 244, 203, 239, 245, 69, 105, 83, 231, 82, 13, 188, 96, 254, 228, 23, 111, 217, 184, 29, 236, 53, 60, 164, 194, 109, 159, 212, 245;
 99, 152, 165, 156, 109, 77, 129, 170, 30, 115, 2, 10, 214, 244, 116, 229, 209, 20, 59, 5, 193, 88, 123, 149, 29, 54, 223, 126, 144, 44, 21, 118;
 34, 47, 106, 73, 247, 183, 154, 79, 29, 1, 124, 194, 40, 105, 181, 164, 30, 58, 147, 220, 146, 186, 68, 254, 111, 29, 140, 136, 215, 222, 89, 172;
 122, 80, 101, 20, 79, 223, 149, 101, 133, 110, 182, 43, 106, 28, 14, 143, 236, 177, 255, 163, 204, 167, 113, 157, 19, 83, 216, 147, 103, 28, 222, 119;
 146, 103, 142, 190, 60, 166, 200, 204, 148, 157, 213, 18, 97, 235, 185, 9, 248, 163, 23, 253, 42, 195, 10, 205, 176, 1, 170, 137, 133, 208, 124, 136;
 61, 158, 243, 67, 178, 30, 239, 209, 123, 99, 255, 247, 25, 14, 214, 212, 127, 141, 20, 142, 217, 146, 253, 194, 112, 253, 163, 196, 239, 230, 234, 209;
 131, 79, 34, 143, 170, 52, 28, 222, 36, 66, 204, 197, 165, 38, 163, 125, 70, 75, 27, 206, 204, 139, 37, 105, 242, 96, 254, 136, 50, 212, 33, 252;
 87, 31, 227, 180, 182, 162, 188, 167, 189, 194, 146, 231, 172, 174, 115, 203, 231, 247, 191, 149, 181, 203, 148, 234, 184, 118, 223, 130, 140, 116, 57, 93;
 229, 90, 252, 94, 122, 139, 159, 65, 206, 206, 241, 175, 49, 76, 167, 120, 198, 177, 10, 82, 230, 39, 127, 26, 118, 46, 36, 152, 85, 58, 68, 91;
 31, 43, 227, 193, 198, 50, 238, 208, 105, 240, 95, 230, 25, 10, 213, 174, 126, 205, 23, 239, 133, 144, 165, 192, 22, 105, 170, 132, 175, 247, 122, 180;
 79, 129, 163, 161, 133, 84, 169, 5, 170, 241, 7, 19, 220, 191, 122, 238, 229, 79, 187, 157, 211, 216, 183, 192, 93, 125, 223, 196, 135, 6, 181, 114;
 19, 85, 78, 173, 22, 63, 238, 117, 68, 66, 218, 198, 243, 40, 179, 225, 126, 162, 90, 239, 237, 177, 21, 158, 164, 111, 138, 16, 125, 254, 121, 156;
 47, 122, 226, 183, 100, 20, 170, 80, 1, 203, 209, 231, 201, 172, 215, 170, 206, 237, 183, 151, 141, 242, 238, 192, 4, 127, 255, 138, 141, 119, 123, 213;
 143, 168, 160, 223, 21, 148, 174, 248, 18, 11, 213, 82, 248, 219, 24, 160, 89, 73, 19, 203, 251, 141, 142, 227, 129, 61, 170, 129, 7, 39, 187, 160;
 91, 37, 198, 198, 39, 18, 238, 113, 161, 202, 223, 242, 89, 251, 218, 167, 126, 228, 245, 175, 221, 211, 164, 200, 146, 235, 235, 135, 47, 166, 186, 133;
 176, 201, 120, 203, 22, 135, 154, 252, 6, 1, 84, 199, 49, 201, 56, 64, 126, 56, 19, 221, 66, 56, 92, 253, 255, 5, 170, 193, 61, 138, 57, 154;
 49, 200, 111, 167, 50, 6, 75, 176, 100, 64, 251, 230, 83, 7, 176, 112, 126, 196, 21, 239, 201, 153, 45, 44, 232, 173, 162, 196, 45, 163, 96, 121;
 186, 246, 107, 174, 127, 217, 211, 248, 148, 76, 212, 175, 111, 205, 187, 133, 122, 40, 151, 103, 230, 39, 60, 191, 243, 65, 169, 185, 119, 159, 119, 251;
 86, 155, 173, 183, 139, 228, 158, 169, 30, 255, 219, 167, 237, 238, 127, 74, 221, 247, 189, 151, 156, 208, 207, 225, 235, 119, 255, 199, 132, 118, 181, 86;
 163, 158, 108, 91, 246, 243, 190, 239, 28, 79, 92, 183, 104, 108, 182, 33, 221, 59, 147, 165, 246, 188, 125, 255, 38, 14, 254, 131, 93, 92, 221, 223;
 170, 105, 104, 171, 119, 145, 154, 88, 78, 192, 81, 135, 33, 204, 54, 0, 94, 40, 147, 87, 134, 178, 92, 189, 110, 73, 171, 185, 127, 143, 92, 208;
 47, 45, 234, 192, 212, 182, 238, 214, 81, 201, 126, 71, 9, 170, 119, 248, 125, 238, 147, 212, 149, 186, 180, 234, 62, 125, 142, 200, 143, 255, 250, 148;
 36, 120, 169, 169, 84, 193, 163, 208, 30, 232, 80, 103, 181, 221, 113, 8, 121, 121, 19, 211, 131, 180, 90, 50, 77, 4, 171, 164, 213, 57, 117, 241;
 34, 172, 40, 188, 13, 229, 145, 111, 142, 53, 200, 27, 180, 188, 118, 1, 201, 59, 19, 129, 18, 110, 210, 209, 201, 16, 218, 123, 80, 8, 5, 234;
 64, 29, 114, 90, 143, 249, 118, 214, 229, 67, 254, 58, 170, 153, 181, 47, 42, 146, 222, 18, 222, 43, 38, 227, 51, 92, 16, 75, 231, 221, 228, 47;
 188, 83, 255, 119, 102, 127, 117, 84, 105, 222, 118, 107, 123, 125, 191, 59, 62, 245, 181, 99, 137, 240, 35, 136, 83, 235, 100, 129, 231, 255, 116, 123;
 89, 216, 17, 132, 171, 31, 20, 51, 13, 234, 150, 108, 206, 22, 224, 252, 199, 245, 238, 70, 221, 15, 241, 178, 147, 247, 113, 251, 18, 45, 137, 127;
 153, 134, 30, 189, 148, 130, 45, 55, 52, 6, 199, 18, 221, 35, 32, 65, 96, 54, 44, 169, 120, 157, 1, 142, 224, 227, 250, 65, 38, 136, 185, 8;
 38, 248, 189, 243, 236, 109, 209, 200, 206, 254, 17, 11, 212, 221, 93, 43, 153, 81, 115, 115, 2, 98, 250, 177, 77, 10, 237, 126, 213, 123, 87, 226;
 206, 32, 158, 177, 207, 100, 184, 8, 186, 191, 83, 18, 204, 223, 121, 203, 247, 29, 191, 145, 52, 84, 131, 192, 223, 241, 251, 231, 132, 97, 45, 131;
 79, 51, 105, 77, 30, 148, 136, 88, 230, 72, 149, 102, 248, 223, 155, 224, 92, 32, 251, 239, 195, 3, 247, 93, 86, 41, 171, 188, 63, 167, 58, 115;
 231, 112, 195, 86, 214, 12, 239, 17, 59, 179, 49, 88, 84, 249, 89, 191, 59, 253, 113, 217, 161, 246, 220, 66, 60, 56, 141, 164, 237, 112, 211, 160;
 137, 5, 126, 72, 108, 51, 94, 126, 237, 66, 95, 16, 30, 185, 180, 229, 6, 16, 94, 110, 148, 171, 39, 204, 115, 123, 64, 11, 86, 199, 105, 37;
 242, 51, 107, 172, 63, 215, 217, 88, 199, 236, 212, 167, 73, 206, 118, 64, 254, 189, 189, 229, 220, 143, 183, 221, 211, 249, 139, 255, 53, 45, 116, 247;
 120, 203, 27, 224, 164, 141, 101, 180, 140, 188, 162, 72, 22, 147, 224, 80, 161, 32, 44, 76, 81, 159, 35, 52, 187, 139, 117, 120, 16, 136, 85, 105;
 90, 129, 169, 165, 158, 70, 157, 41, 30, 229, 146, 131, 213, 238, 122, 64, 252, 125, 189, 181, 156, 201, 223, 152, 233, 103, 239, 156, 165, 46, 149, 114;
 23, 73, 65, 79, 86, 83, 238, 248, 30, 96, 56, 202, 56, 30, 181, 160, 46, 221, 19, 234, 133, 57, 45, 127, 55, 8, 161, 180, 125, 187, 90, 132;
 58, 203, 78, 188, 52, 144, 202, 230, 148, 13, 222, 231, 33, 136, 178, 192, 104, 170, 175, 197, 158, 139, 6, 191, 178, 103, 186, 201, 55, 140, 252, 77;
 149, 65, 105, 45, 84, 78, 199, 68, 105, 200, 113, 66, 87, 24, 191, 48, 186, 173, 6, 233, 221, 176, 36, 74, 164, 252, 2, 6, 117, 50, 67, 228;
 26, 158, 117, 57, 223, 179, 185, 103, 110, 21, 88, 34, 140, 58, 52, 236, 111, 59, 179, 145, 146, 184, 55, 213, 13, 70, 218, 199, 247, 68, 37, 239;
 179, 219, 74, 75, 118, 147, 254, 248, 21, 4, 117, 230, 65, 91, 190, 36, 126, 136, 22, 234, 199, 162, 45, 221, 38, 204, 162, 141, 127, 130, 122, 141;
 152, 43, 191, 197, 36, 127, 241, 80, 76, 232, 182, 4, 62, 1, 163, 43, 162, 38, 78, 92, 145, 185, 33, 200, 210, 152, 48, 16, 194, 137, 69, 233;
 139, 211, 119, 223, 44, 135, 172, 117, 140, 74, 210, 231, 124, 31, 180, 193, 206, 51, 63, 237, 225, 173, 3, 221, 36, 42, 250, 128, 29, 152, 177, 57;
 37, 145, 25, 233, 84, 231, 235, 216, 70, 64, 88, 70, 213, 215, 57, 96, 92, 168, 18, 253, 139, 178, 120, 29, 237, 141, 171, 68, 188, 11, 48, 176;
 194, 216, 155, 253, 231, 220, 180, 71, 159, 35, 66, 19, 172, 191, 100, 196, 231, 63, 179, 1, 101, 188, 144, 242, 151, 245, 26, 43, 144, 88, 141, 159;
 142, 227, 38, 179, 132, 145, 173, 119, 180, 157, 159, 18, 205, 232, 216, 164, 109, 11, 123, 153, 241, 233, 7, 230, 44, 71, 254, 193, 143, 68, 185, 128;
 55, 241, 41, 234, 92, 13, 203, 152, 67, 40, 185, 74, 83, 221, 93, 36, 216, 144, 87, 126, 203, 34, 249, 145, 193, 216, 129, 124, 89, 139, 80, 178;
 63, 28, 70, 43, 55, 146, 91, 48, 37, 204, 214, 164, 121, 91, 179, 245, 70, 160, 189, 255, 205, 141, 103, 172, 10, 107, 170, 193, 63, 135, 120, 89;
 201, 77, 122, 98, 172, 25, 215, 231, 232, 130, 160, 8, 191, 154, 245, 113, 130, 35, 108, 74, 212, 47, 182, 63, 233, 217, 52, 123, 80, 24, 227, 143;
 7, 51, 199, 131, 228, 6, 110, 145, 172, 209, 91, 230, 212, 226, 233, 234, 102, 109, 58, 220, 145, 144, 138, 192, 44, 52, 175, 204, 140, 250, 177, 177;
 47, 128, 169, 233, 1, 53, 72, 73, 7, 121, 225, 17, 154, 222, 126, 248, 220, 137, 159, 140, 143, 16, 120, 209, 199, 253, 146, 52, 210, 110, 200, 82;
 39, 177, 233, 129, 246, 97, 187, 207, 94, 105, 24, 103, 208, 124, 222, 32, 219, 11, 19, 21, 151, 56, 125, 23, 108, 12, 191, 252, 221, 74, 209, 219;
 11, 200, 14, 177, 45, 232, 160, 66, 190, 1, 86, 18, 180, 89, 48, 140, 232, 32, 123, 25, 18, 173, 3, 215, 5, 87, 154, 195, 132, 0, 89, 130;
 86, 94, 215, 222, 139, 38, 61, 150, 157, 146, 82, 230, 108, 119, 161, 239, 103, 119, 191, 162, 97, 197, 51, 232, 145, 50, 222, 138, 182, 245, 161, 53;
 61, 159, 113, 225, 182, 39, 219, 176, 85, 172, 222, 231, 91, 45, 176, 33, 126, 212, 149, 255, 184, 184, 109, 156, 250, 207, 161, 212, 247, 171, 80, 49;
 243, 49, 106, 204, 109, 211, 217, 76, 31, 236, 214, 175, 106, 156, 247, 104, 252, 173, 183, 245, 156, 255, 231, 220, 90, 121, 155, 251, 23, 15, 124, 95;
 39, 223, 107, 75, 214, 135, 238, 240, 77, 64, 122, 230, 80, 220, 188, 224, 126, 250, 23, 255, 217, 176, 21, 108, 52, 40, 164, 192, 109, 187, 240, 177;
 90, 75, 106, 140, 23, 82, 207, 158, 48, 196, 222, 167, 41, 142, 147, 212, 122, 237, 165, 205, 140, 143, 165, 239, 242, 101, 170, 137, 39, 149, 126, 92;
 67, 42, 53, 139, 73, 180, 73, 18, 169, 140, 173, 76, 188, 66, 23, 122, 196, 163, 92, 156, 129, 2, 114, 252, 133, 62, 154, 216, 152, 67, 3, 109;
 107, 209, 5, 162, 93, 205, 104, 180, 142, 248, 10, 78, 124, 222, 116, 242, 196, 49, 123, 29, 199, 11, 219, 148, 29, 25, 173, 252, 24, 14, 88, 25;
 1, 65, 211, 175, 52, 43, 237, 70, 76, 9, 88, 98, 181, 186, 177, 224, 126, 43, 22, 13, 1, 184, 36, 232, 164, 156, 186, 128, 148, 218, 113, 169;
 37, 103, 229, 199, 204, 126, 238, 252, 81, 238, 29, 206, 80, 108, 157, 174, 29, 68, 50, 111, 229, 226, 236, 238, 46, 62, 197, 180, 199, 255, 214, 228;
 71, 188, 190, 208, 161, 44, 61, 151, 169, 211, 7, 116, 156, 182, 78, 127, 167, 87, 249, 144, 183, 205, 147, 192, 143, 178, 222, 66, 136, 96, 137, 54;
 11, 36, 44, 175, 173, 240, 169, 12, 44, 207, 221, 135, 233, 78, 31, 170, 222, 19, 255, 181, 159, 70, 119, 206, 205, 91, 186, 137, 141, 71, 63, 220;
 107, 27, 245, 204, 110, 180, 184, 18, 207, 193, 154, 102, 188, 184, 245, 234, 206, 165, 127, 29, 133, 41, 215, 192, 22, 125, 186, 154, 159, 204, 121, 29;
 162, 255, 32, 154, 221, 213, 190, 239, 31, 29, 88, 15, 172, 204, 126, 133, 221, 27, 147, 241, 242, 58, 90, 247, 61, 80, 143, 239, 87, 28, 221, 142;
 101, 68, 109, 203, 220, 38, 234, 156, 20, 59, 170, 82, 81, 115, 61, 105, 89, 198, 27, 188, 169, 150, 89, 14, 127, 174, 183, 68, 153, 219, 112, 40;
 130, 213, 16, 155, 245, 213, 190, 237, 30, 93, 92, 51, 172, 218, 62, 197, 253, 27, 151, 193, 118, 30, 74, 247, 175, 81, 158, 239, 23, 28, 189, 223;
 99, 36, 141, 209, 237, 253, 76, 7, 219, 251, 8, 28, 144, 162, 86, 139, 193, 110, 56, 28, 53, 204, 210, 128, 13, 186, 220, 112, 136, 216, 218, 156;
 51, 92, 107, 188, 86, 130, 200, 119, 148, 192, 216, 199, 49, 142, 48, 192, 108, 169, 19, 133, 205, 143, 20, 205, 144, 37, 138, 136, 61, 8, 116, 216;
 55, 84, 74, 139, 132, 83, 198, 123, 4, 134, 223, 102, 113, 90, 186, 0, 89, 128, 31, 163, 93, 135, 117, 206, 186, 15, 191, 193, 13, 10, 248, 70;
 137, 82, 105, 76, 62, 31, 219, 60, 212, 76, 85, 238, 217, 221, 179, 32, 22, 48, 223, 109, 225, 36, 53, 158, 102, 79, 33, 152, 127, 142, 21, 113;
 203, 58, 224, 213, 102, 50, 105, 18, 57, 202, 86, 254, 153, 63, 213, 191, 38, 63, 183, 156, 129, 92, 247, 194, 78, 79, 254, 136, 175, 228, 91, 249;
 52, 137, 85, 131, 49, 219, 80, 96, 15, 244, 178, 171, 98, 92, 37, 176, 220, 180, 166, 84, 12, 179, 105, 156, 217, 18, 65, 115, 81, 46, 84, 127;
 178, 145, 238, 188, 62, 133, 153, 232, 159, 228, 180, 171, 104, 254, 127, 64, 254, 249, 183, 197, 140, 111, 30, 223, 217, 63, 203, 255, 85, 47, 53, 223;
 104, 184, 91, 32, 124, 205, 146, 98, 142, 169, 178, 111, 55, 156, 102, 144, 140, 17, 207, 81, 86, 111, 130, 38, 90, 141, 37, 121, 73, 8, 88, 83;
 101, 123, 192, 132, 78, 13, 162, 112, 194, 225, 112, 207, 159, 224, 192, 134, 62, 233, 98, 76, 129, 114, 150, 128, 28, 6, 101, 44, 237, 175, 139, 148;
 66, 79, 110, 124, 234, 128, 238, 198, 173, 14, 90, 229, 40, 207, 53, 217, 198, 115, 31, 199, 192, 131, 6, 108, 48, 58, 174, 136, 44, 213, 113, 25;
 99, 0, 100, 73, 40, 144, 72, 0, 173, 24, 194, 129, 160, 14, 149, 251, 192, 160, 127, 141, 204, 144, 231, 192, 6, 56, 136, 144, 20, 132, 80, 76;
 45, 78, 106, 40, 84, 54, 235, 82, 64, 76, 252, 199, 27, 12, 183, 17, 76, 164, 6, 239, 173, 163, 116, 108, 118, 105, 160, 200, 253, 189, 114, 208;
 2, 158, 23, 24, 121, 240, 176, 226, 191, 73, 122, 245, 44, 183, 165, 196, 239, 35, 167, 148, 6, 26, 2, 215, 10, 246, 26, 199, 211, 68, 41, 207;
 112, 240, 157, 173, 31, 23, 22, 62, 2, 224, 140, 15, 115, 77, 66, 34, 60, 252, 232, 226, 108, 98, 251, 153, 243, 193, 5, 61, 113, 250, 12, 88;
 27, 223, 108, 158, 42, 209, 159, 255, 135, 68, 220, 167, 121, 236, 182, 97, 78, 179, 191, 197, 238, 11, 126, 253, 115, 121, 238, 155, 55, 220, 181, 127;
 174, 203, 45, 187, 172, 217, 207, 173, 207, 94, 148, 11, 242, 109, 190, 165, 201, 98, 95, 111, 251, 46, 110, 189, 234, 91, 237, 249, 86, 190, 212, 104;
 202, 159, 80, 185, 83, 164, 184, 135, 59, 5, 72, 151, 172, 43, 36, 192, 231, 155, 131, 145, 50, 24, 144, 247, 157, 37, 26, 75, 185, 4, 45, 154;
 112, 195, 37, 170, 44, 67, 71, 169, 79, 126, 145, 107, 199, 76, 184, 224, 216, 128, 46, 103, 73, 39, 107, 149, 144, 242, 235, 156, 20, 174, 148, 101;
 112, 56, 20, 165, 15, 234, 1, 34, 200, 164, 202, 14, 166, 16, 3, 222, 64, 164, 200, 17, 8, 154, 84, 44, 149, 230, 82, 82, 56, 111, 0, 106;
 87, 19, 40, 200, 56, 22, 139, 216, 4, 104, 156, 237, 144, 6, 191, 112, 92, 136, 31, 238, 203, 3, 108, 85, 242, 9, 171, 252, 28, 179, 54, 113;
 62, 135, 100, 168, 189, 19, 86, 121, 69, 53, 155, 167, 75, 73, 186, 193, 88, 128, 143, 167, 94, 35, 77, 157, 250, 193, 171, 215, 63, 142, 252, 22;
 44, 104, 170, 171, 84, 231, 171, 208, 22, 132, 92, 2, 181, 197, 115, 8, 121, 56, 19, 223, 2, 178, 56, 186, 109, 197, 175, 33, 247, 219, 117, 232;
 205, 221, 167, 144, 177, 54, 52, 19, 182, 125, 135, 245, 200, 182, 162, 247, 229, 180, 186, 132, 253, 201, 49, 212, 179, 115, 239, 198, 138, 100, 165, 119;
 168, 17, 108, 51, 173, 253, 64, 56, 223, 252, 43, 157, 242, 244, 79, 9, 144, 2, 239, 100, 244, 120, 127, 53, 207, 83, 117, 113, 216, 79, 84, 90;
 11, 153, 63, 152, 171, 252, 185, 99, 237, 85, 77, 21, 188, 156, 54, 237, 166, 51, 186, 21, 151, 41, 50, 213, 79, 123, 90, 74, 218, 4, 173, 215;
 115, 17, 243, 77, 99, 4, 191, 65, 109, 10, 251, 98, 24, 155, 172, 120, 254, 185, 54, 130, 201, 178, 65, 195, 23, 172, 2, 130, 65, 50, 104, 163;
 42, 139, 64, 139, 189, 209, 248, 238, 207, 29, 88, 3, 40, 138, 62, 196, 201, 11, 159, 221, 158, 9, 79, 253, 14, 93, 154, 199, 55, 132, 120, 205;
 58, 254, 106, 142, 126, 211, 155, 248, 133, 76, 212, 239, 110, 205, 179, 165, 62, 184, 151, 103, 203, 39, 46, 189, 243, 81, 169, 191, 119, 191, 127, 255;
 243, 65, 239, 238, 29, 70, 79, 172, 145, 192, 134, 2, 123, 127, 63, 115, 120, 197, 61, 239, 108, 67, 121, 237, 243, 250, 206, 25, 37, 114, 116, 106;
 247, 226, 200, 160, 110, 25, 222, 138, 143, 182, 144, 207, 71, 200, 87, 10, 159, 197, 125, 103, 204, 103, 207, 144, 154, 89, 77, 191, 77, 57, 155, 6;
 138, 250, 163, 28, 229, 81, 189, 205, 91, 247, 21, 179, 8, 220, 118, 166, 189, 91, 147, 131, 199, 111, 190, 211, 35, 22, 159, 175, 87, 52, 191, 246;
 10, 189, 58, 200, 213, 212, 186, 247, 42, 77, 92, 38, 172, 190, 126, 228, 250, 91, 147, 209, 22, 154, 176, 231, 127, 53, 142, 235, 22, 6, 191, 223;
 179, 205, 110, 191, 214, 99, 191, 238, 20, 82, 81, 247, 113, 108, 62, 1, 93, 123, 19, 231, 237, 252, 12, 191, 100, 11, 254, 128, 61, 125, 209, 219;
 75, 44, 171, 148, 246, 208, 185, 99, 184, 194, 86, 131, 188, 174, 115, 226, 231, 127, 187, 149, 181, 219, 164, 202, 185, 55, 255, 136, 132, 100, 57, 253;
 42, 235, 160, 137, 229, 145, 190, 231, 15, 140, 92, 163, 172, 136, 119, 132, 222, 107, 147, 197, 198, 58, 34, 251, 38, 20, 143, 171, 87, 94, 253, 207;
 49, 14, 14, 173, 20, 7, 207, 112, 20, 78, 215, 199, 211, 104, 50, 64, 124, 160, 23, 173, 188, 182, 69, 159, 224, 111, 186, 128, 125, 174, 248, 80;
 26, 145, 186, 161, 147, 86, 185, 199, 46, 85, 206, 183, 140, 191, 106, 70, 247, 95, 187, 145, 18, 217, 181, 194, 187, 231, 158, 199, 175, 86, 173, 126;
 107, 25, 183, 156, 237, 246, 176, 3, 201, 217, 91, 116, 136, 188, 247, 238, 200, 47, 182, 21, 149, 250, 246, 192, 15, 120, 218, 138, 142, 108, 112, 215;
 174, 19, 103, 195, 117, 223, 107, 16, 141, 72, 223, 230, 106, 85, 189, 229, 118, 176, 159, 110, 227, 177, 33, 204, 55, 56, 128, 146, 54, 175, 84, 117;
 39, 37, 249, 203, 244, 45, 249, 216, 91, 53, 61, 222, 141, 73, 221, 44, 159, 10, 23, 61, 146, 114, 252, 208, 14, 28, 37, 254, 215, 202, 211, 229;
 240, 104, 108, 165, 14, 75, 65, 40, 0, 228, 128, 171, 243, 5, 211, 11, 8, 212, 108, 236, 44, 230, 245, 12, 210, 195, 225, 49, 37, 56, 84, 122;
 147, 211, 138, 156, 140, 17, 174, 253, 156, 66, 86, 231, 244, 224, 186, 100, 122, 232, 18, 237, 213, 45, 54, 203, 240, 38, 238, 137, 29, 62, 185, 84;
 183, 203, 99, 137, 84, 219, 102, 230, 197, 65, 210, 226, 2, 204, 188, 164, 88, 232, 23, 111, 205, 179, 100, 245, 39, 24, 129, 198, 119, 157, 112, 228;
 239, 220, 228, 150, 173, 48, 158, 175, 211, 242, 135, 191, 232, 232, 223, 15, 223, 231, 177, 135, 253, 108, 223, 171, 62, 127, 223, 31, 143, 125, 217, 92;
 250, 81, 104, 108, 29, 83, 90, 120, 69, 100, 201, 10, 3, 26, 148, 112, 216, 172, 157, 226, 204, 146, 117, 158, 147, 237, 160, 177, 63, 167, 126, 6;
 25, 81, 163, 172, 53, 31, 99, 89, 229, 72, 120, 106, 167, 153, 161, 36, 40, 184, 78, 101, 141, 161, 54, 137, 178, 245, 0, 10, 106, 190, 16, 252;
 223, 83, 103, 194, 231, 18, 252, 117, 105, 232, 151, 230, 72, 30, 221, 255, 118, 149, 181, 255, 213, 151, 189, 200, 26, 120, 250, 198, 47, 135, 250, 125;
 3, 29, 211, 221, 133, 167, 237, 119, 221, 202, 90, 70, 168, 250, 53, 196, 232, 43, 178, 133, 193, 184, 51, 202, 37, 254, 222, 2, 159, 124, 113, 156;
 184, 17, 57, 235, 52, 195, 67, 120, 84, 108, 215, 2, 215, 23, 48, 97, 120, 156, 23, 107, 89, 184, 121, 156, 233, 193, 171, 68, 54, 138, 52, 122;
 161, 85, 127, 172, 78, 38, 84, 125, 212, 130, 193, 247, 80, 243, 41, 81, 88, 142, 27, 165, 168, 131, 69, 12, 112, 42, 235, 14, 61, 250, 112, 131;
 24, 10, 114, 97, 19, 80, 184, 80, 109, 4, 254, 66, 13, 27, 177, 164, 106, 25, 14, 168, 132, 177, 53, 204, 83, 201, 34, 1, 107, 128, 103, 135;
 6, 153, 183, 222, 175, 70, 180, 233, 143, 187, 137, 34, 220, 255, 109, 239, 193, 83, 123, 49, 83, 65, 27, 241, 9, 22, 223, 119, 150, 126, 181, 55;
 160, 200, 94, 251, 223, 221, 242, 228, 159, 54, 32, 3, 42, 152, 101, 33, 233, 91, 130, 80, 102, 173, 16, 191, 47, 212, 20, 103, 113, 9, 68, 142;
 185, 73, 99, 237, 87, 86, 234, 248, 85, 192, 125, 198, 75, 5, 49, 164, 126, 140, 146, 238, 201, 178, 60, 156, 179, 236, 131, 4, 119, 191, 98, 184;
 10, 157, 48, 157, 119, 209, 188, 231, 29, 79, 88, 55, 172, 190, 38, 197, 223, 59, 147, 129, 118, 154, 112, 223, 47, 86, 158, 235, 30, 76, 189, 223;
 67, 19, 154, 140, 100, 36, 184, 30, 139, 9, 88, 103, 172, 186, 229, 66, 246, 171, 55, 133, 134, 10, 146, 193, 20, 60, 170, 170, 156, 114, 41, 27;
 223, 83, 115, 232, 36, 31, 91, 24, 5, 72, 86, 236, 223, 29, 187, 228, 22, 20, 189, 110, 201, 151, 33, 148, 194, 249, 40, 222, 62, 159, 16, 113;
 66, 144, 26, 254, 69, 205, 176, 103, 156, 25, 117, 27, 60, 190, 102, 73, 160, 59, 179, 1, 23, 107, 146, 241, 91, 177, 90, 107, 88, 8, 173, 154;
 14, 163, 165, 187, 173, 84, 188, 141, 141, 213, 158, 3, 204, 252, 94, 14, 204, 3, 255, 213, 214, 201, 115, 225, 143, 89, 222, 211, 134, 70, 181, 71;
 71, 89, 215, 222, 202, 0, 46, 133, 139, 139, 90, 226, 124, 246, 237, 110, 119, 247, 59, 202, 65, 195, 174, 224, 50, 62, 206, 138, 140, 243, 161, 61;
 143, 146, 50, 208, 225, 189, 185, 242, 188, 19, 103, 212, 156, 206, 110, 237, 167, 59, 146, 28, 246, 188, 50, 214, 77, 219, 90, 64, 74, 141, 161, 148;
 90, 208, 227, 221, 145, 212, 61, 183, 115, 127, 66, 53, 216, 182, 102, 218, 229, 95, 189, 144, 183, 92, 177, 211, 175, 54, 222, 207, 138, 20, 181, 127;
 39, 31, 10, 158, 140, 166, 211, 99, 149, 134, 217, 39, 96, 249, 59, 76, 89, 170, 51, 7, 156, 163, 74, 180, 128, 22, 203, 154, 21, 239, 112, 199;
 146, 26, 14, 177, 3, 203, 48, 70, 54, 173, 102, 247, 12, 7, 34, 221, 233, 173, 131, 148, 16, 221, 0, 84, 157, 162, 218, 195, 179, 5, 47, 243;
 56, 16, 103, 228, 37, 91, 193, 89, 3, 169, 247, 234, 91, 29, 180, 172, 58, 156, 183, 1, 137, 178, 35, 156, 210, 249, 240, 145, 79, 142, 116, 51;
 13, 177, 147, 225, 124, 146, 168, 81, 174, 208, 91, 102, 157, 211, 248, 230, 214, 108, 58, 253, 129, 209, 178, 192, 12, 169, 175, 204, 140, 162, 57, 177;
 242, 123, 245, 39, 130, 2, 77, 181, 97, 238, 178, 239, 3, 7, 131, 86, 102, 213, 172, 224, 233, 220, 229, 170, 176, 214, 173, 148, 39, 178, 4, 125;
 2, 50, 234, 247, 102, 68, 185, 85, 56, 239, 87, 246, 113, 30, 158, 106, 254, 255, 55, 129, 149, 220, 165, 64, 86, 47, 250, 129, 141, 208, 247, 219;
 46, 239, 98, 138, 245, 147, 234, 204, 7, 85, 220, 167, 0, 200, 255, 132, 89, 138, 131, 211, 30, 58, 76, 244, 62, 84, 142, 207, 159, 143, 252, 222;
 178, 48, 110, 172, 62, 3, 152, 76, 15, 228, 214, 163, 248, 156, 55, 64, 254, 189, 191, 229, 220, 175, 199, 220, 211, 121, 187, 247, 21, 14, 61, 219;
 22, 238, 189, 150, 186, 224, 62, 238, 186, 183, 13, 179, 125, 239, 207, 11, 183, 127, 161, 146, 54, 78, 170, 115, 235, 7, 255, 237, 132, 241, 167, 251;
 104, 19, 6, 133, 125, 31, 224, 8, 141, 237, 191, 43, 70, 28, 134, 150, 168, 148, 238, 100, 0, 161, 35, 156, 21, 0, 1, 83, 65, 14, 84, 84;
 8, 26, 62, 153, 51, 171, 49, 70, 156, 5, 114, 179, 174, 4, 166, 72, 166, 51, 142, 16, 38, 188, 35, 239, 198, 151, 48, 67, 244, 12, 5, 207;
 7, 220, 150, 219, 175, 45, 182, 175, 223, 27, 18, 82, 204, 120, 45, 239, 163, 83, 59, 3, 49, 225, 27, 240, 45, 26, 95, 66, 154, 121, 129, 135;
 2, 30, 170, 244, 54, 150, 184, 119, 156, 137, 90, 70, 173, 170, 112, 224, 231, 63, 191, 137, 148, 217, 148, 206, 239, 127, 190, 137, 140, 12, 185, 15;
 2, 210, 51, 185, 15, 173, 176, 87, 222, 93, 74, 23, 172, 157, 98, 76, 165, 57, 171, 21, 131, 56, 18, 241, 133, 20, 26, 75, 218, 12, 165, 251;
 246, 79, 107, 170, 206, 97, 143, 201, 146, 206, 153, 191, 65, 236, 251, 66, 127, 233, 23, 183, 236, 7, 142, 210, 240, 4, 175, 189, 53, 251, 180, 209;
 158, 217, 170, 250, 147, 212, 59, 197, 151, 197, 199, 147, 29, 191, 98, 64, 230, 191, 187, 145, 94, 157, 178, 194, 251, 229, 158, 199, 175, 4, 173, 82;
 162, 237, 40, 186, 252, 213, 252, 239, 222, 125, 220, 35, 140, 92, 62, 1, 201, 27, 151, 209, 118, 58, 106, 253, 239, 83, 159, 239, 85, 8, 253, 218;
 42, 183, 34, 141, 119, 209, 190, 103, 31, 46, 92, 167, 172, 172, 118, 132, 255, 59, 147, 129, 246, 58, 32, 219, 47, 20, 142, 171, 87, 12, 157, 207;
 61, 137, 109, 237, 29, 86, 87, 184, 69, 104, 206, 2, 91, 127, 48, 224, 88, 196, 61, 106, 89, 131, 121, 189, 235, 237, 161, 85, 50, 171, 112, 98;
 219, 80, 234, 165, 102, 24, 252, 16, 121, 226, 87, 230, 57, 56, 223, 106, 54, 133, 181, 199, 197, 148, 181, 192, 70, 251, 250, 129, 47, 181, 89, 29;
 10, 157, 50, 200, 215, 212, 186, 231, 15, 77, 92, 167, 172, 158, 102, 228, 236, 59, 147, 209, 214, 26, 176, 247, 127, 117, 142, 235, 150, 14, 189, 223;
 125, 93, 64, 194, 126, 183, 91, 250, 5, 96, 190, 238, 83, 17, 181, 116, 92, 224, 23, 110, 201, 58, 89, 188, 126, 220, 129, 244, 191, 191, 80, 59;
 130, 249, 2, 136, 213, 145, 190, 231, 31, 196, 92, 167, 172, 140, 118, 196, 254, 57, 147, 209, 86, 58, 178, 253, 59, 84, 143, 107, 87, 140, 253, 222;
 189, 81, 74, 229, 22, 31, 106, 240, 69, 64, 246, 198, 115, 88, 191, 225, 124, 200, 158, 234, 237, 177, 53, 143, 178, 233, 160, 129, 47, 187, 120, 149;
 159, 163, 108, 73, 166, 18, 237, 153, 237, 124, 87, 247, 217, 9, 159, 15, 54, 132, 93, 253, 243, 112, 45, 193, 102, 105, 239, 196, 111, 164, 219, 81;
 15, 189, 162, 154, 247, 176, 190, 199, 158, 71, 88, 167, 44, 204, 119, 136, 239, 107, 147, 149, 150, 186, 22, 227, 46, 20, 158, 203, 223, 93, 185, 222;
 179, 157, 110, 188, 46, 213, 159, 127, 159, 76, 220, 135, 57, 236, 54, 97, 206, 243, 191, 199, 236, 11, 102, 255, 115, 123, 250, 153, 53, 156, 180, 95;
 14, 64, 172, 222, 45, 242, 152, 68, 142, 167, 213, 2, 197, 217, 49, 104, 218, 36, 59, 163, 133, 5, 126, 220, 215, 111, 219, 159, 151, 187, 61, 134;
 91, 120, 106, 196, 70, 21, 232, 119, 12, 160, 222, 206, 57, 154, 244, 224, 110, 169, 151, 173, 200, 187, 22, 204, 146, 201, 171, 168, 45, 136, 120, 184;
 10, 214, 60, 189, 46, 57, 188, 111, 157, 63, 82, 243, 172, 62, 188, 200, 247, 17, 191, 33, 226, 20, 3, 215, 148, 119, 250, 151, 20, 76, 29, 123;
 24, 60, 154, 190, 87, 246, 176, 71, 188, 71, 78, 3, 60, 158, 34, 192, 227, 59, 147, 17, 6, 153, 16, 175, 95, 231, 26, 3, 128, 72, 61, 138;
 21, 89, 107, 204, 54, 203, 107, 80, 101, 192, 87, 230, 51, 197, 179, 68, 126, 168, 23, 238, 137, 176, 36, 92, 208, 140, 34, 128, 127, 171, 96, 113;
 38, 6, 162, 154, 213, 183, 183, 103, 93, 15, 93, 23, 104, 232, 62, 12, 217, 171, 131, 17, 60, 187, 72, 222, 51, 22, 222, 195, 215, 94, 252, 198;
 2, 17, 63, 197, 47, 217, 49, 5, 203, 60, 4, 40, 174, 149, 224, 236, 162, 60, 251, 65, 82, 185, 178, 209, 135, 240, 24, 115, 18, 12, 149, 239;
 18, 159, 3, 188, 82, 192, 175, 243, 148, 64, 88, 231, 32, 238, 49, 196, 124, 187, 147, 199, 203, 155, 18, 255, 52, 36, 170, 138, 61, 5, 57, 219;
 203, 210, 21, 173, 110, 29, 188, 188, 141, 122, 151, 254, 220, 125, 186, 239, 246, 85, 255, 103, 225, 101, 139, 217, 214, 243, 235, 150, 30, 190, 25, 81;
 227, 194, 77, 141, 108, 8, 108, 173, 77, 122, 144, 239, 224, 8, 156, 75, 202, 132, 47, 231, 205, 54, 71, 209, 148, 50, 250, 182, 61, 152, 80, 13;
 151, 87, 105, 79, 54, 159, 239, 56, 76, 64, 93, 230, 113, 68, 159, 37, 62, 168, 23, 239, 225, 16, 61, 92, 100, 8, 169, 128, 125, 179, 17, 245;
 171, 179, 179, 208, 229, 212, 176, 71, 248, 217, 82, 112, 140, 156, 228, 239, 205, 59, 179, 17, 151, 254, 162, 192, 13, 120, 254, 202, 134, 12, 245, 255;
 39, 237, 164, 247, 172, 52, 78, 167, 71, 146, 138, 16, 227, 170, 212, 110, 201, 234, 59, 206, 220, 202, 203, 160, 175, 222, 223, 88, 132, 251, 240, 44;
 187, 223, 78, 184, 60, 150, 200, 246, 149, 76, 214, 231, 41, 200, 179, 197, 108, 170, 159, 213, 239, 139, 86, 189, 178, 97, 170, 201, 63, 156, 120, 93;
 194, 177, 47, 182, 200, 205, 185, 101, 168, 213, 3, 25, 245, 223, 88, 3, 164, 55, 121, 145, 51, 105, 154, 69, 205, 193, 94, 232, 68, 0, 135, 250;
 48, 80, 75, 196, 68, 71, 234, 120, 5, 128, 245, 74, 19, 19, 177, 0, 58, 152, 23, 234, 73, 179, 48, 12, 83, 201, 160, 133, 103, 171, 114, 160;
 57, 115, 107, 104, 104, 135, 75, 80, 165, 76, 244, 77, 27, 143, 55, 80, 204, 169, 71, 238, 201, 167, 112, 152, 99, 249, 32, 168, 123, 158, 98, 249;
 57, 1, 120, 109, 84, 11, 227, 120, 84, 64, 125, 70, 83, 25, 179, 65, 122, 136, 6, 239, 137, 178, 20, 28, 84, 169, 32, 4, 127, 171, 104, 176;
 25, 144, 119, 215, 23, 198, 113, 53, 117, 161, 231, 18, 120, 23, 0, 101, 113, 180, 24, 152, 41, 220, 49, 207, 219, 174, 146, 66, 35, 128, 96, 42;
 47, 66, 234, 156, 102, 150, 184, 81, 217, 198, 87, 231, 89, 204, 191, 236, 126, 169, 23, 175, 133, 182, 164, 200, 22, 127, 234, 136, 111, 174, 121, 213;
 179, 93, 103, 204, 86, 146, 74, 116, 149, 192, 218, 230, 121, 222, 181, 245, 126, 240, 151, 230, 237, 147, 4, 239, 50, 46, 170, 130, 63, 183, 120, 21;
 107, 28, 176, 222, 107, 245, 152, 18, 139, 251, 29, 46, 44, 190, 215, 172, 207, 51, 183, 145, 135, 2, 242, 210, 23, 95, 218, 187, 159, 69, 15, 255;
 1, 157, 175, 245, 20, 134, 104, 55, 204, 201, 90, 87, 181, 174, 48, 66, 228, 43, 31, 133, 165, 153, 50, 205, 175, 237, 190, 128, 12, 8, 185, 88;
 39, 77, 99, 206, 213, 212, 94, 212, 69, 72, 92, 70, 42, 136, 183, 228, 216, 234, 150, 204, 207, 186, 52, 253, 54, 124, 132, 139, 63, 254, 120, 220;
 2, 158, 94, 184, 114, 168, 48, 50, 189, 13, 90, 247, 172, 170, 166, 201, 166, 59, 167, 5, 182, 152, 2, 245, 14, 118, 122, 195, 204, 132, 41, 31;
 43, 203, 98, 64, 87, 151, 206, 117, 95, 224, 118, 206, 40, 192, 182, 228, 92, 168, 150, 222, 205, 186, 52, 252, 63, 28, 133, 35, 127, 158, 248, 188;
 71, 172, 228, 182, 159, 144, 220, 169, 154, 247, 3, 155, 228, 248, 95, 75, 91, 103, 51, 151, 118, 108, 223, 171, 30, 39, 223, 121, 173, 124, 209, 78;
 83, 64, 113, 193, 110, 114, 233, 34, 109, 194, 190, 162, 9, 6, 149, 254, 98, 148, 254, 172, 65, 35, 101, 192, 22, 90, 98, 159, 23, 172, 109, 101;
 85, 76, 201, 245, 4, 238, 103, 178, 116, 194, 194, 82, 177, 35, 17, 105, 105, 230, 44, 202, 233, 252, 85, 42, 197, 162, 246, 0, 185, 241, 112, 48;
 220, 86, 237, 245, 34, 106, 61, 23, 52, 78, 150, 183, 223, 30, 147, 107, 231, 213, 189, 167, 172, 196, 117, 138, 231, 171, 254, 129, 165, 249, 149, 115;
 110, 135, 66, 200, 93, 179, 202, 105, 83, 36, 249, 139, 72, 232, 62, 132, 216, 169, 131, 164, 28, 51, 12, 223, 26, 94, 131, 253, 87, 14, 124, 132;
 2, 175, 10, 138, 87, 241, 186, 230, 142, 85, 24, 163, 172, 200, 126, 128, 235, 11, 147, 149, 70, 11, 14, 247, 62, 21, 142, 239, 29, 78, 61, 223;
 126, 104, 232, 168, 181, 114, 91, 208, 19, 229, 220, 163, 31, 31, 83, 236, 123, 221, 149, 219, 27, 22, 253, 162, 211, 229, 171, 245, 183, 255, 54, 114;
 11, 28, 164, 223, 29, 247, 152, 46, 223, 98, 78, 2, 104, 184, 55, 164, 200, 51, 179, 129, 133, 168, 113, 223, 15, 126, 154, 19, 223, 76, 88, 14;
 182, 103, 169, 164, 196, 39, 207, 254, 16, 238, 153, 223, 81, 173, 251, 1, 125, 206, 23, 239, 248, 86, 236, 10, 240, 4, 239, 172, 181, 248, 182, 248;
 58, 34, 106, 169, 44, 167, 216, 65, 13, 38, 211, 139, 95, 157, 58, 72, 254, 189, 191, 167, 200, 183, 65, 222, 209, 229, 154, 145, 53, 14, 56, 10;
 60, 81, 106, 109, 116, 71, 91, 112, 69, 224, 255, 11, 83, 27, 51, 112, 88, 188, 23, 234, 200, 146, 85, 12, 87, 169, 160, 149, 55, 171, 114, 194;
 90, 227, 6, 172, 29, 6, 90, 172, 5, 161, 138, 11, 199, 9, 56, 66, 248, 213, 253, 225, 72, 139, 145, 141, 249, 245, 143, 85, 36, 10, 56, 10;
 2, 156, 55, 217, 99, 238, 169, 55, 172, 21, 78, 18, 188, 151, 32, 236, 167, 51, 59, 153, 17, 156, 50, 213, 77, 54, 90, 66, 144, 0, 5, 248;
 170, 233, 226, 154, 223, 209, 188, 199, 154, 85, 80, 147, 44, 236, 126, 132, 235, 107, 147, 213, 54, 43, 14, 243, 62, 21, 158, 235, 215, 28, 189, 222;
 71, 211, 227, 229, 102, 0, 185, 208, 96, 93, 91, 246, 25, 31, 216, 110, 126, 93, 55, 175, 211, 146, 165, 192, 84, 44, 234, 196, 45, 162, 247, 241;
 79, 210, 238, 192, 231, 87, 248, 149, 207, 253, 22, 231, 137, 141, 246, 239, 39, 133, 191, 221, 197, 112, 63, 208, 14, 91, 255, 231, 175, 172, 221, 95;
 57, 89, 75, 12, 86, 13, 227, 120, 68, 68, 118, 98, 115, 85, 187, 96, 120, 168, 18, 111, 201, 178, 53, 45, 116, 41, 32, 8, 127, 171, 116, 249;
 4, 254, 190, 87, 242, 137, 39, 238, 90, 151, 99, 58, 110, 241, 41, 77, 51, 123, 162, 82, 114, 252, 186, 111, 105, 166, 85, 66, 192, 90, 133, 169;
 153, 131, 29, 237, 61, 22, 201, 93, 205, 61, 148, 70, 159, 3, 56, 231, 238, 5, 14, 56, 202, 173, 49, 205, 177, 249, 170, 20, 20, 8, 53, 41;
 255, 27, 106, 132, 230, 146, 254, 112, 233, 204, 223, 231, 73, 206, 183, 245, 126, 229, 215, 231, 220, 131, 164, 204, 50, 121, 171, 139, 39, 167, 126, 85;
 157, 57, 151, 81, 179, 159, 178, 83, 190, 161, 54, 80, 156, 153, 197, 32, 166, 124, 88, 88, 50, 249, 49, 42, 111, 201, 5, 66, 234, 33, 131, 163;
 232, 1, 237, 185, 212, 224, 233, 22, 16, 85, 86, 147, 177, 63, 16, 106, 74, 150, 49, 157, 58, 216, 115, 101, 69, 41, 186, 192, 165, 193, 180, 106;
 123, 30, 120, 236, 103, 124, 145, 19, 9, 93, 190, 175, 26, 61, 7, 59, 236, 181, 221, 17, 140, 170, 240, 196, 87, 121, 248, 219, 223, 13, 92, 91;
 26, 185, 58, 208, 179, 213, 185, 87, 171, 93, 156, 39, 44, 159, 102, 165, 166, 59, 149, 145, 210, 203, 50, 245, 235, 89, 30, 235, 134, 4, 175, 255;
 34, 181, 34, 136, 215, 213, 186, 103, 79, 69, 76, 11, 44, 156, 54, 4, 248, 59, 147, 145, 22, 58, 48, 221, 63, 84, 154, 107, 19, 14, 189, 222;
 144, 198, 15, 165, 20, 70, 228, 55, 100, 123, 210, 86, 17, 40, 24, 107, 105, 134, 42, 169, 255, 253, 17, 133, 253, 34, 254, 4, 45, 8, 244, 10;
 15, 153, 149, 223, 235, 80, 180, 169, 206, 211, 90, 98, 92, 114, 237, 239, 243, 83, 178, 32, 81, 64, 27, 209, 12, 54, 79, 14, 158, 122, 169, 5;
 227, 126, 235, 164, 48, 98, 73, 23, 41, 204, 94, 228, 179, 38, 147, 126, 70, 236, 61, 141, 137, 220, 229, 42, 224, 61, 250, 128, 12, 244, 52, 125;
 171, 0, 102, 65, 101, 62, 124, 118, 77, 226, 118, 215, 1, 47, 182, 121, 72, 172, 183, 174, 196, 180, 117, 192, 70, 251, 210, 128, 111, 221, 120, 214;
 236, 123, 32, 216, 109, 221, 19, 144, 201, 108, 180, 108, 170, 220, 231, 253, 204, 56, 254, 86, 203, 39, 226, 181, 7, 217, 160, 251, 18, 13, 90, 245;
 34, 165, 58, 201, 245, 244, 186, 231, 15, 77, 92, 3, 164, 158, 38, 100, 220, 59, 147, 145, 22, 186, 48, 221, 111, 92, 158, 235, 149, 14, 181, 223;
 54, 76, 186, 136, 199, 103, 215, 207, 207, 194, 88, 11, 18, 248, 117, 0, 249, 235, 19, 33, 0, 35, 18, 216, 113, 28, 135, 47, 221, 120, 244, 142;
 84, 201, 155, 224, 168, 196, 67, 134, 170, 165, 42, 0, 20, 183, 97, 84, 193, 116, 105, 88, 27, 9, 242, 50, 185, 164, 15, 126, 144, 17, 135, 114;
 157, 93, 85, 225, 21, 231, 67, 120, 84, 224, 86, 18, 27, 21, 161, 229, 120, 88, 18, 122, 105, 180, 113, 190, 229, 201, 161, 0, 62, 153, 112, 168;
 158, 184, 43, 250, 17, 196, 25, 208, 177, 221, 213, 23, 60, 223, 106, 97, 221, 187, 151, 209, 122, 207, 186, 230, 219, 217, 190, 234, 2, 1, 165, 243;
 126, 5, 122, 200, 85, 116, 82, 73, 113, 133, 239, 26, 106, 251, 126, 212, 240, 155, 185, 186, 26, 3, 248, 194, 251, 253, 130, 11, 178, 71, 236, 38;
 136, 201, 62, 248, 141, 221, 180, 228, 198, 20, 132, 2, 166, 153, 32, 192, 200, 178, 170, 64, 66, 45, 18, 149, 251, 209, 86, 127, 82, 28, 157, 42;
 20, 76, 84, 191, 15, 163, 162, 96, 143, 128, 235, 131, 110, 234, 37, 200, 251, 177, 2, 162, 8, 161, 10, 220, 16, 214, 67, 19, 209, 59, 36, 130;
 251, 87, 231, 70, 67, 6, 109, 61, 49, 230, 243, 239, 104, 38, 157, 214, 126, 196, 183, 238, 233, 214, 245, 206, 53, 62, 140, 128, 47, 182, 182, 125;
 34, 136, 124, 241, 118, 171, 233, 6, 30, 245, 118, 143, 181, 9, 22, 9, 43, 42, 51, 29, 2, 248, 85, 189, 76, 27, 218, 97, 221, 136, 85, 248;
 237, 114, 224, 211, 109, 61, 169, 24, 90, 190, 53, 94, 208, 193, 221, 174, 93, 76, 50, 26, 195, 118, 250, 128, 7, 27, 209, 188, 95, 249, 88, 180;
 95, 249, 226, 34, 37, 212, 86, 212, 233, 236, 151, 47, 42, 220, 94, 246, 160, 255, 253, 211, 204, 99, 188, 224, 187, 89, 133, 235, 47, 23, 254, 87;
 71, 223, 195, 222, 252, 128, 174, 249, 154, 136, 209, 230, 224, 226, 252, 231, 94, 109, 62, 234, 193, 195, 142, 233, 60, 40, 239, 168, 29, 178, 177, 133;
 99, 128, 168, 194, 221, 85, 217, 141, 207, 125, 159, 26, 192, 124, 94, 162, 217, 18, 251, 17, 150, 40, 255, 131, 15, 95, 158, 255, 149, 14, 212, 102;
 63, 159, 104, 234, 125, 181, 203, 250, 71, 76, 220, 110, 41, 232, 183, 164, 217, 232, 151, 231, 175, 42, 122, 191, 58, 93, 171, 232, 95, 175, 120, 213;
 106, 56, 225, 94, 75, 253, 153, 18, 139, 79, 29, 143, 40, 156, 86, 174, 167, 179, 245, 129, 131, 35, 186, 241, 19, 95, 88, 187, 215, 87, 31, 119;
 255, 81, 55, 202, 111, 92, 188, 80, 137, 92, 151, 110, 28, 157, 103, 255, 174, 145, 223, 227, 197, 7, 50, 224, 87, 121, 202, 186, 23, 191, 5, 119;
 167, 22, 103, 213, 84, 54, 235, 112, 221, 234, 215, 214, 80, 72, 190, 231, 124, 100, 26, 239, 177, 181, 61, 206, 4, 42, 235, 196, 47, 173, 112, 245;
 203, 210, 96, 196, 102, 20, 253, 48, 73, 126, 23, 183, 25, 15, 222, 111, 38, 133, 55, 239, 193, 20, 165, 192, 70, 25, 250, 228, 47, 165, 81, 117;
 146, 140, 63, 247, 52, 192, 185, 32, 156, 86, 215, 50, 253, 254, 54, 105, 232, 115, 189, 195, 122, 205, 42, 239, 193, 243, 218, 131, 4, 9, 53, 106;
 252, 65, 250, 228, 15, 91, 85, 109, 65, 166, 246, 42, 75, 221, 107, 0, 122, 156, 181, 227, 72, 183, 225, 136, 243, 197, 229, 61, 119, 62, 156, 34;
 79, 153, 144, 134, 95, 21, 178, 200, 206, 185, 147, 102, 108, 218, 239, 198, 166, 69, 250, 209, 135, 73, 155, 241, 24, 20, 15, 254, 158, 47, 41, 31;
 217, 64, 239, 165, 38, 74, 105, 56, 132, 230, 22, 135, 215, 47, 51, 75, 118, 196, 61, 239, 169, 213, 37, 136, 208, 227, 235, 148, 44, 187, 21, 120;
 52, 1, 107, 237, 116, 66, 89, 112, 1, 36, 246, 11, 19, 29, 49, 80, 88, 156, 23, 169, 8, 178, 80, 12, 83, 233, 160, 4, 103, 171, 118, 226;
 3, 89, 179, 63, 34, 13, 63, 84, 172, 70, 66, 229, 189, 230, 171, 122, 134, 121, 92, 71, 197, 145, 52, 104, 128, 116, 90, 130, 76, 247, 35, 125;
 188, 80, 250, 238, 85, 118, 115, 220, 83, 204, 100, 2, 89, 215, 43, 120, 216, 248, 147, 122, 138, 183, 184, 155, 115, 237, 161, 45, 178, 251, 116, 227;
 171, 73, 113, 79, 85, 151, 207, 252, 85, 0, 116, 66, 104, 88, 181, 164, 88, 232, 18, 235, 231, 46, 124, 255, 36, 124, 138, 10, 127, 191, 112, 172;
 70, 187, 179, 186, 175, 68, 156, 65, 139, 223, 145, 183, 140, 252, 118, 138, 167, 51, 191, 151, 208, 67, 154, 192, 185, 86, 79, 255, 148, 118, 165, 87;
 247, 79, 106, 132, 118, 146, 251, 112, 185, 196, 215, 183, 73, 238, 183, 81, 126, 229, 151, 231, 244, 135, 36, 206, 114, 107, 171, 137, 37, 183, 126, 213;
 74, 16, 119, 209, 19, 226, 121, 1, 189, 3, 71, 178, 121, 87, 172, 124, 50, 176, 187, 136, 35, 212, 37, 213, 71, 190, 146, 195, 174, 128, 37, 50;
 2, 26, 155, 253, 39, 244, 56, 23, 159, 15, 94, 114, 172, 190, 36, 232, 199, 59, 175, 0, 20, 152, 34, 195, 135, 247, 250, 139, 144, 72, 173, 127;
 104, 237, 153, 216, 92, 213, 67, 222, 82, 45, 76, 10, 50, 147, 224, 116, 81, 26, 2, 88, 11, 90, 232, 55, 111, 141, 180, 109, 146, 152, 244, 170;
 139, 243, 232, 193, 54, 134, 249, 158, 62, 89, 86, 247, 157, 31, 219, 36, 62, 25, 151, 221, 163, 148, 33, 195, 110, 77, 170, 196, 175, 133, 57, 249;
 163, 68, 235, 204, 69, 70, 237, 125, 16, 234, 213, 74, 80, 247, 253, 119, 124, 204, 19, 238, 225, 215, 248, 202, 55, 40, 199, 172, 43, 242, 242, 252;
 10, 120, 50, 216, 111, 221, 176, 86, 237, 222, 116, 45, 142, 156, 103, 205, 130, 40, 207, 64, 196, 37, 178, 144, 7, 81, 16, 123, 90, 28, 95, 215;
 43, 151, 232, 155, 213, 149, 190, 255, 31, 79, 93, 151, 104, 236, 190, 68, 221, 10, 147, 133, 246, 186, 124, 247, 111, 127, 158, 195, 159, 78, 252, 215;
 38, 22, 188, 235, 204, 39, 212, 9, 206, 55, 189, 19, 193, 120, 62, 74, 205, 147, 43, 49, 144, 32, 91, 144, 15, 223, 219, 55, 209, 74, 220, 166;
 19, 175, 40, 187, 118, 191, 176, 230, 78, 61, 88, 167, 166, 40, 186, 1, 238, 11, 23, 5, 150, 184, 69, 181, 142, 81, 58, 227, 53, 12, 153, 207;
 98, 4, 102, 222, 23, 240, 186, 38, 29, 5, 79, 146, 104, 252, 62, 228, 218, 179, 187, 145, 22, 184, 53, 255, 63, 62, 154, 67, 215, 79, 124, 78;
 216, 105, 154, 246, 14, 192, 31, 100, 132, 132, 195, 2, 117, 211, 96, 67, 98, 245, 57, 195, 104, 199, 146, 168, 240, 161, 174, 8, 45, 50, 33, 42;
 54, 74, 106, 232, 77, 195, 89, 97, 21, 38, 209, 11, 3, 137, 48, 72, 120, 185, 23, 171, 8, 183, 64, 210, 211, 237, 138, 185, 53, 139, 116, 130;
 116, 11, 82, 206, 125, 145, 74, 97, 145, 4, 249, 10, 35, 225, 37, 212, 88, 224, 134, 74, 88, 43, 74, 191, 50, 252, 128, 57, 55, 171, 124, 32;
 20, 224, 47, 184, 9, 197, 145, 232, 174, 29, 128, 1, 245, 223, 72, 10, 161, 83, 125, 195, 82, 69, 170, 53, 201, 227, 122, 221, 64, 1, 167, 242;
 41, 38, 82, 205, 116, 191, 235, 94, 89, 227, 93, 94, 175, 136, 191, 164, 159, 106, 22, 61, 183, 188, 36, 142, 166, 221, 30, 32, 222, 223, 217, 237;
 147, 78, 106, 90, 84, 148, 170, 196, 212, 72, 212, 134, 49, 202, 183, 96, 108, 169, 18, 205, 231, 143, 54, 255, 50, 45, 170, 136, 29, 146, 121, 220;
 76, 211, 185, 226, 252, 45, 191, 220, 142, 121, 29, 106, 221, 221, 248, 32, 183, 27, 63, 95, 146, 50, 42, 241, 246, 221, 47, 252, 148, 219, 133, 97;
 190, 128, 194, 186, 219, 225, 154, 202, 23, 5, 249, 179, 13, 206, 110, 64, 255, 155, 131, 148, 62, 27, 74, 247, 154, 212, 154, 239, 245, 13, 44, 210;
 157, 13, 95, 199, 135, 119, 79, 246, 85, 226, 230, 2, 115, 51, 177, 237, 121, 246, 26, 106, 105, 180, 117, 190, 167, 207, 212, 0, 55, 251, 112, 172;
 35, 209, 0, 139, 117, 149, 170, 109, 74, 105, 89, 78, 140, 152, 190, 164, 220, 11, 18, 13, 215, 58, 92, 213, 44, 20, 138, 238, 29, 14, 153, 221;
 43, 191, 98, 152, 255, 209, 186, 101, 221, 77, 212, 167, 168, 172, 182, 229, 222, 171, 147, 229, 182, 43, 36, 253, 62, 24, 142, 251, 23, 12, 253, 223;
 63, 71, 226, 74, 149, 54, 207, 101, 81, 141, 221, 22, 72, 104, 191, 164, 252, 172, 23, 189, 185, 147, 60, 206, 58, 126, 143, 196, 207, 246, 242, 228;
 210, 223, 110, 190, 18, 128, 159, 244, 156, 12, 210, 231, 117, 238, 162, 67, 102, 243, 31, 231, 240, 203, 4, 109, 240, 33, 234, 136, 61, 145, 37, 89;
 47, 160, 249, 219, 85, 245, 187, 72, 90, 95, 117, 19, 216, 220, 94, 168, 217, 25, 147, 151, 150, 118, 250, 241, 79, 29, 155, 239, 213, 15, 87, 230;
 70, 20, 167, 223, 205, 118, 184, 138, 157, 87, 11, 19, 72, 126, 63, 207, 241, 83, 187, 181, 52, 64, 59, 192, 15, 126, 219, 6, 149, 101, 53, 118;
 161, 196, 119, 72, 100, 203, 207, 172, 221, 114, 112, 26, 83, 88, 190, 37, 90, 136, 22, 111, 237, 182, 100, 159, 44, 26, 69, 124, 87, 156, 208, 236;
 43, 162, 231, 197, 116, 87, 105, 112, 135, 253, 86, 230, 208, 37, 147, 174, 92, 236, 183, 172, 137, 216, 101, 140, 78, 31, 249, 132, 167, 172, 92, 252;
 127, 221, 113, 162, 235, 245, 159, 248, 139, 90, 152, 235, 76, 252, 239, 188, 151, 211, 221, 231, 215, 3, 42, 243, 179, 94, 45, 254, 150, 119, 167, 119;
 182, 38, 72, 179, 116, 161, 250, 200, 23, 47, 81, 191, 65, 204, 126, 9, 253, 139, 135, 183, 62, 118, 72, 182, 30, 86, 155, 239, 245, 79, 124, 210;
 19, 46, 122, 233, 22, 191, 218, 98, 77, 167, 92, 6, 175, 40, 54, 32, 187, 42, 22, 61, 156, 184, 52, 174, 235, 95, 1, 49, 244, 203, 93, 196;
 167, 204, 77, 215, 244, 178, 78, 190, 21, 147, 6, 146, 209, 101, 185, 109, 95, 226, 19, 254, 249, 222, 125, 175, 110, 30, 213, 84, 182, 249, 216, 32;
 45, 243, 61, 251, 236, 133, 255, 253, 134, 88, 92, 102, 221, 215, 233, 107, 223, 83, 23, 122, 211, 66, 106, 177, 111, 201, 239, 172, 20, 219, 179, 225;
 18, 157, 22, 158, 50, 172, 180, 103, 141, 1, 219, 226, 44, 190, 36, 101, 230, 51, 159, 129, 80, 137, 0, 237, 176, 48, 90, 194, 20, 74, 161, 15;
 171, 211, 96, 217, 125, 179, 223, 254, 87, 101, 244, 175, 41, 205, 191, 133, 95, 138, 151, 239, 239, 58, 110, 191, 102, 95, 191, 189, 119, 220, 84, 221;
 31, 27, 231, 150, 231, 212, 191, 242, 173, 78, 94, 166, 108, 254, 183, 230, 102, 243, 191, 199, 211, 141, 54, 239, 17, 111, 170, 130, 15, 53, 53, 253;
 198, 61, 184, 178, 174, 196, 30, 33, 155, 202, 153, 191, 252, 255, 123, 2, 151, 123, 181, 151, 215, 15, 154, 226, 251, 21, 15, 251, 156, 103, 167, 83;
 133, 133, 28, 187, 180, 143, 172, 173, 222, 56, 27, 66, 244, 115, 56, 75, 243, 3, 59, 105, 115, 88, 75, 125, 172, 42, 111, 212, 156, 90, 145, 137;
 199, 76, 172, 222, 141, 116, 158, 138, 159, 210, 130, 19, 172, 190, 119, 110, 193, 69, 59, 135, 46, 69, 251, 226, 129, 62, 223, 23, 152, 121, 57, 94;
 253, 93, 245, 76, 223, 87, 86, 187, 195, 224, 172, 14, 90, 124, 39, 246, 86, 244, 200, 104, 233, 35, 244, 142, 59, 125, 5, 62, 251, 252, 70, 127;
 211, 114, 26, 132, 27, 149, 154, 72, 11, 236, 145, 111, 45, 218, 239, 196, 182, 141, 204, 245, 135, 7, 132, 221, 146, 209, 11, 191, 61, 7, 41, 23;
 48, 208, 120, 202, 93, 213, 211, 205, 71, 45, 253, 42, 50, 217, 174, 112, 216, 152, 130, 64, 78, 58, 123, 191, 119, 141, 164, 59, 83, 26, 212, 171;
 91, 8, 252, 181, 38, 40, 121, 2, 9, 231, 23, 155, 157, 63, 82, 74, 39, 229, 61, 157, 132, 212, 245, 192, 214, 235, 122, 145, 164, 233, 17, 64;
 188, 80, 250, 108, 95, 87, 87, 93, 83, 166, 228, 10, 90, 223, 47, 240, 248, 188, 131, 98, 108, 183, 56, 138, 115, 233, 5, 63, 51, 254, 102, 226;
 82, 21, 158, 253, 143, 102, 188, 111, 173, 23, 202, 19, 108, 191, 44, 75, 230, 87, 123, 161, 32, 193, 147, 201, 145, 242, 218, 3, 133, 112, 165, 10;
 202, 142, 90, 174, 119, 176, 122, 242, 61, 7, 79, 151, 109, 171, 58, 208, 231, 131, 163, 141, 50, 26, 18, 247, 210, 245, 154, 73, 182, 199, 57, 72;
 188, 81, 250, 236, 71, 83, 87, 113, 81, 166, 229, 58, 91, 253, 106, 17, 122, 188, 163, 98, 104, 183, 176, 138, 115, 201, 5, 47, 55, 184, 236, 242;
 243, 212, 111, 197, 70, 106, 237, 111, 48, 114, 70, 146, 17, 53, 156, 119, 123, 220, 49, 172, 97, 222, 181, 207, 21, 43, 210, 132, 37, 224, 118, 248;
 168, 233, 97, 90, 93, 217, 199, 253, 87, 0, 84, 26, 19, 201, 248, 165, 88, 184, 130, 106, 106, 62, 108, 151, 119, 9, 133, 125, 119, 154, 214, 224;
 191, 87, 98, 230, 164, 54, 95, 55, 217, 202, 63, 246, 91, 127, 191, 53, 30, 245, 149, 238, 237, 132, 36, 238, 226, 221, 164, 128, 47, 255, 248, 117;
 145, 76, 43, 190, 20, 196, 239, 124, 84, 74, 208, 71, 113, 206, 187, 96, 248, 171, 23, 239, 239, 167, 62, 127, 113, 45, 186, 136, 29, 18, 113, 218;
 170, 124, 124, 219, 93, 213, 147, 206, 223, 62, 116, 7, 40, 220, 119, 1, 205, 121, 147, 67, 230, 111, 90, 251, 103, 25, 153, 59, 87, 29, 92, 223;
 103, 220, 175, 214, 109, 116, 191, 226, 201, 127, 187, 49, 108, 126, 190, 167, 173, 83, 223, 167, 228, 101, 40, 231, 49, 94, 223, 151, 149, 119, 213, 87;
 231, 67, 122, 192, 100, 20, 222, 84, 233, 104, 177, 238, 159, 138, 181, 255, 238, 165, 23, 239, 237, 39, 132, 200, 178, 249, 234, 184, 93, 179, 107, 133;
 173, 158, 88, 251, 244, 188, 98, 146, 86, 25, 118, 116, 187, 211, 232, 213, 85, 26, 134, 88, 179, 188, 64, 183, 14, 255, 50, 64, 154, 137, 216, 137;
 130, 128, 19, 251, 93, 245, 170, 72, 30, 3, 67, 18, 140, 222, 124, 232, 249, 11, 19, 159, 38, 156, 58, 243, 7, 221, 154, 75, 144, 11, 53, 134;
 47, 198, 232, 147, 252, 177, 187, 200, 30, 63, 85, 179, 201, 204, 255, 104, 223, 73, 183, 151, 166, 84, 111, 243, 79, 87, 191, 237, 151, 223, 149, 229;
 214, 57, 191, 176, 234, 192, 61, 99, 186, 246, 0, 187, 28, 254, 97, 59, 167, 253, 179, 145, 85, 79, 182, 192, 217, 2, 223, 235, 132, 96, 167, 215;
 90, 156, 62, 191, 55, 180, 114, 55, 173, 9, 95, 35, 46, 63, 34, 196, 230, 51, 157, 1, 54, 153, 0, 239, 251, 245, 186, 195, 34, 4, 189, 75;
 200, 18, 154, 187, 176, 164, 57, 23, 190, 79, 87, 52, 188, 190, 162, 104, 231, 59, 174, 16, 150, 140, 162, 99, 199, 165, 58, 201, 144, 64, 173, 91;
 6, 126, 62, 200, 46, 240, 179, 210, 200, 220, 220, 166, 36, 198, 231, 47, 230, 120, 155, 252, 131, 7, 166, 253, 18, 16, 171, 235, 28, 137, 55, 253;
 103, 118, 113, 72, 120, 125, 134, 56, 105, 106, 185, 108, 240, 88, 157, 189, 158, 24, 94, 35, 167, 2, 236, 93, 36, 28, 33, 190, 92, 131, 66, 181;
 184, 91, 47, 219, 193, 212, 185, 85, 38, 29, 247, 98, 57, 159, 165, 120, 236, 152, 183, 210, 219, 158, 35, 241, 87, 225, 242, 129, 19, 147, 236, 123;
 62, 34, 209, 128, 205, 123, 128, 78, 73, 175, 176, 90, 10, 40, 101, 191, 233, 197, 130, 49, 29, 107, 117, 194, 153, 86, 215, 119, 147, 125, 223, 134;
 176, 253, 121, 107, 126, 195, 151, 253, 86, 108, 245, 58, 19, 28, 172, 32, 223, 24, 6, 98, 250, 62, 121, 55, 119, 141, 37, 118, 85, 10, 244, 243;
 62, 146, 243, 82, 247, 208, 117, 69, 85, 29, 119, 50, 72, 223, 172, 236, 250, 184, 134, 152, 90, 178, 42, 192, 123, 253, 20, 195, 227, 142, 228, 231;
 17, 141, 126, 224, 150, 175, 218, 99, 76, 141, 219, 7, 87, 56, 54, 32, 178, 163, 30, 37, 148, 185, 21, 31, 249, 13, 35, 81, 245, 42, 249, 7;
 167, 201, 196, 211, 205, 194, 237, 166, 222, 179, 130, 18, 224, 98, 86, 111, 73, 198, 58, 222, 126, 88, 127, 241, 47, 42, 223, 69, 177, 88, 208, 12;
 194, 176, 182, 240, 169, 188, 184, 143, 154, 59, 18, 177, 188, 190, 104, 235, 167, 19, 253, 17, 183, 77, 146, 211, 153, 83, 94, 254, 140, 76, 137, 27;
 22, 30, 203, 167, 146, 38, 43, 82, 52, 196, 75, 199, 125, 167, 35, 72, 118, 255, 49, 159, 144, 144, 149, 234, 192, 166, 170, 128, 173, 227, 33, 209;
 167, 205, 109, 25, 205, 219, 228, 37, 221, 240, 18, 94, 80, 88, 182, 165, 104, 160, 18, 109, 245, 252, 117, 157, 46, 10, 197, 208, 125, 12, 216, 212;
 211, 193, 46, 165, 162, 86, 125, 189, 36, 112, 150, 179, 93, 46, 186, 99, 102, 215, 61, 239, 253, 217, 37, 68, 248, 97, 238, 196, 45, 180, 161, 88;
 60, 6, 103, 101, 228, 98, 197, 94, 89, 238, 122, 239, 83, 44, 149, 169, 220, 70, 133, 39, 184, 242, 101, 140, 96, 218, 244, 128, 229, 253, 84, 245;
 252, 148, 243, 236, 181, 110, 87, 91, 17, 43, 255, 26, 91, 253, 56, 113, 249, 222, 21, 34, 40, 183, 184, 131, 243, 255, 193, 61, 115, 249, 244, 162;
 207, 254, 225, 83, 231, 92, 253, 191, 123, 127, 20, 187, 185, 61, 222, 187, 39, 91, 247, 159, 247, 92, 175, 243, 111, 79, 253, 237, 167, 213, 215, 251;
 183, 185, 109, 67, 244, 219, 182, 249, 86, 120, 213, 122, 50, 24, 182, 33, 232, 154, 22, 123, 255, 62, 125, 191, 63, 11, 165, 247, 93, 9, 218, 239;
 246, 215, 241, 204, 250, 81, 159, 255, 139, 234, 152, 239, 92, 254, 245, 38, 191, 209, 223, 227, 225, 3, 46, 218, 185, 20, 143, 190, 181, 244, 183, 127;
 90, 25, 226, 222, 95, 212, 187, 238, 231, 68, 206, 131, 105, 255, 55, 100, 126, 243, 187, 199, 195, 139, 63, 237, 83, 127, 138, 10, 55, 183, 53, 254;
 247, 93, 254, 118, 236, 54, 222, 252, 201, 218, 190, 127, 90, 126, 191, 119, 167, 215, 253, 231, 237, 71, 184, 238, 59, 123, 237, 150, 143, 247, 232, 119;
 35, 41, 236, 197, 79, 145, 232, 64, 134, 160, 134, 130, 176, 214, 213, 38, 72, 116, 122, 220, 64, 200, 119, 233, 15, 13, 203, 25, 39, 170, 120, 172;
 66, 129, 172, 177, 140, 64, 184, 143, 143, 53, 138, 147, 196, 46, 30, 74, 233, 151, 123, 145, 22, 9, 95, 193, 189, 50, 222, 71, 149, 88, 189, 90;
 78, 153, 87, 210, 195, 88, 54, 175, 57, 89, 99, 184, 78, 55, 140, 247, 39, 215, 228, 98, 83, 89, 163, 229, 59, 242, 84, 71, 42, 132, 165, 53;
 82, 145, 159, 173, 142, 100, 189, 175, 140, 23, 194, 19, 212, 63, 40, 75, 233, 23, 59, 129, 24, 89, 147, 193, 245, 34, 222, 79, 132, 112, 181, 90;
 83, 112, 24, 129, 10, 35, 153, 72, 104, 228, 139, 175, 156, 158, 195, 107, 230, 141, 122, 165, 133, 7, 245, 92, 208, 1, 171, 252, 13, 2, 41, 83;
 202, 131, 118, 198, 46, 16, 120, 49, 173, 168, 151, 98, 248, 223, 156, 231, 166, 53, 253, 106, 128, 1, 171, 205, 31, 57, 137, 147, 6, 166, 81, 45;
 12, 98, 208, 163, 228, 169, 235, 208, 142, 29, 29, 166, 156, 131, 251, 74, 111, 73, 31, 95, 146, 48, 8, 240, 196, 28, 186, 236, 156, 219, 129, 129;
 120, 204, 153, 190, 13, 101, 71, 174, 139, 26, 168, 8, 182, 241, 65, 242, 201, 242, 109, 11, 10, 35, 250, 49, 241, 180, 209, 59, 16, 123, 84, 42;
 50, 147, 103, 129, 118, 210, 248, 71, 5, 101, 250, 183, 1, 12, 182, 84, 110, 189, 151, 133, 156, 186, 101, 220, 22, 126, 154, 199, 173, 140, 244, 215;
 246, 224, 225, 178, 206, 113, 159, 200, 30, 246, 149, 187, 205, 236, 255, 47, 127, 219, 179, 243, 126, 71, 238, 242, 221, 65, 207, 253, 181, 127, 149, 242;
 61, 76, 205, 237, 28, 103, 75, 152, 23, 226, 142, 130, 83, 117, 153, 108, 89, 196, 61, 238, 41, 129, 121, 186, 233, 207, 225, 20, 182, 251, 84, 96;
 178, 108, 88, 231, 38, 233, 94, 71, 9, 138, 188, 186, 43, 11, 149, 24, 234, 187, 23, 130, 108, 182, 64, 234, 182, 217, 190, 147, 101, 217, 94, 15;
 100, 203, 212, 199, 236, 26, 110, 164, 237, 144, 179, 98, 75, 41, 228, 211, 226, 246, 238, 66, 84, 233, 11, 232, 62, 184, 197, 1, 23, 250, 72, 12;
 166, 113, 236, 250, 206, 97, 151, 200, 130, 150, 177, 187, 64, 223, 109, 11, 91, 217, 131, 243, 66, 103, 74, 240, 83, 128, 207, 191, 117, 123, 180, 242]