[179, 213, 106, 171, 246, 151, 190, 125, 28, 72, 213, 247, 56, 222, 190, 97, 254, 27, 151, 231, 247, 138, 52, 223, 98, 89, 170, 192, 29, 14, 185, 215;
 155, 115, 65, 201, 55, 22, 78, 93, 81, 232, 212, 230, 9, 19, 245, 164, 126, 156, 150, 252, 207, 151, 181, 222, 50, 220, 174, 166, 63, 150, 58, 189;
 6, 148, 43, 137, 178, 230, 186, 139, 62, 77, 90, 247, 148, 110, 62, 64, 247, 27, 147, 149, 151, 152, 53, 215, 13, 54, 154, 198, 156, 68, 53, 215;
 83, 198, 67, 204, 38, 30, 108, 55, 45, 3, 250, 198, 42, 10, 180, 244, 230, 133, 62, 172, 205, 185, 21, 207, 178, 252, 146, 146, 45, 154, 232, 12;
 210, 72, 103, 229, 7, 192, 233, 70, 229, 36, 86, 34, 41, 159, 48, 109, 106, 189, 63, 201, 8, 157, 166, 208, 213, 160, 154, 129, 55, 0, 53, 106;
 25, 16, 63, 201, 53, 223, 113, 81, 69, 72, 119, 102, 90, 213, 161, 236, 244, 56, 150, 56, 137, 176, 48, 156, 195, 233, 32, 130, 58, 138, 116, 51;
 2, 5, 150, 189, 165, 230, 188, 39, 29, 14, 90, 35, 236, 170, 32, 204, 224, 35, 171, 129, 84, 152, 3, 201, 133, 54, 218, 3, 16, 92, 181, 142;
 84, 28, 151, 244, 3, 110, 48, 19, 189, 138, 202, 98, 94, 55, 33, 91, 166, 181, 61, 32, 8, 209, 17, 200, 209, 246, 122, 2, 168, 97, 37, 35;
 208, 43, 19, 148, 135, 234, 101, 1, 184, 134, 34, 200, 135, 5, 65, 31, 34, 164, 108, 8, 56, 228, 130, 76, 212, 162, 81, 41, 96, 57, 7, 42;
 5, 28, 28, 235, 60, 239, 90, 16, 196, 41, 155, 32, 247, 27, 41, 105, 200, 51, 30, 16, 31, 160, 81, 60, 195, 249, 170, 80, 152, 139, 24, 3;
 10, 221, 82, 210, 243, 161, 190, 211, 175, 128, 122, 194, 44, 207, 101, 128, 174, 59, 151, 210, 66, 57, 10, 245, 63, 152, 14, 202, 23, 210, 169, 137;
 130, 66, 83, 177, 38, 160, 41, 87, 172, 33, 82, 246, 189, 139, 176, 72, 102, 45, 63, 137, 1, 156, 133, 208, 132, 160, 186, 128, 60, 129, 33, 168;
 35, 147, 45, 201, 104, 5, 105, 60, 5, 93, 85, 205, 16, 13, 154, 89, 76, 24, 55, 173, 195, 18, 115, 81, 71, 57, 248, 236, 28, 128, 148, 241;
 162, 27, 250, 93, 254, 168, 185, 23, 204, 13, 88, 245, 172, 172, 182, 0, 206, 51, 183, 5, 150, 168, 70, 227, 70, 52, 58, 139, 205, 204, 247, 219;
 73, 34, 154, 177, 96, 172, 113, 23, 234, 13, 127, 92, 151, 131, 194, 10, 166, 13, 108, 28, 18, 120, 130, 1, 196, 225, 50, 40, 72, 193, 139, 129;
 147, 223, 35, 205, 22, 215, 164, 103, 92, 72, 82, 198, 160, 140, 182, 228, 120, 40, 18, 141, 229, 184, 53, 223, 32, 44, 154, 130, 125, 12, 121, 221;
 183, 199, 105, 168, 172, 7, 207, 252, 17, 126, 144, 255, 83, 76, 191, 9, 95, 192, 21, 231, 236, 54, 109, 158, 114, 8, 237, 212, 125, 191, 244, 85;
 171, 93, 99, 77, 117, 210, 239, 116, 85, 64, 126, 194, 56, 28, 181, 229, 126, 48, 18, 232, 225, 184, 53, 255, 38, 58, 130, 130, 95, 156, 112, 188;
 62, 169, 106, 218, 95, 209, 147, 225, 214, 133, 157, 34, 32, 200, 126, 0, 105, 187, 131, 209, 26, 43, 46, 255, 121, 5, 143, 123, 245, 10, 116, 174;
 158, 56, 168, 186, 159, 145, 152, 72, 23, 135, 212, 179, 168, 204, 119, 72, 223, 185, 159, 145, 74, 71, 76, 242, 219, 85, 158, 251, 183, 29, 60, 26;
 22, 19, 175, 222, 142, 196, 189, 81, 132, 204, 211, 231, 112, 222, 165, 106, 238, 185, 63, 147, 212, 131, 54, 200, 123, 32, 174, 138, 149, 42, 181, 247;
 34, 105, 232, 194, 198, 209, 223, 213, 11, 164, 60, 139, 41, 143, 87, 0, 62, 185, 151, 223, 194, 18, 252, 240, 127, 92, 141, 187, 231, 182, 70, 234;
 222, 155, 176, 181, 189, 219, 89, 51, 133, 61, 22, 171, 143, 61, 34, 71, 206, 176, 191, 81, 28, 56, 98, 160, 207, 209, 192, 211, 182, 173, 20, 83;
 88, 76, 234, 236, 69, 102, 125, 87, 113, 206, 94, 2, 59, 183, 51, 124, 112, 252, 55, 136, 72, 146, 176, 200, 247, 237, 210, 9, 39, 240, 116, 106;
 78, 156, 237, 144, 111, 249, 177, 194, 207, 119, 31, 187, 140, 188, 246, 43, 163, 21, 255, 1, 6, 53, 175, 209, 87, 21, 75, 191, 215, 124, 85, 119;
 129, 217, 63, 89, 36, 206, 237, 151, 237, 19, 102, 16, 182, 17, 52, 125, 162, 18, 26, 72, 227, 189, 49, 117, 103, 184, 18, 0, 82, 144, 225, 168;
 14, 174, 127, 240, 199, 193, 177, 226, 143, 156, 124, 162, 12, 221, 103, 43, 175, 121, 135, 83, 80, 253, 34, 236, 95, 83, 127, 227, 199, 9, 37, 227;
 154, 146, 113, 249, 42, 96, 89, 58, 23, 23, 85, 177, 189, 23, 168, 77, 95, 153, 183, 128, 42, 22, 99, 215, 199, 243, 218, 234, 54, 128, 36, 243;
 46, 59, 227, 161, 119, 243, 170, 194, 78, 237, 88, 231, 41, 140, 118, 132, 122, 123, 147, 213, 147, 184, 69, 240, 13, 93, 139, 161, 215, 79, 93, 241;
 163, 86, 103, 159, 100, 167, 175, 252, 85, 94, 81, 247, 224, 76, 191, 109, 93, 106, 19, 239, 229, 180, 110, 191, 36, 58, 250, 128, 95, 221, 112, 253;
 195, 95, 37, 188, 13, 164, 220, 182, 141, 124, 130, 197, 168, 44, 55, 195, 204, 183, 249, 197, 237, 9, 211, 221, 191, 114, 202, 210, 30, 52, 16, 94;
 51, 221, 96, 206, 214, 19, 206, 254, 81, 98, 124, 238, 115, 108, 188, 161, 127, 202, 23, 239, 237, 58, 92, 191, 54, 14, 165, 168, 125, 254, 218, 156;
 2, 193, 230, 159, 182, 64, 188, 229, 30, 65, 90, 163, 236, 252, 62, 224, 255, 123, 179, 133, 212, 184, 15, 233, 44, 54, 222, 131, 149, 126, 181, 223;
 41, 208, 252, 204, 109, 22, 204, 253, 94, 91, 117, 70, 112, 248, 190, 225, 216, 8, 18, 173, 207, 50, 122, 145, 7, 123, 242, 12, 31, 252, 248, 141;
 75, 16, 233, 189, 98, 121, 121, 31, 31, 95, 84, 191, 188, 29, 26, 104, 134, 9, 183, 133, 135, 30, 119, 209, 86, 123, 248, 139, 62, 4, 148, 91;
 154, 137, 94, 190, 62, 194, 250, 96, 196, 16, 210, 226, 53, 218, 176, 97, 106, 177, 31, 195, 109, 173, 6, 253, 208, 227, 234, 129, 53, 137, 57, 11;
 54, 194, 106, 202, 122, 209, 27, 232, 133, 68, 253, 171, 105, 206, 174, 80, 126, 153, 151, 226, 74, 3, 46, 223, 114, 5, 170, 171, 53, 131, 46, 242;
 98, 172, 56, 26, 248, 165, 152, 143, 206, 25, 136, 41, 164, 152, 20, 240, 205, 147, 251, 145, 146, 11, 78, 117, 45, 29, 154, 251, 213, 6, 153, 47;
 11, 50, 66, 136, 99, 180, 184, 64, 45, 68, 81, 167, 172, 138, 183, 204, 254, 41, 147, 149, 134, 158, 22, 209, 22, 116, 154, 203, 30, 7, 57, 223;
 145, 76, 126, 76, 68, 210, 233, 114, 245, 130, 246, 2, 57, 137, 183, 101, 106, 164, 6, 168, 232, 189, 37, 206, 83, 171, 226, 0, 119, 184, 96, 168;
 74, 151, 24, 155, 241, 168, 48, 39, 158, 93, 92, 183, 172, 183, 106, 65, 199, 59, 131, 16, 54, 88, 130, 247, 78, 55, 26, 235, 26, 76, 157, 219;
 162, 233, 168, 152, 221, 213, 178, 204, 223, 117, 20, 27, 8, 220, 126, 128, 217, 91, 147, 209, 86, 58, 218, 243, 79, 21, 159, 111, 209, 12, 223, 206;
 155, 93, 99, 190, 53, 213, 155, 198, 205, 76, 222, 135, 40, 158, 55, 100, 238, 99, 159, 199, 141, 137, 52, 239, 243, 124, 138, 131, 23, 31, 53, 255;
 31, 33, 170, 32, 19, 158, 75, 88, 37, 201, 207, 0, 95, 82, 26, 176, 56, 173, 220, 253, 142, 145, 53, 12, 249, 205, 171, 197, 225, 7, 43, 102;
 27, 156, 86, 172, 55, 183, 18, 186, 79, 73, 126, 100, 110, 115, 170, 244, 151, 19, 150, 48, 183, 188, 17, 255, 138, 246, 16, 66, 186, 143, 40, 31;
 182, 173, 40, 186, 223, 243, 159, 234, 31, 246, 153, 147, 64, 236, 126, 9, 217, 203, 147, 247, 62, 111, 126, 246, 123, 86, 207, 255, 149, 111, 245, 214;
 163, 145, 104, 203, 116, 147, 200, 105, 77, 64, 85, 230, 64, 72, 190, 96, 94, 136, 19, 239, 215, 182, 108, 221, 6, 25, 138, 203, 61, 139, 120, 212;
 5, 82, 19, 206, 108, 229, 163, 112, 204, 72, 241, 108, 244, 213, 169, 164, 220, 56, 86, 107, 129, 35, 42, 93, 17, 24, 42, 138, 88, 43, 55, 177;
 44, 120, 153, 225, 172, 109, 83, 216, 198, 184, 156, 106, 151, 21, 65, 42, 201, 88, 95, 122, 9, 50, 217, 48, 205, 201, 165, 252, 176, 187, 84, 179;
 118, 56, 161, 44, 40, 45, 16, 2, 43, 130, 168, 237, 166, 156, 69, 158, 207, 57, 253, 21, 140, 70, 210, 128, 130, 92, 81, 58, 200, 245, 82, 22;
 171, 198, 65, 219, 87, 147, 168, 253, 29, 0, 80, 246, 40, 74, 188, 229, 127, 24, 147, 173, 227, 156, 76, 255, 44, 26, 154, 194, 31, 140, 240, 172;
 1, 116, 145, 183, 98, 33, 177, 68, 30, 151, 89, 114, 252, 242, 73, 138, 191, 123, 2, 147, 3, 246, 202, 224, 4, 22, 94, 42, 132, 91, 33, 169;
 143, 81, 174, 185, 131, 164, 188, 199, 189, 87, 66, 151, 172, 170, 62, 75, 175, 3, 179, 133, 52, 216, 18, 225, 199, 115, 222, 131, 159, 84, 185, 218;
 77, 98, 146, 170, 245, 182, 122, 216, 59, 205, 95, 101, 77, 202, 235, 220, 214, 8, 132, 92, 134, 144, 132, 130, 74, 253, 166, 137, 138, 215, 251, 149;
 31, 245, 115, 76, 82, 22, 175, 121, 232, 76, 237, 196, 89, 198, 190, 52, 54, 169, 80, 239, 242, 3, 188, 79, 249, 44, 47, 236, 73, 166, 167, 245;
 79, 153, 165, 213, 133, 22, 79, 151, 23, 239, 158, 134, 221, 62, 146, 236, 85, 215, 63, 157, 153, 200, 125, 242, 171, 95, 255, 212, 150, 252, 181, 117;
 147, 154, 2, 184, 23, 182, 56, 66, 245, 73, 82, 215, 45, 142, 50, 229, 228, 169, 159, 149, 191, 157, 4, 205, 146, 113, 154, 195, 62, 133, 57, 85;
 154, 78, 71, 254, 29, 210, 79, 97, 245, 140, 211, 2, 107, 203, 48, 197, 248, 160, 143, 227, 104, 135, 32, 206, 179, 240, 138, 139, 55, 170, 116, 78;
 41, 208, 21, 200, 109, 95, 212, 255, 95, 123, 113, 90, 30, 57, 44, 229, 217, 152, 146, 42, 83, 62, 122, 149, 55, 218, 81, 126, 91, 8, 208, 167;
 57, 30, 106, 172, 20, 167, 155, 82, 68, 76, 216, 71, 51, 200, 183, 64, 220, 168, 23, 133, 142, 178, 116, 159, 210, 207, 170, 152, 189, 75, 112, 203;
 10, 201, 24, 186, 151, 147, 182, 237, 30, 5, 84, 3, 172, 200, 50, 196, 216, 43, 131, 193, 86, 168, 10, 255, 162, 87, 138, 75, 23, 14, 189, 142;
 1, 132, 11, 143, 20, 226, 235, 35, 28, 7, 91, 82, 241, 34, 48, 64, 120, 43, 19, 137, 49, 152, 33, 111, 228, 38, 186, 128, 20, 66, 49, 40;
 59, 32, 193, 205, 92, 35, 203, 88, 87, 165, 217, 66, 49, 73, 189, 164, 88, 136, 19, 191, 139, 35, 109, 143, 16, 12, 131, 188, 55, 139, 112, 160;
 82, 207, 94, 236, 106, 48, 92, 190, 33, 24, 218, 231, 77, 111, 188, 211, 102, 213, 189, 228, 152, 11, 135, 197, 178, 233, 234, 207, 39, 161, 169, 17;
 110, 35, 224, 238, 109, 52, 217, 26, 75, 221, 61, 41, 186, 237, 223, 58, 221, 218, 181, 29, 138, 98, 234, 130, 79, 93, 185, 187, 215, 239, 86, 119;
 11, 139, 138, 248, 157, 133, 200, 87, 151, 25, 212, 84, 184, 139, 48, 64, 204, 43, 23, 156, 155, 10, 82, 211, 239, 253, 190, 200, 154, 0, 176, 184;
 1, 88, 91, 239, 68, 132, 110, 85, 84, 72, 114, 70, 115, 19, 177, 104, 120, 168, 22, 206, 137, 180, 17, 44, 37, 173, 162, 0, 56, 187, 120, 40;
 242, 243, 63, 250, 233, 196, 29, 247, 169, 121, 144, 104, 28, 31, 128, 123, 230, 151, 253, 209, 201, 75, 227, 212, 179, 251, 254, 210, 0, 16, 167, 123;
 18, 57, 35, 136, 159, 205, 149, 69, 140, 68, 216, 135, 172, 156, 39, 4, 232, 59, 219, 209, 90, 171, 50, 252, 177, 16, 138, 123, 85, 14, 181, 254;
 130, 250, 140, 177, 98, 173, 184, 86, 30, 55, 80, 247, 141, 143, 194, 136, 167, 9, 167, 149, 150, 92, 67, 209, 142, 81, 122, 230, 156, 133, 1, 209;
 58, 190, 228, 65, 81, 159, 122, 115, 21, 103, 103, 223, 11, 41, 150, 212, 55, 140, 135, 4, 181, 156, 117, 151, 6, 223, 144, 199, 175, 140, 222, 214;
 111, 255, 33, 10, 250, 101, 158, 214, 104, 65, 184, 205, 60, 44, 29, 51, 142, 195, 91, 247, 246, 43, 93, 127, 125, 14, 174, 184, 197, 215, 167, 219;
 14, 133, 48, 201, 245, 181, 184, 107, 30, 1, 92, 19, 140, 43, 58, 196, 219, 11, 147, 25, 18, 56, 64, 215, 109, 29, 138, 101, 150, 204, 153, 128;
 91, 223, 98, 157, 38, 144, 189, 183, 148, 71, 92, 167, 185, 172, 182, 100, 110, 43, 179, 133, 198, 8, 167, 255, 98, 110, 222, 136, 55, 148, 181, 253;
 186, 201, 113, 76, 45, 89, 87, 236, 205, 72, 252, 11, 43, 156, 54, 103, 202, 240, 149, 106, 204, 43, 102, 173, 243, 248, 64, 59, 119, 190, 84, 239;
 34, 165, 161, 57, 184, 225, 140, 207, 62, 7, 232, 81, 134, 238, 76, 128, 217, 11, 1, 21, 30, 42, 202, 115, 41, 52, 158, 126, 209, 64, 231, 134;
 242, 152, 123, 124, 34, 141, 24, 96, 189, 0, 226, 169, 54, 221, 36, 145, 206, 187, 213, 1, 232, 139, 16, 109, 145, 186, 88, 154, 85, 128, 2, 25;
 22, 159, 72, 251, 182, 131, 202, 218, 22, 136, 216, 102, 37, 203, 177, 64, 127, 170, 23, 209, 74, 186, 72, 255, 248, 133, 175, 160, 189, 139, 56, 137;
 15, 90, 230, 29, 34, 150, 168, 16, 228, 200, 90, 231, 104, 234, 183, 236, 118, 32, 187, 205, 133, 145, 55, 200, 6, 44, 234, 130, 159, 182, 57, 85;
 26, 121, 97, 195, 22, 134, 75, 20, 5, 232, 158, 226, 57, 7, 145, 228, 126, 188, 29, 222, 139, 144, 101, 252, 181, 204, 170, 240, 39, 151, 54, 248;
 47, 181, 107, 192, 116, 87, 234, 120, 4, 73, 95, 170, 81, 95, 156, 164, 62, 208, 151, 238, 159, 146, 52, 141, 119, 201, 169, 205, 39, 175, 92, 117;
 170, 255, 41, 190, 125, 193, 150, 236, 154, 76, 208, 171, 164, 221, 113, 129, 204, 187, 151, 83, 107, 47, 234, 191, 49, 17, 172, 187, 20, 30, 22, 251;
 159, 147, 102, 184, 142, 151, 203, 121, 86, 118, 215, 214, 89, 236, 186, 233, 127, 129, 63, 255, 249, 247, 61, 222, 218, 75, 235, 196, 191, 173, 248, 80;
 16, 93, 31, 162, 166, 175, 182, 69, 140, 105, 59, 111, 30, 158, 33, 66, 166, 53, 95, 83, 21, 177, 16, 208, 241, 225, 42, 82, 88, 27, 129, 19;
 252, 88, 123, 234, 60, 71, 91, 120, 5, 172, 149, 42, 83, 23, 161, 20, 220, 144, 93, 106, 40, 39, 120, 190, 211, 221, 161, 184, 54, 187, 84, 99;
 36, 190, 49, 202, 245, 237, 179, 202, 79, 61, 57, 42, 180, 217, 101, 4, 217, 58, 7, 17, 18, 48, 8, 255, 77, 28, 33, 238, 144, 75, 85, 163;
 151, 24, 110, 184, 14, 210, 186, 96, 132, 72, 209, 167, 121, 220, 179, 105, 110, 161, 31, 231, 140, 135, 36, 236, 208, 105, 170, 153, 53, 47, 61, 87;
 38, 113, 82, 192, 101, 89, 122, 93, 13, 141, 53, 43, 108, 221, 124, 12, 250, 153, 183, 114, 6, 35, 10, 196, 63, 216, 133, 191, 134, 142, 212, 87;
 171, 34, 72, 145, 100, 185, 232, 22, 95, 109, 86, 223, 138, 136, 214, 204, 202, 12, 174, 29, 135, 188, 229, 144, 6, 89, 176, 160, 30, 140, 89, 221;
 128, 133, 26, 234, 118, 129, 59, 101, 28, 5, 217, 34, 244, 91, 40, 65, 250, 27, 23, 225, 114, 138, 10, 253, 245, 161, 170, 73, 20, 10, 181, 171;
 116, 181, 120, 104, 219, 229, 83, 202, 35, 5, 173, 25, 31, 159, 106, 16, 219, 153, 213, 48, 90, 3, 112, 18, 251, 221, 1, 127, 240, 67, 166, 226;
 71, 2, 166, 149, 47, 52, 168, 8, 174, 222, 211, 215, 204, 234, 127, 207, 231, 101, 187, 189, 164, 197, 135, 192, 12, 50, 203, 142, 143, 101, 57, 212;
 7, 124, 227, 21, 244, 141, 175, 23, 46, 198, 90, 207, 163, 69, 85, 132, 43, 40, 83, 13, 193, 180, 245, 10, 36, 28, 13, 128, 197, 252, 211, 248;
 17, 198, 203, 207, 20, 19, 106, 141, 86, 35, 207, 210, 83, 66, 188, 96, 115, 140, 44, 172, 10, 148, 45, 151, 162, 175, 183, 4, 181, 154, 248, 44;
 66, 23, 2, 142, 203, 36, 188, 71, 169, 86, 205, 133, 140, 238, 110, 222, 238, 147, 147, 133, 86, 3, 146, 193, 53, 48, 202, 171, 24, 102, 175, 214;
 29, 86, 229, 249, 12, 55, 205, 218, 84, 118, 85, 82, 211, 108, 185, 235, 93, 136, 23, 171, 169, 244, 127, 148, 131, 203, 255, 4, 183, 248, 116, 224;
 15, 143, 146, 137, 181, 240, 58, 218, 15, 69, 94, 6, 172, 202, 187, 196, 247, 43, 159, 217, 22, 152, 42, 247, 134, 245, 142, 207, 150, 143, 61, 199;
 121, 189, 24, 98, 53, 191, 82, 23, 127, 169, 47, 92, 247, 19, 10, 80, 148, 38, 76, 28, 158, 185, 25, 63, 251, 221, 48, 80, 138, 10, 200, 11;
 13, 12, 35, 75, 65, 127, 174, 240, 36, 106, 93, 64, 249, 55, 185, 164, 23, 2, 215, 174, 145, 145, 44, 158, 71, 79, 106, 132, 210, 231, 11, 224;
 130, 221, 20, 155, 253, 183, 182, 239, 221, 31, 88, 23, 204, 74, 46, 197, 233, 3, 139, 163, 118, 45, 27, 255, 47, 54, 150, 71, 30, 28, 249, 158;
 85, 134, 222, 224, 134, 34, 104, 159, 97, 19, 226, 86, 81, 35, 248, 91, 121, 132, 44, 188, 189, 247, 133, 192, 218, 170, 246, 68, 173, 224, 248, 0;
 131, 176, 22, 153, 40, 141, 184, 71, 175, 27, 16, 112, 156, 146, 232, 239, 167, 27, 255, 149, 247, 29, 2, 211, 4, 26, 122, 230, 26, 0, 137, 141;
 25, 87, 126, 252, 36, 150, 125, 55, 84, 70, 86, 6, 113, 27, 178, 96, 250, 38, 30, 43, 236, 189, 53, 14, 242, 239, 242, 1, 60, 248, 248, 75;
 24, 132, 30, 189, 5, 110, 81, 47, 61, 15, 71, 19, 254, 63, 42, 64, 241, 23, 61, 5, 56, 141, 19, 151, 211, 247, 90, 67, 144, 8, 49, 10;
 30, 223, 249, 232, 242, 80, 95, 248, 49, 68, 92, 162, 125, 103, 171, 116, 119, 217, 149, 254, 138, 146, 44, 250, 251, 205, 39, 173, 183, 247, 38, 113;
 171, 12, 35, 169, 87, 247, 186, 66, 28, 68, 72, 19, 140, 142, 50, 193, 248, 57, 147, 165, 38, 182, 52, 223, 5, 85, 138, 99, 17, 13, 61, 206;
 17, 194, 94, 233, 6, 11, 165, 255, 76, 32, 90, 226, 117, 160, 168, 96, 119, 19, 42, 56, 65, 177, 5, 220, 244, 174, 118, 4, 188, 218, 137, 41;
 167, 219, 100, 29, 238, 19, 229, 252, 221, 90, 116, 70, 64, 120, 183, 167, 107, 96, 18, 111, 229, 239, 46, 253, 38, 26, 199, 198, 95, 188, 248, 213;
 177, 74, 110, 189, 36, 151, 76, 118, 213, 12, 214, 199, 35, 136, 178, 97, 238, 170, 23, 205, 236, 187, 4, 189, 242, 235, 250, 129, 61, 156, 120, 13;
 154, 205, 4, 187, 159, 209, 158, 239, 158, 4, 220, 3, 173, 234, 50, 65, 200, 43, 155, 193, 118, 169, 27, 189, 171, 225, 142, 203, 23, 28, 189, 206;
 34, 16, 161, 201, 57, 100, 89, 26, 15, 7, 109, 145, 156, 39, 44, 92, 205, 155, 155, 132, 26, 140, 113, 211, 199, 190, 154, 80, 146, 193, 164, 112;
 66, 204, 20, 154, 95, 213, 190, 236, 143, 23, 146, 19, 236, 122, 54, 196, 203, 67, 171, 227, 102, 45, 11, 255, 63, 54, 222, 95, 149, 31, 189, 78;
 35, 131, 110, 139, 52, 151, 234, 105, 77, 65, 85, 198, 104, 72, 190, 228, 254, 136, 18, 237, 215, 176, 108, 223, 46, 29, 138, 199, 93, 142, 121, 197;
 253, 2, 225, 224, 78, 11, 73, 88, 67, 226, 181, 250, 83, 9, 221, 56, 125, 156, 55, 171, 137, 54, 109, 130, 86, 207, 225, 188, 119, 171, 80, 160;
 214, 76, 23, 220, 15, 98, 57, 130, 188, 146, 146, 18, 236, 23, 33, 207, 230, 245, 191, 227, 33, 197, 3, 232, 145, 50, 218, 131, 4, 113, 37, 42;
 25, 136, 95, 187, 18, 166, 58, 22, 190, 69, 83, 214, 253, 199, 184, 96, 102, 59, 31, 157, 147, 153, 53, 119, 196, 239, 186, 192, 188, 129, 161, 97;
 166, 76, 229, 213, 237, 98, 188, 134, 157, 178, 146, 179, 200, 61, 181, 239, 79, 119, 251, 179, 96, 196, 71, 232, 37, 18, 223, 147, 132, 125, 149, 190;
 223, 113, 183, 214, 47, 93, 240, 89, 221, 216, 149, 110, 110, 220, 109, 175, 186, 211, 223, 115, 131, 99, 58, 225, 147, 90, 78, 186, 79, 29, 185, 55;
 2, 5, 158, 189, 199, 102, 188, 39, 189, 23, 78, 147, 204, 63, 34, 75, 231, 59, 179, 129, 52, 216, 19, 205, 71, 51, 218, 67, 150, 116, 173, 74;
 106, 9, 231, 220, 117, 212, 109, 87, 225, 13, 254, 18, 56, 183, 52, 118, 232, 190, 51, 136, 72, 155, 176, 201, 119, 253, 146, 11, 3, 248, 244, 234;
 163, 205, 98, 137, 214, 165, 190, 231, 77, 8, 120, 211, 32, 92, 61, 32, 252, 27, 19, 247, 230, 182, 4, 255, 45, 28, 142, 162, 85, 90, 245, 159;
 111, 48, 233, 199, 228, 58, 205, 157, 67, 255, 61, 238, 81, 61, 221, 58, 95, 204, 55, 173, 153, 118, 253, 128, 70, 125, 181, 172, 231, 255, 210, 245;
 255, 69, 110, 68, 253, 22, 205, 120, 193, 232, 158, 202, 89, 92, 183, 231, 120, 228, 62, 255, 237, 179, 164, 204, 58, 105, 229, 148, 47, 191, 120, 101;
 183, 89, 99, 154, 206, 37, 207, 216, 214, 88, 209, 199, 81, 220, 189, 41, 125, 203, 23, 255, 255, 39, 30, 241, 48, 8, 175, 252, 61, 255, 176, 244;
 58, 126, 98, 131, 87, 149, 186, 212, 79, 236, 94, 167, 168, 140, 119, 132, 124, 57, 151, 213, 134, 184, 36, 251, 47, 85, 142, 163, 191, 158, 125, 223;
 29, 1, 229, 231, 141, 119, 77, 29, 70, 245, 95, 2, 219, 45, 251, 234, 89, 198, 183, 157, 157, 240, 127, 128, 207, 207, 255, 4, 182, 239, 244, 96;
 91, 113, 103, 160, 79, 85, 212, 105, 237, 200, 148, 47, 46, 220, 127, 174, 186, 177, 247, 113, 205, 163, 50, 192, 147, 89, 77, 175, 47, 46, 63, 127;
 51, 195, 226, 205, 94, 23, 238, 238, 70, 101, 248, 199, 65, 168, 190, 32, 126, 204, 51, 237, 214, 187, 38, 213, 62, 14, 181, 228, 125, 188, 248, 204;
 165, 133, 2, 204, 212, 38, 239, 107, 84, 0, 201, 70, 112, 226, 56, 97, 88, 74, 18, 238, 240, 179, 29, 223, 116, 40, 138, 12, 29, 235, 240, 128;
 199, 92, 23, 222, 106, 148, 188, 16, 168, 218, 80, 100, 188, 214, 165, 239, 230, 113, 31, 219, 225, 77, 162, 232, 20, 56, 106, 138, 12, 177, 41, 185;
 119, 80, 233, 224, 238, 43, 205, 25, 83, 246, 177, 254, 83, 57, 221, 56, 95, 156, 55, 171, 201, 118, 236, 130, 86, 207, 245, 188, 255, 251, 82, 241;
 27, 95, 235, 140, 178, 178, 159, 214, 49, 75, 222, 231, 57, 206, 183, 100, 126, 255, 149, 197, 205, 139, 36, 238, 114, 111, 190, 138, 175, 212, 180, 125;
 60, 215, 123, 234, 122, 195, 155, 248, 4, 68, 253, 163, 81, 223, 170, 48, 126, 185, 151, 227, 74, 3, 44, 31, 112, 197, 171, 173, 53, 163, 38, 243;
 10, 223, 164, 189, 227, 210, 188, 167, 31, 215, 82, 167, 236, 110, 50, 203, 231, 127, 179, 133, 212, 216, 11, 253, 47, 119, 222, 195, 151, 116, 189, 95;
 178, 10, 106, 184, 74, 177, 152, 66, 12, 4, 212, 167, 173, 142, 54, 208, 238, 169, 151, 199, 206, 7, 102, 245, 130, 225, 170, 187, 53, 5, 63, 223;
 75, 200, 111, 253, 13, 216, 236, 167, 236, 80, 82, 66, 189, 30, 52, 99, 226, 5, 63, 193, 197, 157, 39, 197, 101, 123, 218, 129, 4, 16, 245, 78;
 147, 151, 109, 139, 150, 135, 191, 249, 132, 69, 217, 215, 85, 111, 60, 65, 126, 147, 19, 237, 240, 137, 29, 223, 105, 10, 202, 196, 61, 138, 177, 240;
 82, 203, 106, 174, 74, 144, 30, 230, 141, 68, 200, 135, 45, 206, 54, 80, 238, 171, 187, 199, 78, 11, 134, 245, 176, 52, 138, 139, 20, 150, 61, 92;
 167, 218, 167, 157, 77, 23, 173, 250, 222, 90, 80, 87, 104, 236, 63, 239, 77, 64, 51, 111, 225, 245, 63, 241, 5, 58, 223, 6, 95, 253, 113, 244;
 158, 29, 39, 142, 29, 214, 223, 96, 141, 204, 158, 131, 104, 92, 55, 68, 236, 177, 159, 231, 232, 131, 38, 238, 243, 124, 138, 155, 23, 63, 53, 127;
 126, 26, 209, 160, 103, 121, 122, 83, 11, 187, 57, 251, 15, 9, 80, 152, 127, 141, 151, 147, 28, 54, 200, 208, 150, 215, 241, 247, 247, 239, 94, 131;
 207, 24, 155, 222, 110, 244, 185, 81, 158, 218, 85, 118, 156, 223, 227, 111, 230, 61, 183, 147, 161, 213, 162, 192, 70, 185, 122, 138, 158, 97, 33, 243;
 41, 129, 108, 233, 44, 21, 219, 185, 206, 116, 156, 6, 209, 72, 58, 98, 217, 0, 58, 111, 212, 33, 127, 149, 102, 233, 163, 124, 29, 138, 216, 128;
 26, 199, 39, 239, 21, 206, 237, 39, 173, 29, 219, 147, 201, 15, 48, 199, 104, 183, 191, 175, 112, 153, 1, 213, 229, 243, 234, 197, 54, 14, 245, 106;
 2, 217, 30, 222, 109, 213, 177, 228, 205, 72, 222, 2, 188, 155, 39, 199, 202, 51, 187, 192, 65, 169, 114, 253, 7, 249, 202, 11, 22, 27, 61, 43;
 161, 137, 13, 153, 236, 159, 237, 183, 204, 112, 86, 68, 148, 32, 178, 111, 202, 38, 58, 77, 213, 56, 115, 209, 68, 58, 218, 84, 28, 168, 209, 252;
 148, 10, 15, 190, 12, 132, 104, 112, 148, 10, 211, 66, 117, 203, 49, 73, 236, 177, 63, 195, 104, 135, 2, 253, 209, 227, 234, 137, 17, 171, 56, 1;
 227, 25, 35, 156, 101, 228, 216, 38, 153, 202, 66, 31, 60, 190, 119, 217, 196, 39, 179, 5, 165, 27, 146, 211, 17, 58, 218, 186, 28, 4, 17, 94;
 106, 145, 123, 243, 119, 217, 122, 112, 13, 165, 119, 171, 106, 93, 62, 84, 126, 184, 151, 80, 26, 184, 48, 236, 31, 121, 144, 195, 39, 143, 84, 127;
 178, 84, 22, 156, 13, 135, 221, 105, 157, 14, 215, 23, 102, 202, 58, 69, 248, 160, 159, 163, 104, 167, 18, 207, 177, 242, 202, 11, 22, 44, 116, 119;
 237, 24, 92, 235, 124, 169, 75, 16, 197, 33, 126, 8, 247, 83, 41, 88, 66, 160, 62, 120, 10, 48, 81, 60, 196, 189, 160, 80, 188, 139, 80, 35;
 33, 76, 253, 93, 71, 119, 233, 66, 94, 226, 118, 18, 113, 56, 55, 111, 73, 108, 50, 136, 165, 244, 117, 200, 7, 10, 211, 0, 255, 249, 120, 252;
 95, 92, 142, 190, 26, 178, 58, 202, 158, 209, 138, 163, 124, 254, 99, 226, 231, 115, 185, 149, 167, 73, 30, 236, 184, 103, 15, 203, 188, 118, 41, 93;
 130, 217, 47, 152, 15, 193, 177, 101, 140, 68, 192, 131, 164, 157, 38, 65, 104, 49, 251, 209, 66, 169, 50, 245, 113, 32, 158, 91, 85, 12, 181, 250;
 5, 50, 145, 185, 242, 33, 169, 78, 14, 133, 88, 230, 237, 242, 201, 140, 95, 27, 34, 152, 3, 208, 71, 192, 12, 134, 27, 8, 132, 219, 33, 160;
 1, 132, 63, 89, 5, 204, 225, 55, 236, 83, 106, 16, 146, 19, 60, 113, 193, 18, 10, 8, 211, 172, 51, 85, 5, 184, 82, 64, 80, 8, 193, 40;
 7, 137, 32, 138, 87, 133, 186, 192, 142, 69, 81, 135, 172, 200, 62, 4, 74, 41, 19, 87, 150, 34, 92, 245, 76, 20, 139, 235, 93, 15, 57, 214;
 90, 158, 123, 184, 19, 198, 17, 251, 54, 206, 196, 183, 29, 183, 35, 80, 119, 189, 157, 181, 58, 15, 49, 95, 219, 231, 63, 199, 185, 36, 39, 123;
 179, 95, 35, 190, 77, 209, 238, 198, 213, 72, 80, 103, 45, 136, 51, 225, 232, 235, 23, 195, 239, 43, 38, 253, 177, 80, 186, 137, 85, 93, 61, 223;
 119, 75, 103, 204, 92, 18, 78, 248, 197, 192, 148, 198, 96, 200, 183, 102, 124, 228, 28, 239, 205, 35, 44, 252, 50, 56, 143, 156, 63, 191, 120, 116;
 91, 235, 236, 141, 60, 23, 207, 188, 142, 233, 148, 231, 217, 44, 182, 98, 94, 69, 127, 237, 192, 75, 237, 221, 250, 47, 175, 180, 159, 188, 17, 121;
 148, 208, 59, 170, 94, 103, 171, 216, 30, 91, 81, 215, 213, 222, 56, 97, 255, 25, 19, 227, 179, 181, 59, 23, 213, 134, 170, 204, 29, 27, 53, 243;
 159, 16, 111, 168, 15, 38, 200, 65, 132, 214, 211, 23, 89, 204, 55, 107, 108, 161, 59, 167, 140, 167, 55, 200, 209, 107, 203, 12, 53, 45, 52, 246;
 131, 193, 57, 235, 29, 199, 239, 109, 94, 65, 81, 18, 181, 92, 56, 96, 88, 27, 19, 233, 115, 188, 121, 223, 37, 201, 138, 68, 21, 10, 241, 226;
 82, 158, 156, 191, 27, 224, 48, 39, 173, 17, 74, 179, 172, 58, 32, 64, 231, 147, 235, 129, 18, 9, 3, 231, 213, 166, 26, 75, 180, 64, 173, 11;
 129, 94, 93, 253, 178, 138, 45, 55, 28, 130, 82, 246, 189, 7, 160, 227, 102, 57, 62, 12, 241, 156, 103, 236, 164, 227, 126, 128, 60, 168, 129, 57;
 31, 92, 38, 159, 13, 22, 188, 164, 141, 86, 135, 23, 236, 78, 63, 207, 229, 101, 185, 167, 228, 197, 27, 237, 131, 115, 218, 3, 30, 117, 57, 222;
 59, 203, 65, 139, 118, 155, 110, 244, 77, 96, 120, 239, 47, 8, 182, 164, 106, 170, 134, 207, 207, 186, 36, 253, 180, 72, 136, 130, 63, 159, 216, 221;
 38, 44, 225, 72, 93, 227, 194, 200, 71, 141, 56, 47, 66, 248, 125, 12, 217, 232, 3, 86, 142, 34, 74, 186, 26, 28, 133, 62, 247, 127, 112, 199;
 162, 205, 115, 75, 245, 219, 166, 71, 93, 0, 121, 66, 8, 152, 180, 37, 250, 59, 2, 56, 246, 184, 44, 223, 39, 24, 6, 66, 87, 154, 229, 175;
 131, 135, 2, 155, 252, 165, 170, 70, 158, 33, 91, 215, 132, 136, 126, 65, 207, 43, 59, 149, 182, 56, 91, 247, 44, 16, 154, 234, 29, 13, 57, 196;
 60, 16, 216, 232, 102, 97, 218, 91, 3, 43, 125, 43, 27, 43, 110, 24, 251, 137, 135, 178, 30, 50, 200, 208, 86, 205, 161, 173, 253, 235, 122, 147;
 102, 20, 32, 136, 217, 116, 155, 107, 137, 79, 141, 151, 76, 126, 47, 84, 253, 131, 147, 165, 52, 3, 120, 210, 145, 116, 138, 255, 147, 103, 183, 214;
 11, 234, 156, 187, 98, 173, 56, 134, 30, 125, 88, 213, 189, 143, 67, 72, 135, 43, 183, 149, 134, 92, 66, 113, 204, 1, 62, 224, 156, 220, 137, 217;
 50, 59, 74, 191, 182, 131, 238, 117, 22, 136, 209, 230, 241, 201, 185, 0, 126, 170, 23, 207, 218, 184, 76, 191, 228, 205, 175, 128, 61, 155, 240, 137;
 70, 214, 214, 211, 235, 50, 188, 192, 189, 151, 23, 183, 204, 231, 111, 79, 231, 85, 187, 178, 32, 213, 155, 192, 6, 50, 223, 135, 134, 245, 165, 213;
 11, 204, 31, 188, 34, 134, 173, 119, 156, 74, 90, 228, 252, 242, 162, 192, 199, 35, 23, 13, 225, 140, 2, 127, 160, 47, 254, 128, 28, 212, 169, 233;
 118, 67, 107, 232, 148, 71, 78, 248, 21, 110, 216, 67, 11, 239, 121, 208, 121, 152, 151, 246, 200, 3, 8, 218, 243, 221, 135, 189, 183, 250, 116, 66;
 79, 129, 201, 231, 252, 68, 111, 29, 6, 241, 151, 198, 217, 39, 218, 98, 126, 206, 59, 221, 147, 90, 255, 192, 126, 173, 175, 236, 190, 139, 184, 112;
 206, 151, 174, 186, 168, 252, 189, 143, 172, 87, 77, 149, 173, 236, 59, 203, 135, 27, 251, 21, 246, 4, 58, 145, 229, 113, 222, 143, 156, 92, 157, 93;
 114, 135, 124, 232, 254, 2, 92, 191, 33, 20, 240, 231, 9, 43, 180, 83, 110, 149, 55, 164, 248, 10, 197, 223, 118, 239, 250, 205, 55, 128, 238, 9;
 54, 172, 173, 186, 156, 227, 159, 235, 142, 254, 152, 3, 212, 252, 115, 2, 217, 251, 19, 179, 88, 107, 90, 252, 249, 6, 207, 255, 149, 106, 53, 242;
 10, 36, 184, 217, 213, 243, 169, 79, 94, 53, 85, 18, 140, 8, 118, 140, 201, 27, 147, 17, 50, 252, 113, 214, 13, 23, 158, 103, 150, 12, 157, 174;
 78, 220, 63, 184, 188, 228, 191, 150, 156, 79, 222, 49, 188, 255, 51, 104, 199, 115, 61, 157, 178, 13, 50, 231, 235, 127, 190, 202, 148, 85, 181, 123;
 55, 77, 28, 129, 173, 75, 182, 196, 206, 248, 154, 34, 144, 24, 119, 98, 232, 165, 127, 211, 76, 49, 73, 208, 181, 24, 143, 55, 149, 122, 88, 15;
 208, 72, 123, 220, 71, 224, 177, 70, 228, 4, 210, 162, 32, 159, 36, 96, 106, 184, 170, 192, 72, 191, 38, 225, 145, 224, 154, 11, 53, 8, 116, 234;
 204, 212, 29, 160, 63, 235, 17, 136, 142, 61, 147, 57, 222, 23, 104, 75, 131, 17, 239, 48, 50, 37, 73, 151, 221, 151, 59, 119, 144, 8, 149, 19;
 11, 10, 106, 129, 53, 191, 248, 19, 237, 101, 94, 151, 143, 8, 182, 228, 163, 10, 222, 29, 150, 188, 116, 215, 134, 125, 18, 211, 222, 140, 217, 221;
 58, 18, 121, 233, 2, 99, 17, 90, 21, 68, 244, 167, 27, 23, 163, 92, 126, 152, 151, 176, 11, 146, 113, 144, 211, 225, 176, 199, 55, 140, 36, 115;
 191, 223, 238, 188, 190, 210, 223, 250, 215, 222, 156, 231, 89, 236, 247, 99, 127, 225, 151, 255, 237, 71, 46, 190, 122, 75, 239, 188, 191, 253, 124, 245;
 203, 243, 181, 242, 107, 132, 61, 212, 171, 123, 145, 126, 252, 159, 77, 123, 230, 215, 255, 195, 195, 71, 234, 241, 213, 251, 126, 186, 10, 19, 39, 251;
 127, 11, 237, 199, 230, 26, 239, 176, 65, 254, 63, 238, 65, 105, 215, 174, 123, 228, 55, 207, 217, 240, 237, 168, 30, 46, 229, 132, 175, 254, 88, 245;
 161, 31, 82, 207, 116, 158, 110, 49, 116, 8, 123, 230, 243, 51, 164, 245, 78, 166, 22, 136, 185, 152, 85, 175, 36, 174, 162, 128, 46, 170, 88, 57;
 196, 174, 158, 51, 160, 171, 97, 150, 125, 255, 110, 189, 143, 163, 195, 27, 163, 110, 108, 28, 48, 220, 129, 34, 206, 209, 112, 64, 202, 209, 7, 25;
 18, 214, 113, 154, 91, 209, 20, 103, 159, 69, 88, 247, 44, 238, 38, 192, 231, 59, 131, 133, 247, 11, 54, 255, 176, 100, 30, 235, 61, 28, 173, 223;
 60, 52, 187, 232, 218, 231, 83, 198, 163, 175, 172, 9, 23, 191, 97, 16, 153, 185, 85, 48, 26, 59, 120, 18, 251, 205, 37, 125, 241, 67, 38, 226;
 59, 96, 98, 206, 93, 215, 202, 200, 215, 96, 213, 66, 64, 200, 61, 164, 88, 232, 146, 235, 143, 167, 124, 153, 19, 72, 131, 56, 127, 191, 120, 164;
 163, 7, 58, 136, 213, 183, 188, 71, 223, 43, 92, 19, 12, 184, 118, 4, 205, 43, 147, 21, 244, 190, 16, 210, 47, 93, 158, 99, 221, 92, 249, 143;
 137, 217, 119, 209, 166, 219, 181, 247, 221, 50, 102, 50, 190, 149, 164, 109, 167, 59, 178, 0, 241, 188, 34, 244, 71, 219, 82, 98, 86, 136, 133, 175;
 15, 0, 199, 129, 199, 114, 188, 203, 63, 243, 91, 147, 76, 174, 127, 206, 247, 95, 179, 149, 21, 208, 9, 192, 14, 119, 223, 135, 135, 101, 185, 213;
 211, 200, 237, 231, 62, 3, 203, 176, 78, 225, 147, 198, 245, 41, 148, 35, 110, 100, 127, 239, 229, 233, 93, 172, 252, 42, 239, 144, 45, 170, 81, 24;
 66, 133, 158, 141, 141, 228, 185, 135, 142, 21, 206, 19, 204, 191, 110, 78, 225, 19, 187, 145, 18, 9, 19, 192, 15, 54, 222, 75, 144, 66, 181, 98;
 90, 157, 106, 172, 19, 226, 25, 103, 33, 229, 206, 167, 13, 63, 34, 80, 106, 183, 189, 165, 124, 27, 245, 223, 251, 103, 154, 193, 55, 4, 166, 90;
 74, 159, 16, 191, 211, 160, 40, 39, 44, 1, 74, 215, 173, 162, 32, 192, 102, 59, 163, 129, 23, 24, 214, 231, 140, 180, 154, 74, 60, 0, 169, 26;
 247, 95, 231, 172, 174, 71, 223, 249, 151, 250, 153, 231, 81, 252, 245, 107, 255, 245, 61, 167, 233, 71, 45, 152, 248, 10, 239, 180, 61, 250, 116, 115;
 173, 157, 57, 171, 221, 231, 195, 232, 70, 121, 249, 2, 213, 217, 56, 33, 216, 10, 18, 123, 59, 186, 120, 189, 237, 201, 163, 100, 213, 11, 112, 194;
 100, 233, 154, 174, 68, 160, 242, 228, 136, 4, 248, 11, 6, 248, 105, 146, 248, 235, 163, 67, 68, 51, 138, 97, 49, 165, 34, 111, 65, 59, 62, 130;
 107, 144, 249, 223, 125, 84, 217, 63, 201, 75, 245, 16, 184, 254, 188, 118, 216, 146, 190, 136, 157, 175, 242, 197, 7, 253, 210, 91, 83, 136, 244, 238;
 159, 20, 175, 183, 173, 102, 189, 2, 173, 223, 147, 151, 204, 46, 51, 75, 229, 101, 189, 181, 189, 197, 53, 234, 201, 115, 222, 195, 132, 117, 53, 118;
 3, 32, 178, 89, 65, 116, 248, 75, 127, 83, 101, 16, 136, 154, 126, 172, 237, 25, 146, 152, 135, 5, 182, 211, 7, 93, 146, 111, 218, 4, 105, 164;
 160, 74, 14, 252, 108, 132, 72, 242, 132, 24, 208, 98, 177, 195, 177, 75, 204, 32, 47, 203, 104, 39, 66, 189, 192, 177, 234, 136, 24, 153, 112, 9;
 34, 148, 175, 164, 29, 71, 153, 107, 134, 253, 155, 3, 244, 253, 112, 2, 201, 177, 123, 177, 8, 171, 83, 156, 217, 22, 139, 113, 144, 42, 20, 242;
 156, 86, 165, 169, 142, 102, 143, 218, 22, 250, 144, 247, 93, 63, 121, 203, 127, 213, 63, 247, 161, 71, 25, 146, 221, 34, 239, 140, 191, 253, 53, 177;
 10, 141, 102, 217, 243, 242, 185, 171, 93, 23, 94, 162, 232, 62, 182, 109, 103, 27, 179, 141, 146, 152, 39, 245, 71, 62, 218, 195, 151, 196, 189, 237;
 105, 192, 19, 105, 37, 204, 225, 39, 108, 27, 106, 16, 154, 17, 8, 244, 128, 22, 106, 8, 83, 184, 81, 21, 197, 254, 18, 68, 90, 8, 195, 42;
 3, 156, 62, 155, 55, 189, 184, 67, 239, 81, 15, 5, 172, 152, 54, 104, 167, 35, 154, 21, 151, 169, 54, 245, 7, 89, 18, 75, 220, 14, 169, 206;
 27, 206, 226, 157, 53, 146, 94, 183, 21, 69, 94, 167, 105, 46, 182, 228, 85, 238, 151, 173, 236, 152, 101, 239, 46, 127, 158, 131, 63, 156, 252, 92;
 151, 102, 227, 136, 198, 34, 235, 216, 18, 210, 81, 214, 81, 204, 253, 43, 127, 205, 23, 255, 177, 87, 174, 194, 24, 8, 175, 236, 173, 231, 51, 244;
 0, 216, 251, 221, 7, 221, 180, 199, 223, 1, 74, 162, 188, 189, 37, 100, 102, 59, 163, 0, 1, 184, 54, 243, 103, 246, 18, 2, 182, 248, 37, 187;
 156, 148, 45, 171, 190, 99, 203, 152, 20, 71, 223, 179, 215, 119, 41, 73, 95, 16, 31, 171, 58, 132, 121, 31, 225, 135, 170, 212, 180, 203, 181, 115;
 255, 179, 126, 236, 111, 24, 90, 248, 201, 92, 188, 175, 79, 217, 190, 166, 190, 193, 223, 103, 198, 35, 174, 135, 178, 217, 33, 191, 111, 191, 88, 85;
 61, 88, 49, 121, 9, 245, 74, 80, 103, 120, 245, 64, 27, 154, 101, 252, 200, 185, 54, 202, 141, 22, 122, 176, 131, 217, 227, 100, 91, 163, 104, 164;
 46, 84, 228, 186, 65, 54, 88, 154, 27, 91, 113, 83, 93, 127, 41, 249, 221, 153, 183, 132, 45, 214, 88, 242, 215, 255, 218, 135, 187, 117, 58, 147;
 195, 93, 35, 156, 236, 164, 174, 118, 220, 202, 218, 118, 176, 234, 181, 108, 236, 227, 63, 141, 225, 15, 6, 234, 52, 60, 174, 136, 29, 120, 113, 61;
 112, 73, 202, 168, 116, 71, 78, 229, 4, 168, 184, 43, 19, 175, 117, 80, 216, 172, 15, 247, 72, 43, 72, 154, 123, 141, 167, 189, 181, 58, 124, 42;
 128, 221, 60, 235, 31, 201, 150, 167, 141, 1, 156, 18, 190, 93, 44, 96, 202, 147, 95, 0, 106, 45, 115, 247, 247, 149, 138, 91, 20, 26, 149, 43;
 71, 32, 160, 151, 231, 52, 188, 139, 91, 215, 83, 151, 136, 236, 95, 234, 183, 79, 179, 151, 134, 84, 175, 194, 7, 94, 223, 175, 135, 117, 153, 198;
 36, 50, 249, 227, 228, 43, 235, 80, 75, 227, 57, 238, 91, 41, 221, 58, 63, 221, 23, 63, 129, 178, 204, 192, 78, 220, 165, 164, 237, 251, 210, 177;
 183, 107, 106, 170, 28, 145, 203, 200, 86, 68, 213, 135, 113, 204, 63, 0, 120, 136, 23, 247, 142, 167, 126, 191, 250, 1, 171, 253, 125, 159, 116, 222;
 61, 34, 225, 225, 70, 43, 235, 80, 67, 163, 125, 234, 83, 9, 221, 60, 127, 140, 23, 186, 137, 182, 236, 130, 22, 205, 161, 180, 231, 235, 82, 160;
 99, 152, 3, 191, 100, 132, 233, 55, 26, 88, 80, 70, 188, 170, 242, 101, 204, 47, 19, 141, 197, 90, 208, 241, 4, 120, 218, 170, 28, 4, 17, 221;
 231, 25, 235, 196, 230, 6, 79, 176, 89, 226, 18, 238, 81, 58, 213, 122, 87, 245, 21, 227, 217, 212, 84, 170, 124, 46, 237, 148, 45, 251, 82, 49;
 2, 153, 10, 191, 118, 208, 180, 71, 30, 69, 88, 167, 164, 188, 38, 64, 239, 59, 179, 133, 198, 184, 6, 215, 36, 54, 154, 139, 85, 76, 189, 223;
 158, 94, 39, 158, 79, 245, 237, 82, 213, 222, 80, 86, 44, 202, 53, 237, 233, 233, 151, 163, 229, 247, 38, 234, 17, 67, 219, 139, 55, 125, 53, 245;
 45, 0, 231, 215, 71, 122, 169, 66, 92, 167, 127, 130, 104, 188, 55, 174, 123, 126, 178, 25, 4, 240, 53, 200, 71, 47, 210, 1, 199, 111, 85, 230;
 151, 135, 45, 186, 158, 135, 203, 248, 148, 73, 209, 215, 81, 111, 56, 65, 125, 129, 27, 255, 187, 129, 29, 223, 249, 11, 171, 212, 181, 139, 49, 240;
 146, 206, 6, 158, 13, 131, 156, 172, 156, 22, 146, 131, 224, 74, 55, 67, 200, 97, 171, 227, 108, 5, 79, 255, 176, 50, 202, 19, 20, 60, 56, 14;
 19, 95, 4, 169, 25, 150, 216, 0, 141, 92, 156, 135, 173, 14, 55, 199, 238, 129, 223, 231, 206, 129, 81, 221, 178, 121, 138, 147, 30, 23, 57, 87;
 63, 84, 229, 182, 5, 127, 88, 10, 31, 254, 83, 19, 78, 60, 127, 175, 217, 217, 183, 7, 172, 246, 127, 192, 131, 91, 221, 151, 167, 125, 92, 95;
 167, 127, 122, 72, 118, 151, 254, 80, 221, 72, 244, 110, 24, 220, 190, 117, 126, 184, 150, 234, 229, 183, 36, 238, 54, 25, 160, 170, 95, 157, 240, 245;
 10, 72, 182, 220, 47, 128, 185, 134, 238, 30, 82, 2, 172, 138, 53, 74, 230, 115, 63, 193, 194, 29, 178, 225, 69, 58, 218, 136, 20, 16, 37, 105;
 51, 203, 66, 139, 87, 155, 238, 246, 77, 96, 90, 207, 43, 8, 182, 164, 110, 139, 150, 199, 207, 186, 36, 253, 54, 72, 128, 129, 127, 158, 248, 220;
 162, 30, 62, 188, 45, 231, 213, 99, 157, 78, 213, 55, 230, 221, 39, 77, 220, 161, 191, 39, 104, 167, 66, 159, 211, 246, 202, 155, 16, 108, 124, 87;
 103, 133, 168, 128, 215, 127, 146, 11, 75, 229, 157, 11, 68, 124, 94, 36, 153, 199, 219, 49, 150, 43, 124, 198, 59, 22, 141, 127, 133, 110, 220, 70;
 26, 59, 106, 179, 182, 144, 187, 87, 236, 133, 94, 163, 45, 140, 247, 36, 38, 59, 151, 209, 214, 152, 164, 237, 110, 101, 190, 195, 39, 134, 189, 207;
 26, 157, 101, 177, 211, 240, 185, 167, 15, 85, 78, 183, 41, 47, 22, 64, 103, 147, 147, 149, 18, 152, 53, 245, 126, 69, 158, 195, 167, 196, 181, 120;
 139, 202, 36, 159, 109, 209, 189, 166, 159, 95, 214, 183, 232, 238, 182, 238, 205, 97, 187, 199, 231, 12, 107, 243, 6, 123, 218, 155, 22, 29, 157, 221;
 86, 83, 239, 68, 134, 66, 79, 49, 165, 194, 147, 226, 81, 111, 189, 115, 118, 244, 61, 226, 233, 131, 45, 72, 51, 34, 239, 132, 37, 178, 244, 113;
 182, 223, 103, 152, 222, 193, 159, 237, 147, 85, 208, 175, 96, 236, 190, 5, 127, 251, 151, 241, 251, 43, 46, 189, 122, 2, 173, 239, 117, 14, 246, 247;
 50, 97, 226, 166, 117, 203, 94, 100, 197, 236, 154, 43, 98, 152, 124, 0, 248, 229, 31, 227, 204, 183, 0, 238, 240, 220, 175, 179, 45, 190, 116, 75;
 30, 205, 70, 186, 207, 176, 206, 198, 134, 18, 200, 130, 105, 234, 59, 193, 123, 235, 19, 239, 94, 3, 14, 247, 48, 7, 142, 201, 189, 223, 185, 132;
 18, 6, 140, 161, 166, 34, 188, 15, 62, 59, 26, 243, 157, 63, 250, 74, 247, 143, 63, 149, 20, 216, 1, 194, 204, 38, 254, 197, 172, 84, 185, 3;
 151, 95, 110, 149, 166, 146, 255, 116, 213, 206, 214, 247, 73, 170, 182, 3, 126, 229, 151, 239, 252, 181, 36, 238, 114, 123, 234, 193, 47, 191, 248, 213;
 243, 83, 122, 68, 110, 22, 221, 113, 193, 140, 246, 42, 80, 216, 247, 39, 124, 180, 54, 234, 204, 247, 166, 200, 114, 105, 229, 171, 103, 184, 120, 229;
 250, 82, 226, 196, 102, 74, 253, 84, 65, 166, 118, 174, 27, 137, 247, 31, 110, 212, 183, 232, 136, 246, 197, 200, 86, 75, 240, 129, 111, 189, 124, 155;
 51, 193, 99, 200, 85, 151, 170, 239, 86, 105, 210, 199, 0, 136, 180, 164, 120, 173, 51, 237, 207, 187, 21, 221, 56, 44, 143, 236, 93, 12, 240, 220;
 11, 232, 140, 185, 48, 173, 56, 150, 30, 93, 92, 197, 189, 199, 99, 200, 135, 43, 23, 29, 7, 88, 67, 241, 204, 217, 62, 232, 154, 220, 9, 217;
 205, 9, 163, 196, 221, 119, 107, 210, 214, 225, 158, 10, 25, 181, 243, 230, 88, 236, 186, 220, 153, 35, 244, 130, 127, 77, 175, 60, 191, 253, 112, 112;
 211, 27, 63, 180, 178, 198, 63, 115, 164, 200, 210, 231, 60, 183, 161, 67, 230, 247, 189, 192, 177, 153, 32, 236, 243, 162, 234, 130, 40, 185, 37, 115;
 2, 48, 187, 161, 211, 230, 185, 67, 55, 199, 207, 183, 28, 159, 97, 76, 127, 31, 147, 145, 18, 216, 177, 194, 207, 22, 154, 199, 167, 68, 165, 242;
 119, 208, 47, 192, 12, 65, 150, 232, 204, 240, 148, 43, 82, 220, 127, 107, 200, 212, 125, 227, 77, 103, 251, 160, 147, 25, 207, 254, 93, 59, 112, 118;
 154, 177, 43, 138, 11, 197, 145, 109, 140, 76, 149, 167, 188, 221, 42, 64, 252, 17, 219, 241, 90, 43, 58, 213, 209, 1, 170, 251, 81, 14, 181, 122;
 15, 150, 134, 179, 173, 182, 180, 135, 159, 27, 155, 119, 204, 120, 46, 207, 197, 87, 187, 17, 214, 201, 11, 225, 138, 115, 222, 211, 154, 92, 185, 7;
 59, 133, 103, 137, 117, 211, 226, 109, 77, 73, 91, 98, 80, 248, 188, 164, 216, 40, 150, 33, 151, 184, 5, 157, 40, 94, 168, 199, 95, 14, 248, 141;
 194, 195, 6, 221, 69, 4, 109, 181, 173, 31, 86, 3, 236, 131, 56, 207, 224, 5, 191, 129, 64, 157, 131, 193, 151, 114, 218, 131, 6, 20, 189, 46;
 184, 194, 85, 225, 86, 75, 113, 120, 37, 52, 117, 170, 107, 69, 168, 17, 58, 152, 135, 234, 72, 182, 45, 157, 86, 193, 97, 37, 103, 170, 70, 162;
 95, 203, 197, 175, 44, 6, 79, 57, 142, 246, 155, 230, 217, 35, 209, 66, 71, 229, 127, 207, 201, 75, 239, 200, 216, 239, 239, 156, 28, 162, 49, 121;
 2, 169, 18, 186, 183, 192, 62, 231, 140, 5, 72, 163, 172, 130, 32, 192, 226, 123, 147, 209, 86, 139, 130, 229, 168, 244, 142, 203, 20, 1, 189, 138;
 220, 191, 26, 176, 168, 201, 21, 225, 176, 60, 161, 57, 151, 147, 96, 17, 131, 187, 77, 16, 122, 11, 136, 20, 217, 193, 43, 125, 144, 0, 167, 3;
 71, 211, 166, 130, 191, 212, 186, 233, 175, 93, 147, 167, 204, 222, 126, 230, 247, 81, 251, 215, 214, 73, 191, 241, 187, 118, 143, 207, 142, 6, 189, 87;
 127, 59, 227, 71, 127, 88, 235, 80, 203, 228, 159, 238, 105, 236, 223, 166, 126, 228, 253, 223, 129, 241, 173, 232, 30, 124, 141, 178, 239, 175, 92, 117;
 192, 154, 17, 185, 111, 233, 49, 58, 31, 55, 8, 191, 174, 167, 64, 200, 167, 27, 171, 17, 18, 28, 195, 147, 141, 246, 90, 127, 180, 8, 5, 99;
 66, 200, 156, 154, 95, 213, 182, 172, 142, 55, 146, 3, 236, 222, 39, 194, 201, 97, 171, 195, 102, 47, 10, 255, 61, 55, 223, 91, 20, 30, 61, 78;
 147, 53, 121, 136, 122, 165, 187, 89, 140, 234, 149, 167, 157, 215, 175, 65, 126, 185, 159, 167, 227, 39, 48, 222, 245, 141, 171, 188, 29, 187, 33, 113;
 219, 51, 120, 173, 111, 83, 152, 107, 75, 236, 188, 175, 15, 30, 199, 180, 254, 157, 159, 165, 198, 47, 229, 211, 146, 217, 11, 191, 63, 44, 41, 223;
 206, 80, 236, 215, 109, 84, 253, 184, 135, 250, 23, 19, 88, 125, 95, 110, 207, 84, 251, 110, 192, 101, 219, 192, 71, 123, 213, 141, 7, 255, 88, 243;
 156, 28, 229, 225, 180, 111, 77, 146, 22, 254, 158, 178, 151, 53, 145, 77, 95, 212, 31, 184, 57, 180, 97, 154, 205, 135, 231, 212, 182, 249, 20, 113;
 67, 22, 154, 184, 250, 173, 185, 23, 140, 75, 216, 253, 188, 178, 162, 74, 135, 35, 94, 5, 181, 10, 64, 66, 196, 60, 58, 186, 156, 200, 137, 153;
 114, 104, 145, 248, 61, 197, 74, 8, 23, 160, 144, 74, 183, 223, 97, 224, 216, 185, 95, 208, 75, 111, 211, 189, 153, 221, 139, 56, 20, 9, 16, 40;
 28, 78, 6, 253, 141, 115, 68, 231, 149, 190, 150, 34, 11, 35, 33, 203, 233, 226, 173, 170, 108, 229, 3, 156, 179, 243, 247, 151, 179, 124, 124, 43;
 35, 73, 209, 221, 108, 105, 232, 150, 75, 33, 120, 234, 185, 177, 245, 236, 74, 126, 38, 72, 3, 58, 198, 241, 4, 188, 210, 168, 94, 217, 89, 140;
 2, 182, 52, 186, 111, 181, 144, 234, 223, 63, 89, 255, 140, 140, 110, 137, 207, 27, 167, 21, 182, 126, 74, 213, 156, 86, 91, 239, 148, 13, 29, 215;
 53, 75, 65, 201, 220, 23, 207, 220, 71, 140, 220, 70, 81, 65, 189, 228, 93, 200, 22, 254, 201, 34, 109, 188, 48, 140, 167, 140, 191, 187, 240, 165;
 163, 126, 126, 74, 118, 151, 254, 116, 220, 74, 241, 238, 49, 204, 181, 33, 254, 169, 23, 239, 229, 167, 52, 206, 118, 11, 162, 136, 93, 154, 112, 149;
 75, 56, 147, 222, 105, 180, 184, 82, 138, 139, 89, 102, 188, 254, 229, 238, 198, 123, 55, 136, 133, 3, 162, 224, 23, 253, 250, 170, 154, 115, 43, 189;
 39, 133, 224, 74, 197, 189, 210, 202, 79, 97, 93, 10, 138, 248, 255, 236, 217, 138, 182, 29, 158, 50, 238, 211, 31, 92, 145, 127, 151, 79, 88, 198;
 120, 87, 27, 164, 118, 13, 161, 96, 204, 160, 154, 111, 55, 152, 33, 66, 254, 185, 23, 225, 72, 187, 16, 140, 176, 193, 171, 40, 13, 42, 49, 169;
 62, 84, 70, 232, 53, 114, 91, 216, 21, 81, 223, 50, 75, 223, 187, 253, 121, 144, 151, 250, 41, 151, 49, 142, 218, 255, 129, 197, 191, 173, 124, 48;
 53, 10, 107, 202, 116, 183, 75, 80, 69, 9, 127, 70, 83, 67, 185, 244, 92, 168, 23, 254, 139, 146, 104, 172, 82, 237, 160, 192, 183, 139, 112, 33;
 18, 173, 107, 147, 211, 224, 185, 199, 7, 117, 78, 147, 41, 47, 36, 64, 107, 155, 147, 145, 27, 153, 53, 247, 127, 6, 158, 199, 181, 4, 181, 250;
 15, 129, 195, 131, 215, 114, 190, 199, 31, 229, 95, 211, 76, 174, 126, 206, 127, 79, 179, 149, 21, 216, 189, 194, 15, 86, 159, 199, 175, 103, 189, 214;
 6, 22, 235, 199, 196, 99, 191, 83, 85, 199, 223, 182, 192, 47, 183, 76, 89, 174, 19, 185, 153, 178, 101, 202, 78, 30, 222, 131, 181, 251, 180, 247;
 188, 149, 61, 233, 141, 199, 215, 249, 196, 120, 213, 18, 215, 93, 58, 97, 217, 144, 30, 227, 121, 165, 123, 157, 233, 195, 195, 85, 54, 43, 244, 226;
 186, 120, 250, 229, 71, 22, 252, 86, 81, 166, 246, 39, 27, 24, 119, 8, 252, 253, 151, 192, 204, 247, 180, 138, 82, 205, 182, 130, 109, 248, 122, 155;
 224, 212, 60, 218, 124, 205, 93, 172, 205, 31, 144, 26, 252, 91, 44, 67, 202, 147, 95, 99, 98, 47, 90, 253, 229, 178, 218, 27, 20, 24, 21, 43;
 106, 208, 117, 200, 125, 116, 209, 140, 75, 29, 125, 48, 136, 31, 190, 238, 201, 20, 159, 56, 150, 41, 243, 213, 87, 121, 154, 223, 150, 15, 213, 103;
 158, 28, 229, 225, 166, 98, 77, 158, 23, 250, 26, 242, 157, 55, 209, 239, 79, 212, 63, 156, 185, 220, 113, 146, 141, 214, 255, 196, 182, 249, 20, 49;
 89, 200, 109, 167, 60, 195, 203, 48, 68, 224, 146, 142, 243, 73, 144, 98, 106, 228, 127, 207, 201, 165, 245, 175, 208, 239, 171, 144, 45, 139, 80, 120;
 2, 160, 252, 91, 219, 241, 184, 75, 239, 25, 61, 34, 12, 158, 110, 232, 227, 27, 147, 144, 22, 9, 42, 209, 15, 29, 154, 239, 209, 65, 237, 135;
 248, 72, 42, 255, 5, 213, 76, 37, 21, 14, 198, 18, 35, 31, 49, 201, 72, 180, 189, 200, 104, 189, 113, 167, 147, 235, 210, 17, 51, 24, 124, 42;
 199, 112, 161, 214, 237, 20, 143, 136, 91, 242, 133, 154, 200, 254, 223, 254, 215, 221, 184, 207, 197, 71, 254, 226, 17, 56, 223, 190, 6, 247, 55, 116;
 219, 2, 232, 165, 103, 16, 120, 49, 96, 230, 23, 135, 105, 43, 219, 223, 118, 133, 181, 173, 196, 212, 165, 200, 86, 235, 250, 129, 47, 230, 120, 73;
 223, 81, 40, 168, 13, 132, 88, 32, 140, 92, 139, 133, 141, 14, 51, 90, 204, 161, 191, 199, 204, 1, 82, 144, 151, 241, 202, 155, 24, 23, 57, 82;
 65, 128, 58, 218, 69, 221, 184, 99, 220, 89, 93, 10, 60, 216, 120, 101, 160, 187, 50, 9, 19, 107, 50, 213, 83, 27, 90, 107, 25, 8, 169, 174;
 67, 30, 163, 156, 116, 196, 173, 119, 24, 202, 218, 102, 188, 190, 181, 100, 236, 107, 23, 141, 129, 154, 180, 234, 61, 62, 190, 136, 140, 104, 49, 253;
 186, 223, 103, 152, 191, 211, 150, 255, 150, 88, 216, 231, 104, 220, 180, 161, 223, 185, 151, 225, 255, 43, 22, 223, 56, 66, 175, 254, 63, 12, 181, 255;
 33, 24, 159, 188, 109, 165, 16, 82, 132, 138, 209, 102, 148, 219, 33, 75, 200, 40, 63, 1, 9, 39, 82, 128, 193, 179, 250, 10, 24, 105, 112, 163;
 30, 143, 130, 154, 221, 176, 198, 231, 151, 31, 220, 55, 104, 234, 43, 192, 249, 234, 135, 145, 62, 11, 10, 243, 122, 103, 254, 203, 179, 126, 252, 143;
 67, 152, 170, 152, 15, 244, 176, 195, 254, 91, 198, 51, 172, 158, 118, 232, 225, 35, 187, 145, 23, 13, 55, 243, 153, 54, 154, 203, 148, 5, 61, 86;
 115, 16, 27, 232, 92, 231, 72, 89, 135, 169, 217, 74, 81, 151, 32, 240, 220, 181, 31, 176, 9, 3, 80, 220, 145, 188, 139, 248, 29, 10, 48, 50;
 210, 82, 239, 181, 38, 66, 59, 244, 180, 254, 210, 247, 81, 175, 187, 75, 118, 229, 61, 231, 232, 213, 165, 202, 208, 34, 235, 132, 37, 241, 53, 121;
 186, 151, 106, 200, 215, 211, 189, 103, 148, 68, 222, 167, 41, 204, 182, 64, 126, 187, 151, 181, 252, 187, 36, 222, 123, 73, 174, 195, 119, 142, 244, 247;
 167, 215, 101, 227, 188, 63, 223, 188, 15, 120, 29, 255, 219, 29, 156, 165, 143, 19, 93, 127, 251, 44, 105, 191, 170, 216, 173, 246, 30, 159, 208, 125;
 79, 112, 162, 146, 85, 244, 184, 64, 155, 207, 197, 23, 140, 142, 119, 206, 232, 45, 155, 149, 135, 215, 144, 226, 145, 117, 154, 43, 138, 85, 57, 214;
 251, 221, 38, 190, 45, 189, 214, 160, 205, 90, 153, 93, 238, 216, 62, 231, 200, 163, 253, 103, 237, 39, 114, 183, 179, 121, 200, 155, 90, 15, 248, 87;
 33, 75, 72, 77, 116, 43, 67, 16, 85, 164, 236, 8, 147, 1, 21, 148, 88, 172, 70, 106, 8, 178, 65, 40, 166, 157, 0, 48, 81, 251, 90, 40;
 180, 108, 122, 67, 214, 225, 243, 194, 92, 7, 253, 50, 25, 25, 127, 56, 107, 154, 134, 144, 62, 182, 104, 230, 95, 141, 178, 99, 245, 75, 102, 130;
 63, 35, 230, 197, 117, 26, 251, 80, 195, 236, 246, 167, 104, 204, 247, 38, 126, 236, 247, 253, 132, 243, 166, 200, 94, 56, 201, 131, 103, 175, 124, 213;
 67, 12, 134, 156, 44, 34, 172, 42, 140, 130, 218, 67, 224, 168, 49, 206, 200, 100, 58, 135, 4, 161, 71, 200, 20, 54, 218, 152, 29, 125, 121, 12;
 79, 64, 167, 182, 173, 116, 89, 6, 141, 207, 151, 131, 220, 255, 51, 234, 197, 247, 189, 149, 136, 197, 243, 224, 195, 119, 222, 154, 134, 117, 181, 114;
 50, 122, 234, 197, 70, 32, 253, 86, 65, 166, 118, 175, 41, 137, 215, 12, 126, 236, 23, 201, 128, 182, 132, 200, 86, 236, 148, 129, 239, 184, 122, 153;
 168, 223, 76, 79, 116, 159, 238, 117, 68, 64, 119, 198, 115, 9, 176, 65, 110, 160, 6, 238, 225, 188, 85, 125, 102, 171, 96, 0, 127, 138, 72, 152;
 63, 55, 241, 225, 182, 47, 251, 209, 75, 225, 57, 206, 31, 9, 220, 164, 62, 93, 85, 125, 147, 176, 156, 194, 236, 220, 45, 244, 239, 139, 211, 177;
 212, 27, 29, 187, 139, 236, 24, 17, 174, 93, 131, 213, 167, 195, 99, 72, 194, 35, 109, 81, 23, 9, 83, 49, 200, 225, 58, 217, 152, 1, 173, 91;
 1, 162, 125, 211, 2, 190, 233, 19, 110, 49, 79, 82, 185, 2, 220, 96, 34, 45, 58, 156, 135, 220, 119, 213, 7, 201, 186, 64, 39, 130, 73, 172;
 137, 177, 84, 225, 254, 137, 184, 125, 207, 113, 21, 126, 156, 25, 200, 35, 167, 11, 87, 61, 243, 124, 2, 213, 78, 217, 62, 230, 94, 136, 129, 137;
 7, 22, 167, 165, 166, 34, 169, 15, 30, 191, 90, 247, 148, 56, 113, 75, 239, 95, 55, 181, 176, 216, 5, 192, 140, 6, 255, 198, 132, 105, 177, 235;
 139, 57, 16, 185, 177, 165, 57, 83, 31, 201, 68, 69, 188, 151, 99, 72, 149, 43, 19, 29, 135, 152, 18, 211, 207, 223, 26, 226, 154, 76, 1, 219;
 136, 64, 223, 101, 37, 78, 97, 152, 111, 152, 102, 0, 243, 209, 69, 127, 184, 68, 110, 88, 11, 245, 51, 8, 15, 249, 64, 4, 66, 128, 98, 42;
 14, 114, 244, 243, 231, 153, 184, 216, 143, 183, 53, 175, 143, 205, 79, 138, 175, 17, 199, 83, 198, 116, 10, 240, 206, 209, 29, 247, 199, 223, 141, 211;
 199, 110, 36, 155, 109, 248, 168, 130, 237, 94, 17, 181, 172, 142, 247, 207, 227, 35, 206, 151, 166, 109, 174, 242, 6, 16, 90, 171, 152, 93, 13, 87;
 21, 12, 90, 123, 210, 238, 99, 208, 125, 10, 109, 16, 63, 83, 33, 120, 51, 186, 6, 10, 50, 176, 0, 127, 231, 174, 32, 64, 242, 195, 99, 163;
 223, 249, 162, 162, 191, 212, 154, 232, 143, 212, 147, 135, 76, 222, 127, 192, 246, 213, 255, 247, 198, 67, 158, 224, 187, 80, 143, 223, 14, 47, 61, 87;
 153, 22, 79, 173, 52, 2, 75, 56, 132, 66, 215, 166, 215, 3, 179, 65, 126, 132, 61, 238, 233, 133, 117, 143, 240, 235, 234, 144, 60, 171, 112, 88;
 109, 74, 129, 233, 188, 42, 75, 152, 195, 181, 138, 196, 223, 195, 241, 254, 83, 196, 61, 126, 138, 5, 253, 146, 236, 252, 133, 116, 182, 255, 208, 32;
 34, 22, 158, 156, 45, 231, 149, 99, 157, 79, 220, 53, 150, 255, 38, 72, 205, 49, 63, 37, 8, 163, 18, 222, 211, 54, 218, 27, 144, 104, 180, 211;
 29, 10, 146, 237, 52, 38, 203, 18, 68, 129, 218, 66, 211, 99, 177, 104, 94, 252, 60, 217, 152, 178, 101, 168, 201, 237, 170, 0, 180, 171, 49, 32;
 174, 94, 101, 175, 12, 103, 239, 112, 20, 226, 215, 199, 241, 37, 177, 197, 76, 228, 147, 239, 169, 150, 125, 174, 101, 34, 235, 128, 55, 255, 116, 240;
 165, 88, 247, 96, 189, 237, 81, 16, 239, 152, 178, 40, 158, 154, 101, 122, 202, 177, 78, 81, 159, 37, 114, 192, 129, 216, 3, 122, 208, 57, 64, 39;
 161, 96, 81, 232, 109, 205, 65, 76, 15, 40, 208, 10, 183, 145, 65, 32, 216, 184, 22, 72, 11, 38, 208, 157, 149, 216, 137, 56, 24, 9, 80, 42;
 243, 107, 106, 196, 60, 146, 249, 64, 201, 204, 182, 167, 104, 204, 183, 166, 254, 228, 255, 237, 132, 231, 166, 200, 18, 56, 139, 155, 71, 175, 117, 247;
 178, 69, 97, 232, 52, 65, 200, 25, 69, 65, 241, 143, 3, 77, 188, 81, 216, 136, 23, 252, 159, 182, 69, 148, 178, 216, 128, 218, 117, 139, 240, 4;
 210, 15, 102, 152, 219, 240, 25, 231, 157, 68, 206, 163, 105, 175, 39, 81, 103, 167, 171, 165, 116, 15, 38, 255, 123, 103, 154, 203, 55, 132, 36, 79;
 131, 57, 187, 250, 245, 164, 152, 87, 158, 201, 81, 118, 148, 223, 100, 104, 204, 59, 23, 145, 147, 143, 146, 194, 75, 156, 186, 202, 152, 64, 177, 179;
 182, 84, 110, 200, 230, 114, 88, 218, 213, 198, 246, 50, 81, 223, 183, 121, 123, 180, 31, 184, 45, 135, 52, 202, 83, 139, 197, 135, 189, 249, 124, 86;
 186, 54, 122, 164, 119, 119, 125, 119, 81, 238, 252, 191, 15, 141, 183, 1, 254, 189, 151, 165, 236, 191, 36, 222, 118, 93, 51, 175, 63, 172, 110, 223;
 176, 117, 75, 71, 100, 75, 71, 117, 85, 230, 63, 12, 115, 117, 142, 52, 24, 168, 194, 42, 105, 182, 112, 30, 39, 132, 1, 48, 107, 186, 214, 248;
 253, 221, 238, 142, 149, 118, 95, 188, 87, 206, 175, 7, 121, 115, 63, 84, 89, 230, 189, 238, 124, 199, 121, 174, 123, 111, 197, 21, 187, 247, 248, 82;
 152, 22, 229, 215, 197, 111, 109, 23, 23, 239, 94, 50, 94, 53, 209, 239, 109, 246, 191, 24, 169, 252, 97, 234, 141, 14, 245, 128, 166, 252, 212, 121;
 62, 3, 98, 72, 93, 247, 210, 72, 87, 164, 253, 11, 74, 232, 63, 212, 216, 168, 166, 115, 156, 163, 58, 220, 27, 28, 129, 127, 247, 175, 124, 70;
 3, 24, 31, 187, 163, 236, 57, 51, 172, 93, 75, 38, 188, 31, 34, 72, 166, 51, 59, 16, 19, 152, 51, 245, 205, 182, 90, 194, 152, 9, 5, 115;
 251, 198, 97, 235, 238, 32, 77, 189, 81, 54, 253, 246, 73, 43, 158, 221, 123, 134, 55, 174, 252, 22, 109, 215, 54, 250, 242, 204, 55, 214, 240, 68;
 187, 13, 101, 77, 22, 19, 202, 120, 85, 104, 117, 194, 89, 44, 180, 165, 94, 128, 23, 239, 253, 184, 109, 191, 38, 90, 160, 212, 127, 175, 88, 180;
 32, 205, 113, 216, 253, 193, 69, 127, 83, 8, 116, 56, 16, 209, 160, 117, 89, 184, 23, 40, 122, 46, 106, 159, 109, 190, 181, 238, 18, 136, 214, 163;
 248, 64, 91, 255, 197, 216, 84, 55, 21, 3, 230, 59, 35, 27, 40, 89, 248, 190, 39, 128, 108, 190, 65, 131, 215, 243, 208, 3, 51, 88, 252, 10;
 234, 123, 32, 190, 109, 245, 92, 20, 137, 78, 221, 45, 174, 206, 122, 211, 204, 107, 149, 71, 206, 2, 242, 161, 194, 241, 202, 187, 22, 95, 158, 223;
 38, 16, 163, 207, 212, 102, 175, 67, 31, 197, 91, 23, 208, 252, 61, 108, 93, 122, 51, 145, 145, 184, 117, 226, 45, 30, 158, 2, 149, 123, 244, 244;
 2, 31, 121, 155, 122, 225, 153, 99, 158, 68, 72, 163, 173, 254, 34, 64, 198, 59, 147, 129, 55, 8, 118, 255, 71, 20, 26, 59, 148, 200, 5, 250;
 3, 151, 0, 137, 247, 169, 182, 239, 30, 73, 88, 231, 172, 188, 174, 196, 223, 27, 147, 5, 151, 184, 84, 215, 36, 20, 26, 226, 221, 78, 153, 149;
 51, 143, 192, 142, 252, 19, 206, 255, 87, 232, 216, 230, 97, 232, 182, 196, 91, 234, 134, 229, 221, 43, 77, 190, 58, 6, 175, 189, 189, 238, 248, 157;
 113, 24, 105, 229, 28, 73, 203, 48, 68, 96, 154, 74, 179, 29, 145, 96, 120, 132, 125, 137, 137, 39, 245, 159, 211, 236, 163, 16, 45, 170, 80, 112;
 216, 192, 60, 237, 45, 115, 85, 174, 79, 62, 151, 50, 206, 29, 34, 239, 201, 148, 191, 99, 72, 101, 105, 148, 211, 243, 219, 87, 22, 125, 156, 98;
 247, 74, 111, 196, 68, 70, 75, 48, 65, 196, 215, 135, 81, 5, 183, 69, 120, 228, 63, 239, 233, 151, 53, 236, 81, 40, 162, 128, 37, 171, 116, 112;
 1, 31, 179, 205, 116, 132, 169, 119, 76, 137, 90, 102, 176, 191, 176, 100, 110, 58, 19, 137, 128, 152, 36, 236, 108, 44, 190, 136, 148, 200, 113, 169;
 110, 209, 116, 200, 239, 127, 187, 204, 207, 125, 61, 42, 12, 30, 191, 238, 231, 21, 159, 115, 150, 35, 61, 208, 119, 249, 2, 255, 215, 95, 221, 119;
 163, 95, 107, 205, 70, 17, 175, 244, 92, 64, 92, 230, 32, 128, 181, 100, 126, 106, 18, 202, 195, 58, 100, 249, 38, 40, 166, 168, 29, 250, 112, 188;
 15, 17, 227, 151, 215, 208, 186, 208, 31, 193, 83, 231, 200, 254, 125, 236, 254, 125, 179, 209, 149, 218, 246, 224, 15, 117, 158, 203, 143, 47, 185, 215;
 131, 160, 137, 217, 108, 249, 168, 66, 158, 91, 21, 152, 173, 135, 252, 14, 7, 11, 19, 156, 35, 92, 34, 211, 4, 156, 186, 169, 20, 136, 1, 237;
 143, 47, 87, 147, 231, 187, 168, 69, 173, 212, 25, 247, 141, 142, 245, 143, 174, 35, 215, 95, 149, 233, 46, 228, 14, 88, 78, 194, 198, 143, 133, 229;
 130, 121, 216, 255, 42, 233, 21, 6, 175, 134, 60, 168, 191, 215, 197, 30, 134, 59, 207, 64, 66, 4, 82, 224, 135, 208, 18, 59, 16, 217, 5, 59;
 128, 17, 155, 250, 180, 228, 49, 67, 150, 73, 211, 114, 148, 179, 96, 104, 201, 62, 63, 145, 27, 155, 144, 66, 201, 165, 186, 195, 152, 72, 180, 179;
 14, 113, 228, 178, 195, 157, 188, 216, 143, 245, 53, 143, 76, 207, 127, 143, 175, 209, 211, 215, 70, 97, 26, 240, 31, 81, 15, 47, 231, 223, 141, 214;
 143, 240, 21, 243, 110, 205, 185, 248, 143, 122, 21, 114, 156, 23, 104, 175, 167, 17, 23, 122, 67, 116, 27, 245, 207, 218, 95, 238, 94, 139, 129, 177;
 235, 223, 48, 190, 109, 116, 86, 172, 201, 94, 221, 45, 174, 252, 59, 211, 200, 99, 247, 103, 204, 39, 202, 177, 179, 121, 234, 187, 30, 127, 218, 215;
 104, 222, 56, 224, 60, 201, 86, 119, 213, 45, 248, 59, 167, 153, 224, 0, 219, 184, 134, 33, 108, 62, 64, 159, 242, 213, 53, 123, 116, 8, 212, 11;
 169, 64, 77, 127, 100, 218, 110, 48, 85, 66, 117, 231, 123, 93, 186, 177, 56, 160, 150, 238, 237, 180, 103, 61, 70, 235, 224, 0, 127, 171, 72, 208;
 251, 8, 197, 238, 13, 116, 77, 154, 7, 123, 223, 18, 120, 63, 27, 254, 64, 199, 189, 202, 11, 7, 251, 227, 215, 249, 218, 157, 54, 255, 188, 98;
 64, 208, 25, 254, 108, 77, 181, 188, 140, 18, 144, 14, 188, 127, 41, 75, 198, 83, 107, 99, 67, 37, 90, 241, 213, 179, 218, 56, 24, 90, 5, 58;
 211, 20, 238, 165, 166, 102, 189, 31, 56, 255, 22, 247, 149, 62, 90, 107, 183, 71, 61, 181, 181, 220, 181, 2, 204, 235, 255, 196, 172, 64, 145, 83;
 88, 153, 154, 252, 203, 196, 21, 119, 169, 132, 204, 3, 44, 147, 32, 82, 230, 191, 169, 128, 64, 11, 146, 201, 243, 225, 30, 11, 50, 96, 165, 139;
 188, 142, 87, 123, 212, 235, 99, 240, 117, 6, 111, 56, 67, 113, 164, 181, 56, 160, 66, 42, 48, 180, 1, 15, 84, 238, 64, 64, 227, 235, 102, 160;
 128, 129, 126, 209, 54, 232, 233, 7, 126, 5, 114, 18, 185, 155, 180, 120, 34, 11, 61, 152, 2, 216, 39, 85, 70, 186, 178, 64, 172, 128, 193, 10;
 69, 139, 220, 197, 166, 58, 44, 159, 74, 178, 94, 226, 141, 34, 241, 238, 39, 78, 182, 76, 209, 88, 141, 160, 172, 255, 111, 164, 190, 248, 153, 173;
 138, 137, 16, 170, 223, 193, 26, 239, 13, 4, 200, 3, 172, 7, 34, 192, 200, 155, 131, 209, 86, 11, 18, 253, 169, 209, 154, 75, 18, 12, 189, 138;
 50, 29, 190, 188, 247, 230, 181, 199, 140, 69, 202, 51, 20, 190, 34, 72, 239, 63, 187, 17, 20, 171, 48, 192, 249, 39, 158, 75, 144, 88, 181, 219;
 58, 219, 43, 188, 147, 194, 23, 119, 148, 77, 210, 183, 0, 143, 34, 64, 236, 179, 175, 197, 92, 139, 16, 189, 241, 103, 190, 211, 53, 28, 180, 91;
 101, 83, 108, 206, 238, 87, 151, 248, 193, 242, 149, 238, 82, 85, 255, 111, 94, 212, 191, 107, 233, 99, 127, 180, 115, 11, 229, 191, 63, 255, 220, 117;
 121, 97, 91, 77, 13, 93, 67, 56, 101, 136, 246, 72, 178, 209, 204, 48, 24, 136, 110, 106, 75, 51, 227, 9, 243, 169, 37, 29, 67, 170, 66, 33;
 181, 76, 127, 239, 102, 167, 191, 112, 84, 74, 243, 226, 113, 124, 189, 33, 254, 57, 23, 239, 229, 183, 109, 174, 82, 203, 234, 128, 125, 251, 113, 217;
 170, 20, 123, 158, 247, 119, 252, 117, 17, 226, 125, 255, 88, 239, 62, 49, 126, 189, 151, 167, 188, 183, 20, 206, 119, 95, 210, 163, 103, 222, 254, 243;
 40, 222, 80, 217, 118, 203, 167, 127, 91, 15, 124, 106, 48, 81, 164, 116, 91, 56, 6, 40, 114, 62, 72, 159, 102, 222, 48, 234, 118, 136, 214, 171;
 164, 88, 95, 91, 80, 223, 99, 216, 118, 94, 118, 68, 114, 67, 173, 221, 120, 24, 134, 122, 67, 180, 57, 126, 23, 139, 112, 0, 89, 147, 102, 185;
 221, 219, 41, 58, 224, 140, 71, 153, 51, 76, 69, 40, 54, 215, 234, 124, 148, 186, 124, 94, 219, 2, 234, 53, 249, 225, 36, 232, 50, 151, 166, 113;
 198, 221, 118, 202, 239, 212, 190, 212, 207, 124, 61, 43, 12, 156, 127, 238, 239, 159, 151, 83, 199, 51, 184, 240, 63, 120, 15, 231, 215, 95, 237, 247;
 130, 192, 171, 218, 79, 213, 184, 196, 158, 5, 1, 147, 160, 204, 124, 72, 253, 25, 187, 209, 38, 103, 62, 243, 95, 20, 154, 107, 149, 29, 53, 94;
 168, 4, 230, 213, 245, 110, 127, 55, 21, 111, 94, 23, 94, 61, 51, 69, 59, 142, 23, 44, 168, 180, 17, 206, 103, 31, 180, 128, 166, 252, 212, 123;
 252, 14, 119, 240, 231, 114, 124, 71, 25, 174, 242, 179, 73, 46, 119, 217, 239, 159, 183, 145, 52, 222, 33, 142, 31, 203, 246, 193, 133, 220, 252, 203;
 154, 116, 230, 214, 215, 56, 252, 71, 93, 199, 214, 183, 106, 57, 63, 13, 127, 211, 159, 145, 190, 253, 5, 234, 178, 94, 222, 131, 239, 221, 248, 31;
 149, 12, 254, 29, 14, 38, 173, 104, 92, 210, 83, 22, 81, 104, 183, 107, 111, 101, 58, 175, 229, 229, 55, 202, 80, 42, 227, 12, 61, 233, 121, 132;
 94, 255, 226, 198, 215, 117, 191, 248, 137, 174, 191, 15, 72, 237, 127, 134, 173, 211, 223, 227, 240, 99, 184, 234, 123, 93, 143, 191, 67, 255, 173, 119;
 188, 215, 244, 230, 191, 91, 86, 189, 85, 238, 191, 42, 107, 124, 175, 240, 219, 214, 174, 99, 237, 227, 109, 175, 251, 247, 165, 151, 119, 255, 220, 87;
 171, 124, 251, 244, 165, 240, 87, 119, 89, 202, 124, 56, 62, 189, 164, 36, 142, 114, 149, 8, 237, 239, 48, 238, 227, 221, 164, 139, 78, 248, 246, 47;
 51, 159, 224, 142, 254, 147, 154, 255, 23, 237, 216, 231, 97, 236, 174, 192, 95, 235, 135, 181, 190, 11, 79, 191, 58, 6, 175, 254, 189, 174, 184, 221;
 199, 113, 138, 154, 252, 148, 186, 220, 138, 217, 81, 247, 188, 218, 127, 99, 222, 107, 147, 215, 150, 66, 222, 224, 126, 57, 174, 234, 156, 63, 185, 151;
 71, 83, 111, 166, 166, 0, 190, 181, 169, 88, 18, 231, 221, 253, 255, 74, 166, 83, 189, 103, 213, 1, 174, 225, 162, 249, 238, 142, 12, 255, 177, 113;
 1, 195, 83, 207, 118, 132, 168, 109, 76, 1, 88, 66, 177, 153, 184, 96, 126, 56, 19, 136, 146, 184, 69, 207, 36, 172, 154, 64, 20, 138, 241, 168;
 163, 249, 120, 72, 108, 213, 159, 255, 79, 124, 84, 43, 56, 156, 254, 96, 207, 90, 151, 79, 198, 46, 118, 243, 127, 29, 180, 255, 87, 28, 220, 223;
 218, 249, 154, 190, 19, 192, 31, 103, 181, 132, 198, 163, 45, 151, 34, 80, 238, 255, 141, 192, 108, 143, 128, 235, 242, 229, 158, 139, 38, 20, 173, 90;
 7, 28, 236, 81, 198, 50, 173, 51, 112, 242, 86, 246, 145, 44, 215, 111, 111, 236, 50, 173, 245, 252, 37, 204, 78, 15, 255, 196, 173, 252, 121, 244;
 34, 125, 43, 138, 235, 229, 190, 246, 139, 84, 137, 39, 44, 159, 111, 19, 238, 27, 147, 198, 70, 3, 154, 241, 55, 24, 142, 171, 20, 87, 183, 223;
 253, 221, 238, 222, 189, 86, 87, 189, 83, 238, 190, 47, 90, 127, 191, 113, 217, 230, 189, 238, 236, 231, 121, 174, 123, 255, 229, 151, 191, 127, 252, 83;
 115, 75, 206, 189, 100, 22, 238, 214, 200, 90, 82, 231, 41, 170, 183, 107, 238, 239, 55, 199, 205, 211, 132, 233, 52, 107, 234, 128, 45, 245, 121, 157;
 64, 143, 146, 188, 244, 168, 100, 7, 187, 7, 114, 49, 174, 170, 36, 208, 227, 155, 135, 1, 98, 44, 2, 203, 164, 182, 54, 11, 148, 88, 245, 11;
 86, 22, 110, 176, 130, 162, 43, 82, 165, 134, 222, 231, 109, 199, 179, 79, 102, 229, 191, 247, 32, 193, 39, 236, 144, 99, 254, 129, 165, 119, 53, 123;
 184, 149, 123, 101, 21, 127, 231, 113, 117, 102, 127, 28, 83, 116, 142, 53, 56, 42, 66, 34, 249, 180, 116, 15, 101, 239, 64, 16, 99, 106, 214, 247;
 210, 77, 94, 254, 2, 194, 30, 100, 148, 6, 214, 163, 125, 191, 32, 67, 230, 245, 189, 227, 104, 143, 0, 235, 243, 163, 250, 129, 53, 50, 173, 10;
 197, 205, 27, 194, 228, 189, 191, 244, 204, 186, 191, 74, 92, 217, 253, 171, 183, 211, 94, 255, 193, 39, 56, 246, 187, 219, 111, 238, 13, 219, 169, 33;
 227, 22, 252, 215, 212, 126, 109, 151, 91, 191, 126, 18, 97, 54, 206, 111, 103, 222, 186, 152, 177, 220, 53, 226, 63, 223, 214, 195, 135, 216, 212, 237;
 239, 199, 225, 143, 231, 48, 239, 190, 91, 118, 57, 214, 73, 42, 221, 220, 127, 207, 23, 239, 243, 54, 236, 243, 54, 126, 222, 164, 63, 255, 210, 228;
 252, 64, 234, 197, 68, 102, 249, 80, 32, 70, 215, 151, 17, 15, 147, 75, 120, 140, 17, 174, 160, 150, 180, 192, 87, 41, 226, 132, 39, 241, 118, 242;
 82, 70, 19, 172, 29, 99, 82, 72, 135, 140, 136, 107, 198, 195, 33, 192, 216, 165, 207, 33, 12, 3, 194, 154, 177, 244, 139, 63, 144, 123, 52, 2;
 41, 8, 227, 223, 84, 232, 233, 82, 117, 71, 118, 150, 49, 163, 183, 76, 120, 168, 2, 140, 161, 188, 52, 239, 86, 47, 146, 64, 191, 141, 112, 248;
 165, 173, 90, 194, 85, 143, 102, 113, 65, 160, 165, 14, 50, 25, 52, 21, 72, 168, 2, 110, 105, 58, 88, 191, 119, 136, 129, 120, 123, 139, 82, 162;
 238, 93, 241, 238, 253, 100, 223, 191, 25, 2, 121, 16, 120, 127, 61, 112, 222, 95, 53, 106, 251, 2, 216, 235, 115, 252, 142, 152, 150, 251, 246, 171;
 18, 61, 46, 164, 87, 224, 24, 103, 137, 129, 200, 171, 60, 254, 36, 50, 236, 187, 147, 145, 42, 139, 18, 238, 185, 20, 158, 171, 133, 68, 181, 154;
 153, 20, 126, 237, 166, 62, 189, 127, 252, 134, 182, 178, 155, 63, 181, 107, 238, 149, 159, 161, 184, 165, 53, 142, 227, 235, 250, 148, 245, 248, 245, 225;
 106, 98, 102, 132, 109, 145, 184, 68, 141, 132, 210, 199, 40, 204, 119, 135, 254, 33, 251, 229, 196, 231, 134, 200, 18, 56, 139, 139, 71, 46, 125, 223;
 249, 57, 99, 228, 52, 47, 67, 81, 81, 168, 147, 74, 179, 17, 145, 224, 88, 180, 92, 40, 169, 39, 241, 159, 177, 236, 160, 48, 46, 138, 80, 40;
 121, 115, 81, 108, 48, 31, 67, 120, 101, 164, 252, 108, 147, 17, 132, 180, 156, 152, 68, 104, 201, 50, 245, 29, 242, 249, 33, 62, 123, 170, 70, 57;
 232, 93, 145, 238, 237, 108, 63, 204, 10, 2, 121, 42, 188, 183, 41, 210, 198, 91, 147, 66, 67, 35, 218, 227, 245, 245, 10, 58, 28, 123, 129, 186;
 234, 216, 188, 204, 237, 123, 85, 166, 207, 54, 159, 58, 78, 191, 102, 254, 193, 212, 175, 66, 88, 39, 107, 210, 211, 211, 209, 31, 18, 255, 220, 103;
 16, 221, 190, 184, 215, 192, 181, 231, 132, 5, 202, 163, 60, 191, 34, 64, 239, 191, 187, 17, 82, 155, 17, 196, 253, 229, 30, 67, 181, 24, 165, 250;
 33, 50, 149, 69, 124, 79, 81, 58, 79, 232, 114, 108, 146, 21, 129, 50, 156, 148, 102, 56, 137, 252, 241, 28, 79, 156, 33, 114, 75, 169, 66, 243;
 173, 82, 23, 77, 104, 95, 177, 216, 252, 94, 243, 112, 114, 212, 173, 248, 189, 16, 110, 42, 227, 165, 43, 83, 4, 171, 33, 4, 83, 162, 102, 245;
 190, 212, 230, 178, 199, 53, 253, 239, 29, 151, 214, 183, 105, 40, 62, 141, 253, 203, 151, 183, 254, 254, 17, 234, 186, 214, 222, 199, 175, 93, 252, 222;
 239, 207, 227, 150, 228, 59, 239, 244, 219, 126, 59, 126, 77, 234, 255, 246, 123, 231, 23, 239, 240, 55, 44, 242, 60, 94, 207, 164, 151, 255, 209, 228;
 205, 207, 114, 210, 228, 165, 239, 247, 121, 130, 191, 90, 95, 104, 247, 37, 59, 227, 22, 239, 252, 230, 46, 238, 124, 158, 199, 72, 231, 251, 241, 5;
 39, 12, 199, 30, 69, 246, 228, 66, 241, 202, 254, 70, 104, 184, 183, 237, 233, 236, 178, 143, 173, 255, 52, 232, 19, 62, 210, 3, 203, 109, 120, 204;
 154, 145, 91, 188, 91, 197, 17, 111, 151, 85, 197, 23, 45, 247, 42, 81, 214, 155, 139, 192, 26, 11, 242, 149, 251, 225, 154, 123, 50, 4, 165, 242;
 0, 134, 152, 190, 124, 132, 60, 71, 152, 15, 113, 80, 172, 162, 32, 80, 231, 43, 130, 17, 50, 143, 2, 239, 60, 247, 62, 9, 144, 0, 171, 137;
 86, 27, 206, 166, 166, 34, 107, 208, 37, 196, 223, 231, 113, 163, 179, 72, 118, 229, 189, 215, 156, 147, 15, 236, 216, 38, 238, 129, 173, 247, 57, 80;
 98, 1, 51, 140, 205, 192, 161, 69, 203, 5, 249, 11, 140, 232, 116, 198, 200, 45, 35, 193, 16, 35, 130, 208, 21, 52, 138, 123, 81, 42, 245, 166;
 154, 204, 110, 188, 7, 130, 218, 236, 148, 70, 194, 131, 97, 77, 54, 193, 120, 225, 187, 231, 104, 167, 19, 191, 147, 107, 202, 31, 53, 45, 124, 90;
 158, 222, 226, 179, 151, 190, 190, 231, 61, 167, 219, 183, 15, 110, 103, 204, 255, 255, 149, 151, 124, 156, 24, 238, 185, 214, 222, 227, 167, 93, 181, 222;
 160, 200, 170, 250, 77, 197, 208, 204, 214, 31, 192, 27, 50, 217, 127, 73, 201, 170, 19, 17, 110, 103, 74, 179, 83, 26, 210, 59, 144, 25, 244, 138;
 165, 233, 89, 73, 232, 217, 111, 248, 175, 80, 100, 232, 59, 199, 205, 117, 6, 88, 86, 126, 83, 10, 110, 125, 46, 152, 37, 236, 16, 145, 70, 229;
 254, 213, 252, 254, 191, 86, 87, 189, 83, 238, 255, 55, 123, 125, 47, 244, 215, 246, 181, 98, 252, 231, 125, 174, 123, 255, 197, 151, 191, 254, 220, 87;
 34, 253, 51, 138, 223, 229, 190, 231, 136, 80, 137, 3, 60, 255, 108, 18, 205, 19, 155, 167, 82, 11, 26, 243, 51, 28, 142, 58, 145, 94, 179, 218;
 215, 203, 105, 166, 172, 4, 222, 189, 9, 216, 25, 227, 221, 111, 221, 98, 166, 215, 61, 239, 217, 8, 143, 226, 234, 248, 239, 140, 62, 246, 177, 121;
 157, 94, 14, 174, 28, 22, 206, 248, 212, 66, 212, 199, 113, 72, 187, 225, 124, 193, 30, 239, 237, 167, 31, 175, 242, 235, 235, 152, 61, 191, 121, 84;
 154, 189, 3, 190, 95, 224, 184, 103, 136, 136, 216, 163, 44, 159, 32, 193, 236, 59, 147, 129, 17, 139, 2, 239, 153, 0, 154, 139, 14, 4, 53, 154;
 184, 12, 240, 253, 246, 56, 124, 55, 89, 3, 116, 18, 59, 59, 148, 61, 39, 219, 21, 8, 178, 252, 117, 239, 103, 254, 80, 2, 231, 200, 192, 47;
 169, 161, 104, 75, 213, 223, 210, 105, 70, 229, 245, 2, 163, 200, 94, 32, 88, 170, 146, 93, 222, 186, 124, 157, 111, 89, 129, 113, 95, 142, 218, 206;
 32, 151, 90, 237, 86, 143, 50, 119, 20, 69, 124, 239, 55, 37, 32, 80, 94, 186, 2, 32, 161, 186, 84, 31, 102, 135, 32, 17, 61, 136, 74, 153;
 175, 253, 242, 214, 245, 118, 223, 246, 209, 206, 191, 190, 106, 252, 255, 164, 223, 243, 159, 243, 253, 239, 60, 238, 123, 95, 197, 219, 207, 255, 252, 119;
 137, 64, 226, 223, 85, 248, 233, 85, 124, 67, 119, 150, 57, 131, 191, 236, 120, 170, 18, 156, 163, 180, 52, 207, 86, 111, 178, 64, 159, 140, 120, 248;
 51, 135, 232, 158, 190, 163, 154, 239, 22, 237, 217, 247, 97, 232, 190, 64, 95, 239, 151, 181, 190, 139, 77, 159, 56, 6, 175, 252, 53, 142, 152, 205;
 216, 76, 154, 254, 2, 68, 94, 96, 144, 6, 198, 147, 117, 239, 43, 83, 254, 245, 61, 226, 104, 135, 144, 43, 243, 231, 234, 129, 37, 241, 44, 10;
 163, 181, 101, 131, 247, 87, 252, 127, 91, 125, 25, 223, 72, 60, 190, 165, 255, 139, 151, 53, 247, 122, 125, 213, 63, 26, 141, 230, 31, 142, 214, 213;
 95, 114, 238, 69, 50, 26, 123, 24, 41, 236, 191, 229, 73, 15, 223, 62, 54, 197, 253, 254, 136, 209, 173, 200, 94, 125, 173, 132, 167, 183, 79, 117;
 55, 157, 53, 71, 189, 54, 159, 183, 201, 232, 58, 102, 120, 60, 182, 34, 135, 103, 85, 239, 213, 169, 56, 238, 107, 94, 175, 242, 207, 119, 209, 255;
 89, 156, 31, 255, 54, 174, 51, 51, 236, 13, 94, 96, 255, 115, 160, 96, 179, 39, 44, 8, 49, 136, 33, 47, 232, 239, 50, 192, 128, 98, 33, 41;
 152, 188, 252, 215, 150, 124, 253, 191, 126, 151, 126, 22, 121, 62, 222, 107, 167, 82, 189, 152, 182, 252, 191, 227, 111, 235, 246, 193, 165, 216, 213, 250;
 2, 107, 75, 145, 70, 162, 169, 65, 44, 204, 210, 231, 16, 140, 181, 73, 238, 45, 51, 197, 133, 243, 133, 192, 20, 32, 250, 130, 13, 25, 49, 217;
 222, 77, 211, 238, 254, 73, 190, 236, 139, 114, 25, 170, 124, 247, 233, 99, 167, 127, 23, 99, 97, 3, 136, 251, 180, 244, 15, 191, 182, 251, 133, 161;
 254, 68, 250, 246, 165, 125, 87, 134, 89, 167, 191, 26, 75, 191, 111, 123, 209, 223, 189, 2, 124, 247, 233, 162, 243, 255, 213, 63, 178, 125, 252, 110;
 66, 168, 190, 180, 23, 200, 49, 7, 235, 253, 6, 57, 190, 189, 66, 26, 163, 47, 125, 21, 22, 201, 162, 193, 219, 50, 92, 227, 132, 4, 23, 91;
 181, 12, 127, 77, 84, 47, 235, 80, 85, 194, 255, 2, 83, 89, 61, 37, 122, 224, 18, 106, 233, 183, 60, 142, 103, 170, 129, 0, 127, 251, 112, 160;
 185, 12, 75, 238, 36, 62, 64, 66, 113, 34, 239, 74, 51, 17, 17, 253, 88, 140, 20, 46, 57, 182, 69, 156, 147, 233, 192, 16, 103, 203, 90, 32;
 39, 188, 204, 193, 93, 191, 74, 218, 71, 123, 156, 78, 18, 24, 215, 172, 201, 128, 22, 156, 143, 22, 125, 210, 15, 30, 153, 246, 159, 77, 88, 133;
 37, 112, 209, 192, 238, 101, 174, 200, 74, 186, 49, 106, 221, 248, 217, 175, 127, 93, 18, 243, 145, 114, 206, 160, 28, 192, 239, 46, 221, 123, 211, 181;
 222, 205, 211, 238, 223, 96, 190, 236, 153, 162, 169, 138, 109, 239, 41, 231, 123, 243, 203, 226, 96, 3, 136, 239, 187, 230, 79, 63, 183, 251, 165, 160;
 175, 205, 242, 214, 213, 54, 238, 231, 89, 198, 189, 18, 104, 106, 127, 189, 249, 227, 19, 239, 253, 238, 60, 238, 63, 94, 215, 34, 199, 255, 241, 236;
 7, 254, 27, 161, 118, 243, 58, 198, 15, 105, 88, 231, 140, 134, 224, 64, 255, 25, 135, 148, 7, 154, 32, 213, 142, 213, 171, 231, 148, 90, 173, 151;
 211, 1, 166, 133, 141, 38, 236, 5, 172, 131, 131, 19, 205, 138, 90, 202, 120, 133, 59, 189, 124, 197, 149, 194, 133, 34, 222, 1, 132, 68, 185, 68;
 190, 212, 230, 179, 199, 54, 126, 223, 53, 151, 242, 151, 79, 46, 122, 205, 255, 223, 183, 181, 62, 255, 25, 226, 187, 247, 222, 199, 167, 93, 188, 222;
 95, 53, 167, 161, 135, 54, 60, 15, 123, 243, 139, 215, 205, 60, 222, 238, 183, 79, 188, 181, 189, 209, 181, 194, 138, 95, 223, 198, 174, 100, 185, 85;
 186, 152, 101, 184, 27, 193, 24, 238, 151, 85, 192, 179, 141, 151, 34, 81, 203, 153, 155, 193, 126, 15, 82, 181, 211, 241, 218, 127, 54, 12, 132, 82;
 215, 114, 239, 65, 114, 26, 249, 25, 41, 236, 55, 253, 89, 14, 223, 59, 54, 133, 125, 255, 164, 213, 173, 76, 126, 57, 175, 132, 109, 162, 99, 117;
 255, 76, 165, 175, 13, 118, 206, 168, 197, 194, 147, 86, 219, 124, 157, 239, 217, 196, 124, 239, 237, 231, 125, 170, 147, 251, 203, 150, 55, 127, 112, 116;
 12, 64, 227, 249, 117, 210, 234, 217, 127, 75, 117, 50, 137, 203, 190, 236, 249, 8, 134, 152, 167, 182, 40, 243, 86, 255, 178, 5, 159, 157, 253, 180;
 199, 207, 172, 159, 158, 134, 159, 180, 146, 151, 129, 151, 229, 109, 27, 75, 77, 119, 59, 215, 178, 74, 95, 239, 105, 38, 223, 80, 181, 255, 177, 104;
 131, 150, 115, 90, 95, 217, 178, 104, 223, 98, 113, 250, 232, 200, 252, 165, 59, 25, 130, 179, 167, 55, 46, 247, 24, 28, 18, 251, 95, 15, 73, 133;
 47, 37, 230, 226, 221, 183, 234, 72, 206, 177, 153, 11, 89, 248, 124, 160, 249, 161, 19, 181, 30, 163, 92, 156, 95, 77, 139, 101, 149, 79, 112, 130;
 35, 88, 174, 31, 109, 244, 181, 38, 221, 94, 118, 21, 32, 188, 183, 110, 201, 98, 178, 7, 165, 174, 119, 251, 3, 62, 82, 11, 217, 93, 120, 221;
 135, 227, 235, 131, 198, 132, 173, 65, 172, 81, 91, 199, 180, 206, 126, 98, 110, 9, 51, 215, 199, 177, 166, 225, 52, 8, 238, 136, 13, 18, 241, 212;
 39, 220, 254, 214, 245, 182, 254, 246, 89, 203, 127, 151, 104, 252, 126, 61, 223, 251, 151, 135, 252, 254, 126, 238, 63, 94, 215, 202, 239, 255, 240, 223;
 246, 221, 241, 222, 213, 109, 254, 237, 187, 115, 185, 27, 110, 127, 61, 53, 187, 211, 215, 98, 117, 39, 56, 255, 179, 126, 69, 63, 215, 127, 199, 246;
 39, 187, 114, 0, 247, 249, 178, 67, 203, 205, 121, 175, 8, 252, 246, 32, 190, 59, 150, 17, 150, 186, 36, 196, 62, 92, 11, 235, 205, 79, 223, 215;
 146, 203, 94, 158, 186, 208, 60, 101, 140, 192, 198, 162, 52, 150, 166, 225, 102, 51, 138, 128, 103, 137, 6, 237, 178, 1, 190, 131, 52, 128, 173, 45;
 146, 191, 83, 21, 178, 137, 190, 103, 188, 160, 26, 255, 45, 172, 132, 129, 166, 127, 203, 5, 229, 185, 132, 111, 52, 36, 62, 130, 77, 72, 137, 157;
 230, 231, 224, 194, 254, 37, 159, 200, 155, 191, 152, 223, 72, 237, 221, 2, 159, 215, 95, 247, 250, 103, 204, 226, 59, 28, 143, 254, 133, 255, 215, 117;
 147, 115, 3, 163, 166, 193, 170, 69, 44, 224, 211, 231, 20, 142, 117, 64, 238, 189, 63, 213, 65, 157, 145, 192, 180, 0, 170, 130, 12, 18, 177, 153;
 255, 157, 244, 255, 191, 95, 95, 185, 87, 254, 119, 191, 123, 253, 190, 245, 215, 223, 181, 106, 249, 254, 127, 191, 107, 251, 69, 215, 247, 237, 220, 119;
 254, 204, 240, 247, 133, 125, 87, 135, 17, 183, 254, 27, 15, 61, 75, 91, 217, 223, 173, 2, 124, 254, 249, 162, 251, 247, 213, 55, 162, 125, 196, 106;
 49, 153, 255, 213, 84, 206, 96, 55, 85, 57, 242, 98, 50, 48, 164, 97, 232, 172, 38, 8, 141, 248, 117, 108, 15, 186, 240, 66, 169, 8, 112, 159;
 18, 135, 110, 187, 188, 161, 233, 123, 142, 29, 223, 247, 165, 239, 186, 65, 110, 11, 175, 133, 214, 152, 71, 213, 236, 161, 186, 193, 53, 136, 181, 201;
 182, 239, 224, 190, 157, 99, 198, 237, 27, 55, 169, 27, 98, 105, 57, 25, 249, 207, 201, 243, 122, 111, 200, 191, 249, 199, 223, 125, 181, 127, 214, 138;
 53, 13, 127, 77, 196, 106, 231, 97, 197, 194, 255, 2, 81, 121, 181, 37, 120, 180, 18, 170, 89, 177, 52, 76, 117, 174, 229, 4, 245, 234, 112, 160;
 57, 0, 70, 109, 5, 123, 66, 72, 85, 2, 231, 10, 83, 1, 51, 121, 88, 140, 4, 106, 44, 178, 69, 30, 211, 239, 176, 17, 115, 249, 122, 130]