[34, 177, 177, 65, 243, 253, 177, 143, 43, 125, 60, 61, 140, 159, 78, 148, 135, 27, 215, 17, 23, 122, 242, 241, 47, 84, 28, 255, 194, 4, 143, 255;
 32, 141, 119, 204, 157, 243, 66, 99, 197, 4, 235, 2, 99, 248, 52, 100, 72, 162, 10, 42, 188, 171, 116, 191, 115, 238, 130, 83, 55, 235, 244, 70;
 108, 52, 149, 237, 72, 111, 3, 8, 50, 162, 163, 24, 215, 55, 65, 219, 149, 221, 105, 50, 41, 86, 217, 10, 213, 247, 65, 52, 128, 113, 6, 32;
 98, 89, 232, 108, 201, 80, 214, 175, 3, 70, 168, 141, 66, 108, 23, 26, 73, 212, 217, 227, 76, 3, 246, 25, 115, 54, 221, 63, 117, 116, 214, 86;
 114, 252, 34, 186, 73, 212, 26, 246, 161, 200, 216, 175, 44, 159, 103, 148, 236, 249, 213, 195, 207, 15, 146, 239, 179, 84, 154, 171, 11, 23, 54, 223;
 232, 96, 4, 84, 73, 71, 77, 44, 50, 178, 161, 24, 211, 55, 69, 155, 136, 244, 121, 234, 105, 71, 219, 16, 145, 139, 197, 60, 8, 48, 66, 40;
 65, 184, 157, 62, 172, 236, 85, 134, 238, 91, 136, 28, 182, 184, 67, 122, 129, 99, 124, 13, 15, 73, 243, 49, 201, 191, 126, 24, 136, 80, 67, 91;
 56, 205, 28, 238, 45, 237, 87, 233, 199, 28, 189, 10, 238, 249, 105, 39, 200, 50, 239, 98, 74, 35, 122, 189, 227, 209, 65, 59, 18, 106, 84, 42;
 1, 128, 53, 185, 221, 197, 48, 15, 95, 85, 65, 17, 156, 154, 104, 73, 193, 11, 35, 21, 22, 120, 91, 213, 77, 26, 82, 110, 144, 12, 129, 202;
 66, 134, 207, 127, 208, 232, 40, 39, 184, 23, 226, 209, 225, 111, 8, 91, 35, 247, 105, 128, 50, 216, 130, 77, 77, 163, 254, 193, 193, 64, 167, 138;
 208, 142, 190, 124, 40, 224, 20, 174, 254, 22, 230, 176, 247, 250, 167, 123, 195, 119, 108, 130, 124, 79, 167, 113, 210, 179, 114, 27, 80, 113, 45, 11;
 15, 137, 198, 223, 213, 151, 238, 253, 95, 1, 92, 6, 249, 232, 61, 228, 121, 106, 19, 239, 211, 176, 26, 249, 47, 158, 207, 132, 159, 250, 248, 172;
 102, 70, 161, 44, 233, 80, 206, 139, 193, 198, 168, 137, 67, 172, 55, 250, 201, 196, 233, 167, 204, 35, 228, 130, 51, 127, 196, 29, 193, 252, 246, 84;
 92, 30, 23, 118, 34, 170, 39, 49, 184, 182, 167, 228, 229, 227, 193, 219, 55, 118, 232, 34, 33, 209, 141, 44, 248, 227, 255, 20, 10, 243, 13, 25;
 58, 95, 107, 140, 214, 243, 191, 230, 133, 196, 220, 167, 57, 172, 183, 32, 110, 251, 151, 229, 140, 187, 36, 236, 114, 77, 174, 137, 245, 254, 118, 223;
 165, 81, 63, 97, 112, 14, 103, 89, 45, 68, 103, 13, 215, 71, 11, 25, 156, 24, 71, 110, 200, 180, 121, 12, 231, 249, 0, 20, 72, 187, 198, 242;
 167, 27, 122, 30, 226, 185, 182, 244, 253, 74, 244, 253, 174, 252, 175, 157, 158, 115, 198, 71, 245, 47, 6, 107, 50, 119, 112, 154, 206, 125, 171, 223;
 67, 227, 98, 142, 126, 145, 138, 125, 143, 200, 153, 199, 236, 206, 254, 228, 126, 249, 159, 221, 215, 11, 174, 221, 190, 28, 143, 234, 31, 142, 185, 213;
 84, 36, 153, 124, 140, 109, 68, 3, 234, 59, 169, 24, 183, 176, 72, 58, 129, 38, 104, 8, 89, 103, 243, 2, 209, 237, 117, 57, 192, 96, 199, 34;
 134, 157, 254, 94, 250, 194, 184, 225, 180, 21, 211, 181, 101, 239, 172, 83, 239, 247, 235, 128, 53, 219, 30, 125, 74, 162, 250, 195, 13, 160, 39, 147;
 59, 59, 234, 168, 84, 135, 138, 82, 150, 236, 216, 199, 41, 204, 115, 0, 124, 233, 151, 213, 142, 187, 4, 255, 58, 69, 171, 233, 29, 143, 56, 221;
 71, 203, 226, 158, 244, 144, 174, 201, 143, 81, 93, 226, 232, 234, 255, 228, 126, 235, 51, 221, 215, 26, 174, 225, 62, 60, 143, 206, 29, 174, 185, 140;
 55, 8, 99, 8, 110, 52, 235, 216, 65, 74, 245, 199, 25, 158, 255, 188, 126, 201, 23, 239, 157, 7, 190, 242, 22, 12, 171, 236, 127, 167, 114, 212;
 45, 188, 221, 73, 218, 119, 218, 218, 86, 225, 236, 206, 89, 125, 133, 180, 93, 216, 210, 188, 167, 178, 125, 30, 59, 205, 5, 116, 251, 250, 106, 180;
 114, 204, 65, 69, 137, 95, 78, 190, 55, 162, 170, 200, 227, 38, 12, 180, 157, 214, 232, 8, 105, 222, 117, 63, 175, 222, 85, 22, 114, 244, 198, 60;
 162, 240, 243, 209, 119, 207, 248, 85, 91, 233, 114, 59, 44, 28, 92, 172, 190, 157, 151, 17, 227, 254, 148, 204, 31, 94, 157, 227, 239, 140, 215, 255;
 245, 96, 174, 38, 12, 79, 71, 204, 240, 238, 147, 13, 119, 200, 123, 91, 176, 236, 108, 111, 76, 231, 154, 40, 209, 131, 101, 60, 104, 123, 82, 88;
 114, 205, 197, 95, 73, 27, 78, 174, 51, 178, 168, 200, 99, 38, 69, 183, 141, 215, 104, 66, 233, 122, 245, 59, 167, 222, 85, 50, 73, 241, 70, 44;
 32, 225, 41, 74, 93, 221, 211, 236, 199, 61, 180, 8, 34, 221, 126, 32, 152, 154, 83, 89, 90, 43, 250, 53, 123, 93, 5, 127, 81, 10, 214, 234;
 105, 16, 165, 77, 93, 14, 97, 58, 121, 239, 98, 93, 210, 33, 16, 150, 24, 228, 99, 44, 177, 254, 241, 14, 85, 62, 80, 0, 202, 168, 82, 248;
 23, 32, 99, 136, 70, 53, 234, 88, 108, 66, 89, 199, 25, 204, 254, 36, 62, 137, 23, 239, 151, 183, 190, 195, 18, 12, 170, 172, 111, 167, 51, 212;
 90, 51, 254, 180, 34, 6, 56, 59, 187, 141, 87, 183, 221, 255, 34, 91, 182, 61, 189, 161, 148, 217, 131, 204, 219, 251, 122, 131, 166, 164, 33, 83;
 120, 223, 213, 95, 201, 25, 86, 190, 55, 49, 234, 72, 107, 55, 140, 144, 201, 214, 234, 202, 125, 122, 121, 63, 63, 255, 85, 83, 115, 185, 206, 60;
 194, 16, 188, 88, 42, 164, 145, 15, 238, 29, 161, 48, 196, 222, 12, 123, 194, 49, 104, 16, 50, 71, 243, 81, 193, 160, 114, 91, 208, 0, 167, 35;
 93, 180, 248, 50, 150, 107, 117, 143, 122, 243, 111, 57, 215, 120, 74, 24, 51, 207, 116, 17, 62, 252, 157, 50, 249, 239, 53, 101, 229, 64, 203, 75;
 12, 3, 87, 73, 168, 113, 45, 75, 172, 20, 239, 196, 8, 231, 172, 221, 44, 16, 106, 186, 19, 129, 34, 84, 6, 136, 66, 12, 211, 210, 231, 176;
 108, 36, 141, 53, 209, 109, 105, 18, 58, 247, 99, 29, 215, 167, 65, 27, 141, 108, 107, 28, 48, 244, 209, 2, 205, 191, 85, 112, 192, 105, 71, 242;
 84, 52, 252, 48, 146, 233, 85, 143, 126, 247, 14, 57, 183, 115, 75, 88, 51, 143, 125, 17, 62, 28, 155, 54, 251, 135, 53, 117, 188, 80, 139, 75;
 66, 122, 219, 148, 116, 192, 124, 199, 171, 140, 112, 101, 172, 202, 119, 16, 166, 235, 23, 213, 70, 79, 130, 233, 186, 28, 190, 171, 12, 16, 167, 207;
 47, 129, 231, 205, 245, 71, 255, 253, 95, 168, 88, 2, 120, 233, 60, 164, 127, 121, 51, 233, 209, 250, 30, 220, 47, 30, 207, 164, 223, 186, 241, 177;
 208, 145, 189, 123, 138, 228, 80, 15, 230, 25, 163, 48, 246, 247, 72, 123, 193, 23, 108, 24, 26, 99, 251, 17, 203, 171, 114, 91, 208, 64, 229, 34;
 55, 143, 103, 168, 156, 179, 206, 251, 214, 81, 216, 198, 81, 232, 176, 224, 127, 170, 22, 173, 191, 171, 108, 159, 56, 77, 171, 204, 61, 168, 248, 164;
 247, 148, 99, 8, 215, 246, 122, 55, 125, 75, 211, 255, 88, 158, 190, 240, 245, 135, 191, 167, 191, 151, 53, 215, 55, 62, 154, 198, 13, 5, 250, 87;
 7, 187, 109, 81, 130, 233, 173, 155, 175, 242, 14, 196, 156, 86, 215, 46, 39, 11, 125, 157, 147, 216, 119, 112, 140, 26, 223, 198, 188, 245, 129, 117;
 140, 190, 188, 229, 172, 102, 93, 186, 115, 182, 158, 32, 215, 127, 75, 43, 205, 214, 125, 227, 120, 96, 251, 241, 207, 147, 235, 53, 36, 225, 126, 35;
 47, 118, 96, 67, 99, 57, 186, 24, 43, 228, 61, 237, 137, 29, 223, 188, 62, 157, 215, 55, 135, 54, 253, 208, 6, 93, 1, 238, 111, 135, 79, 245;
 110, 76, 232, 12, 233, 114, 94, 171, 1, 198, 172, 141, 3, 44, 23, 218, 201, 196, 233, 167, 76, 3, 212, 8, 114, 119, 196, 61, 95, 254, 254, 86;
 15, 217, 109, 9, 170, 83, 29, 188, 174, 121, 158, 228, 220, 246, 234, 236, 7, 17, 254, 124, 199, 73, 47, 85, 234, 31, 117, 212, 158, 214, 137, 125;
 81, 57, 155, 190, 137, 237, 85, 15, 238, 223, 136, 24, 182, 242, 66, 90, 129, 227, 108, 17, 27, 75, 146, 97, 217, 149, 126, 56, 136, 80, 163, 106;
 173, 128, 243, 73, 101, 44, 139, 90, 125, 67, 124, 16, 159, 17, 184, 164, 95, 26, 22, 29, 139, 182, 116, 195, 229, 92, 0, 68, 222, 203, 162, 229;
 196, 236, 124, 60, 42, 120, 149, 174, 236, 30, 140, 48, 182, 252, 199, 123, 131, 115, 108, 3, 102, 109, 166, 99, 130, 243, 114, 91, 84, 113, 47, 79;
 205, 80, 245, 45, 40, 107, 75, 24, 62, 234, 115, 237, 223, 87, 145, 120, 150, 69, 125, 127, 161, 148, 109, 10, 196, 239, 41, 148, 220, 243, 1, 113;
 79, 249, 251, 226, 246, 145, 186, 214, 171, 225, 94, 230, 28, 222, 224, 180, 167, 127, 151, 209, 151, 27, 184, 226, 62, 93, 175, 238, 142, 195, 171, 181;
 227, 45, 234, 4, 116, 144, 234, 67, 249, 192, 159, 143, 40, 200, 214, 246, 106, 237, 213, 141, 237, 195, 132, 202, 54, 60, 139, 137, 79, 230, 122, 212;
 7, 217, 99, 146, 85, 241, 186, 224, 253, 65, 95, 3, 104, 252, 126, 164, 250, 107, 179, 215, 151, 58, 62, 231, 31, 93, 138, 203, 207, 15, 125, 214;
 145, 64, 187, 63, 104, 76, 116, 13, 252, 27, 99, 17, 247, 158, 10, 123, 193, 155, 108, 131, 236, 116, 251, 1, 197, 163, 122, 9, 64, 80, 163, 74;
 225, 217, 47, 126, 8, 77, 71, 253, 160, 196, 164, 13, 243, 245, 56, 51, 216, 224, 93, 110, 105, 35, 250, 45, 241, 171, 101, 56, 88, 186, 210, 250;
 107, 189, 233, 76, 114, 48, 251, 58, 104, 73, 124, 228, 57, 239, 150, 180, 22, 126, 149, 236, 131, 154, 228, 237, 102, 109, 34, 168, 55, 231, 107, 249;
 122, 161, 234, 110, 84, 80, 251, 121, 98, 197, 125, 3, 121, 220, 94, 112, 250, 205, 181, 193, 150, 146, 174, 67, 95, 109, 170, 137, 37, 2, 126, 194;
 39, 16, 115, 12, 171, 249, 149, 97, 205, 71, 253, 185, 206, 252, 182, 44, 158, 49, 255, 39, 149, 37, 54, 210, 17, 62, 90, 155, 214, 47, 151, 247;
 80, 2, 92, 76, 74, 141, 176, 105, 238, 12, 225, 12, 8, 194, 38, 82, 38, 133, 106, 160, 86, 39, 135, 85, 18, 40, 0, 95, 81, 2, 99, 6;
 59, 141, 10, 159, 85, 246, 174, 231, 20, 75, 202, 3, 32, 250, 50, 192, 233, 234, 155, 133, 127, 155, 80, 255, 191, 39, 154, 1, 29, 76, 120, 218;
 7, 209, 109, 81, 170, 91, 141, 191, 238, 113, 6, 228, 220, 118, 206, 237, 23, 17, 124, 62, 211, 72, 63, 85, 168, 26, 127, 214, 220, 240, 137, 117;
 103, 32, 185, 193, 237, 125, 209, 11, 75, 255, 189, 24, 158, 188, 94, 58, 153, 15, 127, 17, 150, 106, 251, 194, 143, 220, 21, 127, 192, 104, 215, 199;
 27, 72, 110, 177, 102, 251, 185, 114, 60, 118, 94, 135, 157, 45, 179, 169, 127, 185, 183, 141, 129, 248, 53, 220, 70, 79, 250, 132, 183, 252, 57, 249;
 137, 236, 28, 57, 58, 204, 113, 138, 238, 84, 110, 12, 183, 211, 75, 114, 131, 10, 104, 92, 3, 68, 250, 53, 205, 201, 1, 104, 40, 0, 3, 218;
 16, 219, 190, 95, 155, 166, 180, 148, 238, 21, 235, 119, 236, 250, 12, 74, 167, 119, 232, 192, 150, 201, 155, 101, 203, 230, 94, 67, 233, 83, 165, 31;
 116, 219, 156, 181, 172, 15, 69, 156, 166, 190, 130, 8, 215, 115, 65, 90, 129, 84, 109, 83, 88, 97, 219, 48, 205, 231, 125, 84, 144, 113, 20, 34;
 161, 141, 107, 252, 84, 164, 203, 246, 84, 73, 112, 66, 49, 242, 181, 97, 88, 234, 18, 200, 163, 186, 116, 63, 116, 45, 162, 8, 29, 153, 112, 168;
 11, 236, 106, 93, 114, 251, 251, 210, 127, 101, 124, 162, 57, 221, 182, 36, 55, 59, 23, 12, 162, 184, 36, 255, 103, 93, 32, 161, 119, 197, 87, 237;
 93, 112, 189, 55, 40, 205, 83, 9, 238, 244, 139, 9, 247, 212, 67, 50, 147, 108, 120, 23, 79, 96, 251, 25, 197, 173, 5, 60, 104, 34, 19, 82;
 148, 89, 223, 95, 234, 232, 151, 194, 252, 17, 231, 48, 127, 211, 172, 123, 62, 251, 230, 210, 91, 182, 106, 97, 54, 169, 102, 67, 241, 145, 171, 161;
 5, 146, 54, 41, 36, 46, 224, 113, 108, 15, 123, 85, 214, 24, 154, 8, 162, 0, 110, 47, 144, 176, 17, 85, 132, 62, 98, 4, 72, 75, 241, 1;
 37, 104, 232, 17, 237, 120, 230, 203, 99, 203, 52, 16, 144, 152, 215, 190, 217, 76, 210, 89, 151, 102, 246, 34, 14, 29, 149, 111, 207, 117, 250, 148;
 168, 44, 191, 120, 224, 238, 124, 214, 240, 26, 96, 16, 148, 63, 1, 59, 205, 115, 83, 88, 56, 239, 114, 34, 223, 155, 116, 76, 192, 241, 38, 170;
 82, 51, 248, 36, 186, 41, 152, 15, 107, 165, 27, 237, 143, 40, 86, 18, 182, 183, 125, 49, 156, 104, 197, 74, 222, 212, 57, 251, 237, 134, 135, 11;
 246, 219, 16, 252, 13, 12, 86, 169, 91, 62, 224, 63, 79, 138, 104, 85, 241, 213, 172, 98, 88, 30, 217, 177, 177, 242, 207, 127, 48, 57, 140, 6;
 112, 218, 24, 251, 41, 173, 80, 6, 71, 29, 104, 57, 167, 19, 32, 88, 193, 58, 172, 0, 10, 40, 67, 53, 199, 245, 48, 123, 48, 24, 4, 43;
 190, 16, 232, 75, 201, 113, 249, 72, 115, 119, 53, 159, 73, 47, 219, 190, 121, 135, 179, 152, 21, 22, 188, 210, 95, 71, 219, 101, 247, 231, 79, 246;
 60, 109, 41, 103, 16, 111, 79, 48, 52, 236, 238, 12, 211, 39, 1, 16, 28, 252, 85, 110, 41, 146, 113, 62, 225, 237, 160, 16, 224, 251, 70, 248;
 63, 29, 110, 158, 223, 182, 126, 120, 221, 64, 207, 135, 121, 238, 54, 225, 126, 238, 186, 174, 181, 147, 61, 238, 51, 47, 202, 0, 63, 255, 120, 212;
 37, 185, 41, 33, 188, 207, 194, 152, 82, 121, 24, 77, 146, 56, 87, 17, 152, 204, 85, 85, 159, 248, 89, 60, 236, 24, 37, 244, 200, 43, 82, 211;
 72, 194, 152, 169, 108, 137, 125, 189, 14, 53, 89, 233, 223, 195, 232, 64, 215, 29, 174, 4, 82, 60, 203, 145, 236, 245, 62, 124, 20, 138, 133, 89;
 147, 48, 235, 84, 118, 149, 171, 80, 123, 194, 85, 150, 57, 204, 254, 36, 62, 169, 23, 143, 167, 246, 180, 195, 22, 12, 187, 160, 69, 133, 119, 244;
 151, 202, 78, 185, 146, 134, 106, 243, 181, 5, 66, 214, 73, 195, 178, 72, 127, 173, 55, 220, 61, 157, 21, 246, 186, 238, 158, 196, 189, 129, 169, 20;
 82, 139, 140, 90, 168, 230, 88, 191, 247, 25, 142, 112, 120, 51, 133, 120, 229, 151, 125, 152, 152, 9, 139, 117, 218, 47, 242, 195, 144, 130, 172, 11;
 131, 246, 125, 49, 114, 139, 189, 55, 124, 230, 114, 239, 189, 12, 150, 33, 182, 41, 22, 53, 229, 252, 101, 93, 36, 10, 60, 128, 109, 136, 129, 221;
 188, 148, 63, 224, 198, 110, 119, 248, 225, 82, 5, 16, 95, 85, 57, 191, 33, 16, 81, 123, 113, 165, 56, 30, 249, 195, 65, 69, 114, 243, 246, 160;
 233, 185, 165, 102, 73, 78, 65, 56, 51, 252, 103, 29, 210, 37, 18, 27, 8, 196, 125, 108, 233, 94, 251, 29, 215, 186, 65, 52, 10, 168, 86, 242;
 84, 91, 156, 229, 172, 15, 71, 188, 198, 190, 158, 104, 215, 49, 65, 26, 145, 116, 109, 115, 88, 105, 73, 10, 237, 135, 101, 116, 224, 122, 84, 35;
 221, 153, 88, 97, 141, 140, 95, 176, 161, 72, 46, 12, 95, 83, 19, 113, 38, 214, 124, 250, 219, 9, 187, 53, 243, 249, 33, 68, 42, 179, 66, 115;
 102, 111, 236, 12, 236, 52, 220, 206, 193, 222, 188, 141, 2, 172, 215, 31, 200, 196, 229, 165, 140, 99, 198, 136, 114, 121, 205, 191, 197, 253, 122, 212;
 193, 57, 189, 62, 168, 237, 85, 142, 238, 91, 136, 29, 182, 248, 67, 58, 129, 99, 124, 29, 15, 73, 243, 33, 193, 251, 126, 24, 200, 81, 3, 75;
 86, 182, 152, 186, 138, 161, 28, 203, 159, 23, 139, 177, 134, 236, 104, 72, 205, 155, 235, 147, 62, 3, 74, 112, 217, 23, 26, 111, 244, 81, 173, 2;
 36, 255, 8, 91, 208, 207, 206, 188, 22, 241, 97, 200, 211, 199, 72, 49, 93, 220, 82, 250, 251, 126, 217, 55, 237, 150, 133, 100, 88, 186, 130, 176;
 248, 177, 189, 53, 41, 234, 81, 137, 234, 245, 171, 25, 215, 253, 74, 82, 147, 204, 104, 1, 14, 97, 251, 17, 201, 225, 69, 53, 64, 34, 71, 82;
 68, 51, 189, 237, 172, 111, 93, 57, 163, 182, 29, 12, 215, 119, 24, 11, 22, 84, 125, 171, 216, 64, 251, 72, 197, 179, 233, 180, 44, 227, 151, 51;
 153, 77, 147, 190, 131, 148, 174, 231, 52, 194, 202, 82, 189, 242, 49, 241, 34, 107, 16, 207, 101, 222, 21, 107, 177, 235, 46, 8, 41, 112, 163, 136;
 21, 101, 91, 79, 10, 3, 175, 252, 102, 160, 233, 130, 115, 208, 233, 32, 62, 88, 82, 234, 65, 163, 61, 61, 48, 136, 35, 60, 121, 187, 35, 168;
 136, 180, 241, 125, 244, 237, 101, 191, 119, 51, 246, 88, 179, 53, 8, 165, 105, 154, 74, 8, 43, 120, 243, 23, 173, 175, 116, 32, 211, 200, 196, 168;
 178, 105, 251, 204, 84, 203, 235, 198, 207, 133, 216, 163, 147, 136, 52, 0, 234, 249, 6, 209, 28, 191, 164, 238, 248, 140, 162, 104, 229, 27, 244, 202;
 85, 164, 248, 50, 146, 105, 21, 143, 122, 247, 42, 25, 215, 248, 75, 120, 51, 207, 124, 21, 30, 124, 255, 50, 217, 231, 55, 117, 225, 80, 219, 75;
 23, 223, 108, 17, 162, 175, 47, 155, 174, 121, 10, 196, 148, 70, 215, 108, 39, 3, 124, 159, 211, 144, 63, 116, 172, 26, 111, 198, 188, 213, 129, 117;
 100, 96, 133, 215, 73, 110, 105, 8, 58, 243, 227, 29, 211, 7, 73, 91, 217, 204, 107, 30, 43, 84, 217, 0, 197, 178, 209, 52, 192, 243, 70, 240;
 236, 213, 156, 218, 141, 127, 70, 159, 199, 187, 173, 24, 214, 113, 73, 251, 201, 214, 232, 58, 121, 98, 219, 48, 255, 147, 213, 125, 154, 121, 216, 2;
 60, 241, 55, 99, 153, 143, 91, 244, 165, 4, 174, 5, 219, 71, 10, 16, 200, 16, 205, 122, 90, 169, 121, 29, 235, 221, 0, 84, 66, 138, 198, 242;
 33, 165, 163, 94, 245, 188, 224, 39, 123, 73, 105, 72, 162, 168, 52, 180, 152, 42, 2, 8, 147, 184, 176, 103, 39, 60, 16, 72, 74, 202, 218, 172;
 56, 238, 122, 120, 123, 193, 120, 215, 51, 21, 124, 185, 41, 143, 98, 16, 47, 155, 199, 144, 18, 26, 34, 117, 127, 197, 48, 235, 243, 144, 166, 203;
 154, 30, 183, 245, 55, 150, 189, 54, 184, 142, 90, 87, 173, 42, 53, 199, 230, 103, 189, 141, 224, 217, 49, 239, 165, 250, 254, 130, 134, 116, 53, 235;
 55, 104, 99, 8, 70, 53, 169, 202, 120, 66, 84, 130, 25, 140, 247, 44, 126, 201, 23, 207, 135, 246, 182, 209, 19, 8, 187, 172, 69, 181, 115, 244;
 30, 26, 114, 76, 131, 217, 190, 67, 236, 77, 220, 171, 140, 220, 182, 36, 190, 57, 223, 1, 144, 45, 166, 242, 83, 125, 42, 251, 215, 47, 143, 247;
 37, 97, 127, 65, 96, 79, 101, 210, 44, 104, 114, 8, 210, 85, 13, 57, 152, 20, 126, 108, 73, 180, 113, 12, 229, 152, 100, 20, 64, 185, 198, 178;
 212, 243, 27, 234, 112, 194, 98, 224, 176, 8, 226, 96, 86, 211, 40, 80, 240, 249, 68, 226, 106, 147, 136, 111, 240, 160, 170, 76, 8, 19, 34, 11;
 63, 126, 98, 64, 99, 63, 254, 80, 121, 238, 116, 174, 73, 12, 215, 189, 63, 253, 215, 239, 229, 246, 180, 206, 22, 95, 137, 167, 111, 245, 106, 213;
 196, 49, 189, 229, 174, 110, 93, 25, 41, 253, 31, 28, 215, 55, 200, 27, 6, 212, 125, 40, 49, 64, 243, 64, 199, 171, 97, 244, 172, 225, 135, 115;
 59, 63, 105, 109, 50, 146, 218, 114, 33, 72, 124, 229, 185, 31, 150, 176, 94, 127, 149, 236, 223, 152, 117, 173, 98, 253, 170, 193, 111, 167, 122, 253;
 35, 39, 102, 150, 108, 242, 169, 97, 168, 206, 217, 175, 168, 204, 150, 39, 234, 173, 215, 167, 228, 235, 164, 204, 20, 26, 170, 139, 77, 102, 127, 215;
 31, 122, 227, 168, 70, 55, 188, 218, 108, 86, 80, 207, 25, 140, 183, 168, 46, 73, 151, 231, 133, 179, 54, 192, 22, 73, 234, 172, 237, 253, 59, 213;
 64, 218, 157, 255, 168, 106, 49, 142, 174, 27, 162, 241, 245, 103, 8, 91, 195, 87, 109, 16, 18, 205, 203, 37, 204, 163, 126, 81, 128, 81, 135, 11;
 177, 141, 103, 217, 180, 151, 237, 119, 212, 96, 222, 86, 17, 168, 180, 229, 108, 166, 30, 173, 249, 185, 53, 159, 56, 202, 175, 208, 61, 136, 240, 172;
 183, 235, 98, 138, 95, 149, 202, 105, 139, 192, 217, 207, 40, 206, 54, 228, 254, 233, 23, 255, 223, 11, 174, 255, 58, 92, 143, 250, 63, 143, 186, 212;
 66, 200, 148, 221, 79, 88, 184, 74, 234, 55, 82, 2, 140, 186, 100, 234, 227, 45, 59, 129, 6, 89, 130, 209, 21, 54, 219, 39, 144, 96, 37, 142;
 57, 216, 113, 234, 61, 223, 83, 254, 71, 105, 188, 10, 90, 57, 72, 180, 217, 146, 150, 88, 11, 58, 121, 181, 219, 221, 5, 119, 242, 154, 84, 46;
 193, 251, 27, 51, 48, 141, 187, 144, 170, 76, 18, 237, 245, 204, 202, 2, 150, 103, 124, 87, 199, 36, 250, 35, 236, 161, 43, 248, 76, 3, 3, 217;
 32, 180, 148, 93, 105, 109, 101, 63, 119, 51, 238, 24, 179, 49, 0, 61, 201, 154, 106, 8, 59, 120, 115, 23, 175, 158, 84, 52, 218, 200, 194, 172;
 208, 51, 27, 44, 106, 197, 161, 89, 238, 76, 177, 109, 20, 204, 238, 80, 180, 33, 238, 39, 195, 39, 162, 89, 16, 225, 43, 190, 89, 2, 103, 113;
 71, 235, 98, 138, 92, 144, 234, 233, 143, 196, 217, 131, 40, 202, 126, 68, 248, 235, 19, 215, 214, 11, 174, 255, 60, 60, 143, 235, 21, 142, 185, 204;
 136, 206, 112, 62, 203, 189, 116, 119, 245, 71, 100, 21, 47, 161, 34, 157, 43, 34, 194, 12, 244, 124, 6, 179, 39, 211, 80, 11, 115, 212, 230, 206;
 231, 168, 245, 81, 203, 122, 45, 138, 123, 247, 4, 158, 9, 172, 215, 191, 39, 220, 240, 94, 181, 84, 190, 130, 30, 30, 85, 118, 174, 253, 26, 84;
 202, 250, 62, 241, 227, 228, 57, 215, 45, 93, 86, 181, 157, 159, 66, 89, 231, 155, 191, 149, 146, 30, 179, 241, 199, 241, 186, 195, 6, 132, 167, 219;
 49, 3, 74, 234, 84, 131, 227, 113, 196, 1, 219, 198, 113, 201, 184, 96, 120, 170, 6, 188, 136, 179, 12, 221, 120, 140, 162, 64, 53, 138, 112, 128;
 39, 34, 250, 69, 102, 58, 251, 80, 106, 230, 61, 174, 24, 172, 215, 58, 63, 109, 87, 159, 133, 242, 172, 64, 86, 13, 97, 164, 197, 243, 95, 245;
 7, 233, 162, 206, 253, 149, 234, 233, 207, 136, 221, 2, 232, 200, 246, 228, 120, 233, 51, 223, 214, 43, 190, 249, 62, 28, 143, 236, 21, 46, 249, 132;
 211, 179, 209, 191, 244, 132, 109, 61, 59, 77, 113, 247, 188, 206, 92, 80, 254, 139, 23, 133, 223, 30, 238, 195, 188, 180, 190, 234, 60, 130, 167, 217;
 84, 174, 250, 49, 146, 170, 86, 191, 114, 171, 250, 121, 119, 121, 72, 16, 55, 223, 68, 145, 62, 250, 141, 46, 249, 199, 53, 101, 225, 64, 135, 11;
 2, 48, 119, 213, 119, 235, 184, 70, 31, 107, 112, 179, 172, 28, 52, 13, 175, 59, 147, 17, 35, 252, 16, 223, 7, 22, 90, 227, 68, 12, 7, 255;
 94, 219, 239, 188, 130, 242, 188, 247, 164, 69, 218, 231, 73, 238, 182, 194, 102, 245, 255, 165, 212, 153, 39, 196, 18, 103, 234, 199, 37, 228, 181, 85;
 44, 251, 101, 33, 188, 75, 197, 155, 66, 253, 184, 237, 147, 13, 222, 17, 25, 76, 196, 117, 207, 98, 239, 21, 104, 193, 37, 116, 75, 190, 214, 243;
 110, 122, 234, 230, 108, 112, 255, 150, 233, 206, 156, 175, 201, 252, 215, 42, 239, 237, 245, 149, 140, 227, 230, 192, 210, 125, 191, 171, 199, 247, 127, 223;
 194, 79, 222, 191, 199, 182, 188, 71, 189, 198, 90, 147, 44, 174, 39, 75, 231, 119, 187, 149, 52, 221, 7, 234, 118, 119, 222, 131, 140, 116, 169, 95;
 43, 107, 0, 190, 124, 133, 206, 220, 6, 72, 216, 15, 168, 201, 243, 0, 220, 107, 23, 197, 206, 170, 66, 189, 166, 93, 174, 184, 31, 158, 50, 216;
 242, 144, 168, 109, 40, 44, 85, 191, 19, 122, 220, 125, 82, 125, 31, 90, 221, 221, 53, 161, 152, 46, 211, 19, 195, 62, 249, 190, 217, 112, 82, 91;
 252, 12, 103, 252, 221, 214, 102, 231, 212, 66, 202, 18, 113, 248, 48, 225, 73, 230, 27, 224, 188, 171, 52, 191, 123, 239, 130, 65, 177, 41, 244, 2;
 79, 155, 253, 92, 120, 215, 185, 152, 6, 125, 23, 232, 217, 191, 191, 238, 7, 21, 187, 92, 129, 24, 111, 157, 79, 127, 117, 244, 214, 132, 5, 125;
 11, 143, 226, 223, 247, 144, 190, 71, 63, 5, 94, 230, 172, 170, 183, 228, 246, 43, 147, 149, 214, 152, 36, 235, 38, 124, 158, 131, 159, 70, 185, 205;
 107, 96, 68, 92, 73, 157, 68, 11, 235, 48, 167, 8, 234, 192, 20, 183, 136, 164, 122, 14, 11, 99, 251, 17, 23, 120, 1, 58, 90, 45, 218, 52;
 87, 2, 79, 37, 2, 22, 111, 58, 161, 194, 174, 197, 119, 230, 195, 127, 55, 196, 108, 110, 221, 193, 167, 72, 194, 174, 69, 148, 42, 229, 32, 116;
 26, 140, 10, 191, 21, 230, 162, 231, 20, 75, 202, 19, 176, 250, 48, 192, 249, 106, 27, 129, 62, 139, 80, 191, 185, 103, 154, 3, 144, 77, 120, 138;
 171, 182, 120, 90, 234, 144, 92, 61, 27, 95, 117, 189, 121, 95, 158, 53, 95, 155, 151, 172, 242, 14, 110, 215, 110, 123, 240, 239, 23, 132, 238, 211;
 183, 74, 98, 154, 68, 144, 238, 196, 209, 64, 208, 131, 105, 204, 191, 164, 120, 233, 19, 239, 236, 39, 14, 251, 48, 40, 138, 172, 61, 191, 122, 196;
 59, 117, 241, 239, 23, 116, 91, 78, 105, 65, 252, 2, 63, 127, 27, 244, 250, 219, 149, 153, 11, 154, 240, 203, 243, 253, 154, 2, 175, 214, 102, 254;
 160, 204, 137, 251, 28, 197, 199, 205, 22, 6, 77, 2, 183, 201, 57, 64, 89, 234, 3, 75, 106, 182, 91, 63, 229, 135, 151, 57, 16, 91, 84, 170;
 111, 154, 98, 24, 247, 182, 185, 199, 121, 75, 90, 239, 24, 156, 182, 248, 253, 173, 151, 149, 151, 154, 4, 212, 30, 63, 186, 198, 141, 68, 250, 215;
 42, 95, 106, 238, 244, 147, 191, 244, 132, 76, 220, 227, 57, 236, 183, 32, 126, 251, 151, 197, 200, 186, 36, 237, 114, 109, 174, 137, 117, 158, 246, 249;
 88, 18, 253, 189, 46, 166, 121, 27, 47, 157, 210, 119, 189, 239, 48, 74, 230, 181, 63, 133, 144, 200, 131, 193, 215, 233, 235, 200, 182, 160, 33, 67;
 213, 96, 191, 37, 4, 46, 67, 24, 116, 170, 163, 72, 215, 81, 73, 123, 176, 197, 108, 123, 40, 229, 217, 8, 209, 171, 99, 20, 224, 115, 35, 2;
 163, 249, 98, 154, 245, 148, 255, 196, 31, 77, 80, 135, 40, 220, 126, 32, 220, 171, 147, 213, 214, 42, 50, 241, 119, 24, 158, 234, 29, 30, 250, 223;
 70, 163, 136, 184, 168, 165, 156, 137, 158, 21, 129, 205, 132, 238, 107, 72, 213, 11, 107, 145, 22, 67, 218, 80, 216, 135, 159, 125, 152, 65, 169, 18;
 221, 72, 235, 118, 102, 86, 255, 49, 112, 194, 119, 18, 89, 255, 150, 123, 54, 252, 53, 238, 224, 214, 188, 194, 119, 235, 231, 128, 39, 182, 246, 224;
 92, 83, 142, 175, 19, 22, 70, 48, 36, 204, 207, 101, 99, 115, 11, 210, 112, 228, 236, 194, 77, 209, 185, 9, 243, 231, 230, 16, 42, 54, 44, 86;
 237, 249, 107, 104, 84, 198, 235, 216, 112, 68, 116, 2, 17, 223, 183, 112, 120, 220, 19, 251, 194, 50, 188, 127, 117, 45, 171, 236, 53, 131, 118, 242;
 11, 243, 98, 138, 86, 208, 186, 221, 103, 69, 93, 231, 40, 204, 190, 228, 126, 139, 147, 197, 199, 154, 44, 245, 54, 36, 170, 203, 63, 150, 255, 221;
 212, 36, 157, 161, 136, 107, 65, 9, 230, 179, 131, 24, 215, 80, 73, 123, 161, 149, 108, 51, 56, 69, 217, 0, 217, 227, 121, 53, 160, 99, 7, 34;
 150, 195, 9, 169, 170, 131, 14, 136, 174, 60, 152, 229, 197, 195, 201, 66, 119, 1, 111, 247, 66, 4, 207, 115, 172, 36, 175, 222, 188, 17, 133, 49;
 47, 122, 234, 43, 240, 198, 187, 216, 38, 69, 109, 133, 80, 77, 23, 16, 125, 8, 211, 151, 130, 150, 61, 126, 111, 45, 128, 69, 215, 151, 118, 242;
 156, 219, 223, 122, 131, 80, 54, 216, 114, 22, 228, 176, 75, 199, 41, 120, 63, 217, 230, 242, 126, 151, 43, 119, 243, 231, 103, 69, 241, 177, 167, 146;
 176, 204, 123, 237, 20, 230, 79, 119, 20, 2, 222, 2, 19, 59, 176, 96, 120, 188, 29, 168, 104, 157, 33, 14, 227, 239, 170, 129, 53, 248, 116, 40;
 119, 164, 188, 88, 137, 111, 69, 47, 87, 183, 173, 24, 66, 97, 78, 31, 25, 134, 104, 184, 120, 111, 223, 22, 155, 158, 85, 127, 241, 72, 194, 38;
 114, 217, 18, 152, 1, 141, 84, 228, 27, 60, 226, 47, 14, 130, 102, 213, 244, 189, 165, 194, 76, 91, 144, 241, 152, 178, 223, 123, 24, 44, 8, 30;
 72, 160, 91, 168, 116, 137, 121, 123, 139, 49, 125, 141, 159, 131, 104, 80, 150, 9, 7, 12, 66, 58, 152, 213, 206, 213, 35, 108, 20, 136, 7, 168;
 23, 76, 207, 183, 162, 66, 15, 165, 180, 130, 194, 160, 247, 114, 137, 107, 115, 247, 124, 227, 105, 197, 45, 40, 160, 162, 239, 128, 36, 243, 161, 44;
 98, 104, 224, 24, 77, 249, 208, 66, 203, 117, 229, 153, 10, 136, 86, 154, 200, 136, 227, 21, 14, 103, 246, 176, 23, 24, 16, 123, 215, 13, 222, 198;
 43, 116, 235, 102, 100, 96, 255, 86, 49, 202, 216, 161, 185, 253, 223, 34, 222, 127, 149, 135, 141, 194, 230, 235, 98, 125, 190, 136, 199, 246, 119, 251;
 147, 214, 135, 173, 10, 6, 174, 63, 36, 223, 219, 247, 197, 46, 144, 195, 238, 199, 109, 167, 237, 217, 1, 109, 177, 227, 254, 132, 37, 117, 165, 249;
 172, 148, 215, 250, 237, 72, 103, 200, 251, 18, 96, 16, 126, 243, 41, 63, 241, 82, 2, 34, 98, 103, 58, 243, 121, 146, 68, 14, 154, 120, 118, 162;
 62, 216, 118, 129, 75, 223, 178, 230, 143, 123, 58, 239, 76, 252, 110, 160, 175, 145, 255, 3, 199, 49, 62, 245, 31, 87, 77, 247, 127, 93, 141, 215;
 136, 115, 10, 161, 12, 105, 99, 86, 164, 109, 206, 7, 134, 129, 19, 2, 224, 12, 74, 65, 13, 145, 209, 0, 149, 32, 168, 1, 44, 27, 62, 216;
 102, 150, 139, 21, 168, 38, 166, 151, 190, 235, 178, 245, 208, 170, 132, 90, 221, 103, 108, 148, 189, 213, 193, 34, 12, 166, 191, 134, 136, 112, 226, 19;
 163, 13, 71, 158, 93, 151, 238, 112, 213, 64, 210, 70, 241, 232, 181, 229, 72, 234, 18, 239, 237, 171, 94, 253, 52, 58, 194, 8, 31, 175, 120, 156;
 118, 164, 244, 88, 217, 175, 69, 239, 87, 183, 173, 24, 66, 232, 94, 28, 25, 134, 104, 56, 58, 107, 255, 86, 123, 158, 21, 127, 243, 72, 198, 102;
 38, 155, 44, 10, 217, 215, 159, 249, 198, 93, 220, 45, 224, 236, 186, 32, 220, 146, 211, 193, 206, 43, 106, 53, 106, 21, 173, 189, 81, 30, 158, 222;
 151, 109, 94, 87, 130, 114, 47, 164, 244, 130, 195, 160, 241, 242, 137, 107, 119, 247, 124, 227, 108, 197, 45, 110, 160, 162, 239, 129, 36, 243, 169, 12;
 131, 189, 53, 91, 82, 189, 169, 246, 124, 83, 66, 80, 180, 124, 28, 37, 55, 27, 82, 13, 243, 252, 55, 127, 45, 26, 84, 66, 68, 64, 131, 172;
 0, 47, 27, 161, 84, 227, 171, 114, 204, 12, 90, 98, 181, 143, 177, 0, 106, 171, 7, 153, 65, 187, 0, 204, 245, 133, 170, 192, 5, 10, 117, 248;
 138, 47, 126, 88, 54, 179, 187, 114, 253, 4, 180, 179, 45, 77, 183, 37, 174, 51, 223, 237, 178, 169, 36, 255, 98, 91, 42, 211, 87, 197, 111, 205;
 19, 1, 235, 245, 246, 203, 249, 119, 61, 203, 83, 147, 189, 60, 181, 104, 62, 43, 23, 141, 180, 188, 36, 206, 206, 30, 186, 128, 181, 140, 177, 223;
 220, 240, 47, 48, 138, 75, 149, 253, 166, 118, 134, 187, 87, 93, 90, 11, 61, 149, 253, 163, 122, 69, 59, 21, 249, 195, 125, 117, 101, 16, 135, 114;
 231, 24, 235, 20, 197, 118, 191, 16, 243, 246, 55, 30, 88, 190, 119, 111, 237, 253, 50, 223, 169, 118, 184, 226, 85, 30, 223, 46, 219, 117, 116, 246;
 200, 12, 246, 182, 163, 106, 188, 38, 172, 194, 82, 163, 253, 238, 53, 235, 226, 119, 239, 195, 97, 205, 7, 232, 68, 51, 94, 129, 14, 117, 45, 26;
 79, 155, 253, 78, 122, 81, 154, 185, 86, 120, 53, 232, 249, 127, 159, 245, 23, 20, 181, 74, 135, 16, 111, 61, 78, 255, 101, 237, 214, 166, 77, 125;
 159, 63, 126, 83, 242, 191, 191, 113, 189, 204, 95, 183, 92, 252, 182, 33, 166, 123, 215, 119, 180, 249, 32, 236, 122, 123, 45, 195, 199, 167, 167, 247;
 87, 249, 233, 1, 178, 141, 107, 175, 47, 244, 14, 134, 148, 6, 214, 102, 38, 129, 124, 221, 215, 8, 63, 112, 188, 12, 15, 196, 172, 162, 129, 124;
 124, 33, 241, 97, 237, 109, 209, 74, 91, 177, 57, 25, 159, 185, 93, 58, 153, 220, 85, 16, 26, 114, 216, 128, 223, 221, 17, 61, 195, 233, 86, 162;
 71, 214, 89, 73, 186, 12, 187, 158, 46, 73, 26, 229, 148, 90, 222, 114, 183, 71, 125, 125, 215, 8, 183, 97, 44, 44, 46, 214, 140, 130, 131, 85;
 83, 233, 129, 129, 146, 5, 111, 173, 47, 228, 10, 199, 141, 6, 209, 100, 38, 129, 126, 221, 215, 24, 53, 208, 188, 12, 143, 230, 172, 150, 33, 124;
 39, 224, 232, 93, 77, 23, 201, 200, 87, 242, 229, 10, 179, 216, 95, 44, 25, 200, 82, 159, 206, 118, 255, 91, 77, 28, 85, 60, 93, 186, 114, 236;
 76, 252, 191, 126, 185, 196, 19, 143, 238, 145, 138, 8, 254, 247, 97, 122, 193, 119, 120, 81, 90, 75, 250, 32, 249, 247, 30, 91, 128, 1, 165, 42;
 47, 13, 46, 158, 93, 247, 187, 104, 214, 204, 207, 3, 121, 238, 55, 97, 120, 227, 59, 239, 60, 227, 58, 253, 123, 123, 203, 9, 145, 111, 120, 194;
 228, 64, 157, 118, 73, 13, 69, 0, 160, 50, 163, 24, 211, 147, 73, 123, 200, 212, 104, 106, 105, 103, 211, 0, 209, 249, 193, 56, 65, 57, 66, 34;
 45, 163, 97, 65, 252, 157, 235, 249, 79, 232, 61, 78, 146, 200, 222, 164, 92, 74, 22, 126, 215, 58, 236, 144, 46, 93, 165, 252, 223, 143, 216, 245;
 32, 204, 31, 254, 29, 197, 66, 230, 214, 9, 192, 2, 50, 217, 49, 96, 201, 186, 42, 17, 59, 175, 82, 191, 251, 246, 150, 91, 144, 8, 240, 10;
 215, 57, 242, 82, 187, 148, 154, 64, 171, 201, 178, 141, 172, 206, 95, 174, 182, 115, 253, 213, 182, 99, 146, 234, 155, 88, 14, 186, 207, 149, 43, 95;
 183, 77, 98, 222, 205, 209, 206, 105, 149, 66, 208, 147, 33, 204, 55, 133, 120, 232, 19, 239, 236, 47, 14, 255, 48, 42, 206, 137, 53, 188, 248, 204;
 28, 241, 114, 104, 139, 74, 23, 221, 230, 0, 172, 0, 95, 247, 41, 56, 62, 209, 236, 114, 90, 35, 50, 0, 249, 233, 71, 29, 243, 243, 167, 42;
 126, 99, 227, 230, 246, 80, 223, 93, 33, 196, 157, 171, 171, 109, 219, 38, 62, 255, 213, 181, 136, 163, 228, 136, 254, 253, 143, 169, 231, 246, 118, 250;
 93, 225, 16, 170, 25, 132, 23, 173, 39, 69, 196, 141, 175, 231, 10, 84, 20, 155, 200, 212, 91, 11, 154, 53, 249, 229, 4, 125, 170, 6, 171, 82;
 155, 205, 119, 223, 37, 214, 239, 246, 220, 98, 86, 66, 57, 189, 180, 229, 106, 230, 63, 203, 225, 189, 37, 255, 247, 235, 250, 128, 55, 152, 249, 40;
 84, 174, 95, 118, 2, 105, 50, 224, 188, 115, 163, 200, 127, 100, 8, 27, 55, 215, 108, 99, 57, 225, 139, 101, 144, 130, 97, 17, 233, 115, 11, 18;
 23, 170, 47, 193, 142, 151, 184, 195, 174, 185, 154, 194, 24, 14, 213, 170, 175, 85, 255, 157, 215, 221, 39, 198, 31, 14, 191, 228, 141, 5, 179, 181;
 163, 13, 71, 158, 109, 149, 230, 32, 221, 82, 208, 70, 240, 248, 181, 231, 200, 226, 58, 207, 237, 174, 86, 253, 36, 58, 194, 10, 30, 45, 120, 140;
 107, 204, 20, 223, 29, 148, 218, 174, 221, 14, 214, 2, 234, 106, 55, 199, 204, 227, 190, 205, 46, 43, 99, 253, 162, 59, 218, 27, 22, 29, 120, 13;
 74, 16, 156, 189, 53, 166, 121, 23, 63, 9, 82, 87, 157, 159, 18, 72, 198, 61, 63, 145, 24, 220, 211, 192, 205, 243, 250, 194, 140, 0, 161, 3;
 55, 180, 113, 169, 244, 140, 111, 249, 59, 109, 121, 214, 157, 14, 92, 112, 255, 137, 23, 183, 219, 30, 252, 215, 189, 188, 171, 228, 61, 2, 135, 241;
 19, 43, 107, 201, 86, 151, 238, 118, 93, 132, 88, 198, 57, 8, 149, 160, 126, 185, 23, 205, 197, 186, 37, 255, 86, 13, 186, 128, 125, 130, 115, 253;
 42, 165, 104, 235, 221, 129, 207, 125, 7, 37, 253, 138, 177, 109, 60, 0, 88, 154, 23, 173, 90, 58, 92, 149, 103, 221, 142, 253, 119, 202, 214, 240;
 138, 184, 42, 187, 225, 228, 57, 214, 191, 93, 80, 49, 188, 223, 110, 89, 229, 59, 191, 145, 150, 88, 26, 241, 199, 241, 218, 203, 154, 85, 167, 219;
 30, 100, 119, 225, 55, 110, 249, 222, 233, 179, 186, 2, 79, 63, 93, 175, 175, 213, 93, 185, 168, 245, 17, 204, 155, 218, 223, 150, 231, 213, 103, 41;
 162, 237, 99, 138, 124, 193, 174, 236, 159, 68, 216, 131, 40, 206, 126, 68, 216, 235, 19, 243, 206, 43, 238, 255, 56, 20, 143, 235, 21, 15, 244, 220;
 59, 104, 234, 81, 102, 242, 233, 84, 124, 192, 86, 162, 57, 156, 215, 44, 110, 169, 23, 221, 133, 178, 100, 232, 70, 13, 186, 128, 247, 245, 114, 237;
 163, 113, 252, 251, 252, 148, 152, 77, 203, 217, 176, 245, 172, 222, 221, 43, 206, 19, 87, 149, 183, 111, 210, 195, 46, 91, 158, 187, 140, 148, 171, 159;
 63, 117, 238, 103, 183, 82, 255, 28, 97, 204, 191, 166, 251, 125, 159, 39, 62, 251, 221, 187, 175, 224, 253, 172, 111, 221, 166, 129, 239, 246, 126, 223;
 167, 173, 113, 65, 246, 143, 200, 91, 91, 168, 48, 232, 150, 29, 213, 49, 159, 24, 84, 57, 179, 124, 228, 30, 46, 156, 37, 246, 205, 136, 82, 165;
 3, 120, 122, 242, 172, 149, 188, 245, 207, 202, 144, 231, 172, 223, 87, 8, 159, 51, 127, 149, 214, 47, 18, 246, 90, 95, 158, 219, 141, 148, 171, 155;
 91, 219, 141, 173, 57, 30, 88, 182, 37, 97, 142, 68, 215, 54, 147, 230, 196, 36, 120, 77, 157, 136, 113, 157, 171, 247, 200, 86, 154, 164, 24, 84;
 15, 229, 161, 26, 201, 117, 238, 255, 99, 91, 217, 74, 56, 126, 29, 172, 61, 139, 83, 175, 151, 19, 30, 251, 53, 30, 218, 172, 223, 246, 171, 132;
 22, 94, 122, 200, 114, 193, 186, 67, 189, 69, 220, 167, 140, 157, 182, 4, 190, 57, 223, 145, 149, 171, 16, 218, 54, 116, 138, 235, 221, 4, 45, 215;
 134, 234, 39, 144, 215, 210, 184, 231, 186, 242, 18, 243, 140, 158, 85, 139, 175, 125, 211, 145, 119, 253, 134, 194, 61, 18, 159, 235, 133, 36, 191, 135;
 35, 185, 106, 137, 244, 214, 185, 71, 169, 69, 94, 135, 4, 172, 54, 68, 238, 43, 19, 149, 149, 154, 54, 212, 92, 60, 154, 195, 141, 4, 127, 253;
 254, 54, 248, 124, 41, 36, 153, 27, 185, 158, 180, 177, 44, 255, 79, 191, 222, 147, 253, 177, 186, 79, 226, 202, 203, 120, 206, 155, 199, 228, 38, 123;
 30, 55, 239, 191, 188, 82, 223, 220, 177, 204, 148, 161, 255, 125, 155, 43, 222, 243, 221, 245, 171, 195, 231, 232, 234, 249, 174, 147, 167, 247, 62, 249;
 40, 137, 145, 255, 4, 205, 71, 218, 22, 10, 72, 2, 178, 241, 33, 64, 217, 122, 3, 74, 75, 56, 91, 49, 197, 134, 179, 32, 24, 107, 116, 170;
 211, 139, 238, 157, 86, 146, 169, 39, 63, 125, 86, 215, 169, 46, 150, 68, 102, 173, 55, 141, 213, 152, 181, 201, 12, 40, 250, 128, 45, 4, 185, 220;
 74, 133, 174, 190, 203, 96, 188, 109, 158, 23, 195, 147, 236, 238, 62, 75, 243, 131, 187, 133, 54, 73, 139, 193, 85, 55, 222, 9, 148, 68, 173, 74;
 14, 183, 98, 154, 243, 177, 190, 239, 28, 77, 93, 247, 44, 206, 190, 132, 255, 27, 147, 215, 247, 154, 46, 247, 62, 85, 138, 203, 159, 71, 191, 213;
 3, 143, 226, 143, 87, 146, 186, 103, 13, 69, 91, 135, 168, 234, 182, 196, 254, 43, 147, 149, 214, 152, 36, 239, 46, 124, 158, 131, 31, 14, 185, 204;
 11, 176, 7, 155, 75, 181, 184, 73, 175, 81, 69, 215, 204, 214, 238, 238, 39, 11, 186, 157, 151, 84, 191, 209, 30, 48, 154, 238, 158, 6, 169, 212;
 39, 122, 98, 134, 116, 178, 186, 96, 169, 77, 217, 239, 104, 236, 182, 4, 254, 225, 215, 199, 132, 131, 6, 236, 20, 22, 138, 139, 133, 39, 127, 215;
 58, 228, 240, 237, 23, 178, 90, 206, 123, 1, 232, 18, 11, 59, 28, 116, 123, 153, 149, 160, 42, 154, 84, 223, 179, 252, 138, 7, 183, 212, 226, 166;
 10, 156, 55, 155, 247, 235, 185, 103, 156, 71, 83, 179, 172, 63, 38, 140, 167, 59, 147, 1, 48, 188, 48, 255, 13, 86, 90, 195, 150, 13, 133, 251;
 161, 121, 107, 218, 116, 198, 175, 252, 80, 72, 80, 70, 48, 213, 181, 37, 92, 56, 19, 251, 227, 182, 124, 125, 53, 40, 170, 168, 93, 155, 114, 249;
 234, 193, 81, 250, 125, 233, 90, 142, 31, 81, 105, 155, 172, 207, 108, 208, 219, 155, 163, 84, 3, 26, 218, 243, 95, 148, 155, 127, 150, 31, 220, 154;
 165, 175, 89, 225, 242, 143, 235, 153, 74, 185, 56, 104, 149, 17, 200, 32, 55, 27, 86, 124, 211, 120, 200, 86, 108, 140, 37, 244, 204, 138, 195, 161;
 201, 185, 121, 43, 58, 204, 187, 184, 42, 200, 20, 164, 221, 86, 219, 96, 23, 85, 125, 207, 199, 12, 255, 31, 236, 173, 43, 172, 108, 162, 11, 249;
 59, 105, 234, 68, 103, 82, 252, 101, 97, 192, 124, 143, 41, 172, 183, 189, 126, 237, 151, 207, 205, 242, 36, 232, 54, 79, 238, 129, 231, 246, 122, 220;
 90, 122, 248, 168, 122, 156, 24, 18, 171, 205, 28, 237, 175, 143, 195, 146, 166, 185, 253, 21, 134, 74, 194, 192, 222, 245, 40, 235, 166, 132, 15, 91;
 128, 236, 40, 251, 157, 205, 118, 238, 151, 55, 68, 19, 166, 221, 98, 0, 217, 122, 131, 66, 110, 62, 122, 183, 175, 214, 21, 123, 80, 24, 148, 222;
 237, 81, 213, 102, 207, 88, 70, 248, 227, 186, 55, 120, 91, 115, 205, 191, 51, 212, 118, 106, 121, 99, 171, 96, 63, 223, 101, 46, 227, 243, 226, 39;
 229, 37, 94, 176, 236, 143, 244, 97, 233, 178, 179, 58, 85, 25, 117, 43, 171, 245, 94, 115, 116, 127, 0, 204, 61, 154, 71, 86, 197, 169, 209, 164;
 131, 247, 233, 203, 124, 132, 234, 220, 91, 9, 216, 230, 177, 75, 220, 96, 222, 11, 23, 221, 163, 42, 204, 239, 44, 28, 190, 232, 156, 146, 35, 189;
 122, 211, 82, 164, 111, 25, 80, 109, 33, 140, 251, 175, 107, 207, 110, 214, 254, 153, 231, 96, 76, 179, 131, 221, 154, 216, 129, 171, 58, 14, 110, 159;
 18, 156, 14, 190, 20, 230, 82, 246, 149, 12, 218, 35, 230, 242, 34, 64, 217, 250, 63, 193, 62, 139, 82, 191, 185, 246, 154, 195, 16, 9, 60, 75;
 38, 131, 232, 202, 212, 86, 250, 217, 27, 67, 221, 147, 65, 110, 190, 40, 223, 219, 147, 183, 158, 22, 124, 215, 31, 63, 139, 237, 149, 143, 254, 246;
 15, 183, 161, 161, 223, 245, 154, 155, 30, 113, 25, 207, 157, 124, 90, 160, 159, 27, 147, 149, 151, 24, 125, 147, 173, 69, 15, 254, 189, 70, 149, 247;
 66, 99, 36, 202, 45, 241, 216, 14, 141, 29, 155, 41, 172, 154, 28, 14, 202, 19, 255, 195, 146, 43, 67, 241, 151, 88, 218, 219, 4, 7, 181, 47;
 138, 7, 124, 251, 189, 231, 217, 188, 221, 87, 180, 151, 233, 111, 31, 9, 143, 131, 223, 173, 190, 233, 127, 255, 226, 219, 218, 209, 223, 213, 245, 90;
 24, 77, 23, 239, 150, 239, 109, 119, 36, 64, 94, 70, 191, 167, 48, 65, 122, 42, 15, 204, 89, 185, 49, 157, 241, 225, 170, 0, 38, 218, 181, 168;
 46, 147, 121, 107, 110, 145, 250, 185, 27, 125, 117, 247, 153, 31, 156, 48, 95, 25, 23, 174, 210, 56, 124, 213, 70, 223, 251, 237, 127, 130, 199, 211;
 250, 117, 40, 104, 73, 221, 84, 109, 139, 238, 172, 9, 10, 156, 15, 52, 156, 176, 213, 33, 236, 35, 112, 158, 243, 221, 1, 63, 83, 124, 222, 87;
 27, 51, 60, 109, 43, 86, 25, 25, 35, 252, 245, 229, 155, 159, 214, 182, 142, 61, 253, 196, 205, 204, 243, 145, 195, 249, 33, 215, 107, 134, 46, 247;
 69, 9, 158, 182, 172, 120, 124, 2, 168, 194, 26, 129, 253, 170, 115, 74, 227, 231, 125, 149, 4, 217, 135, 224, 220, 247, 255, 129, 140, 113, 41, 26;
 135, 185, 253, 177, 242, 79, 185, 219, 59, 253, 16, 185, 157, 31, 86, 43, 167, 93, 215, 21, 178, 92, 177, 192, 207, 88, 63, 246, 197, 196, 135, 243;
 44, 49, 241, 97, 245, 127, 241, 82, 83, 185, 124, 10, 27, 185, 85, 190, 57, 252, 87, 56, 152, 242, 240, 128, 95, 217, 165, 37, 231, 253, 86, 163;
 64, 26, 158, 253, 109, 192, 176, 7, 238, 189, 150, 34, 172, 186, 96, 74, 226, 53, 234, 129, 2, 89, 146, 209, 133, 241, 218, 35, 144, 0, 45, 139;
 88, 220, 169, 162, 0, 107, 93, 159, 54, 118, 143, 137, 87, 61, 83, 8, 57, 149, 125, 131, 72, 51, 187, 19, 209, 199, 253, 60, 244, 114, 134, 114;
 205, 203, 25, 186, 154, 136, 15, 188, 182, 4, 76, 136, 247, 199, 41, 80, 86, 96, 40, 126, 67, 0, 238, 63, 233, 165, 47, 88, 48, 179, 133, 112;
 125, 245, 212, 126, 139, 36, 23, 152, 226, 21, 237, 68, 126, 211, 8, 91, 149, 223, 108, 238, 203, 67, 154, 53, 243, 233, 75, 120, 42, 83, 162, 18;
 43, 25, 226, 95, 102, 217, 187, 113, 237, 72, 119, 230, 185, 190, 182, 176, 126, 57, 151, 197, 149, 152, 52, 233, 70, 29, 186, 128, 95, 166, 114, 253;
 132, 143, 118, 209, 228, 11, 237, 121, 125, 186, 55, 122, 93, 26, 212, 45, 47, 133, 86, 251, 241, 127, 45, 244, 60, 154, 119, 230, 79, 137, 195, 165;
 89, 157, 191, 110, 184, 206, 87, 179, 239, 73, 191, 104, 254, 119, 136, 114, 165, 183, 124, 8, 219, 41, 59, 61, 243, 255, 38, 208, 208, 194, 163, 35;
 50, 228, 249, 203, 212, 192, 207, 207, 91, 73, 249, 18, 184, 222, 220, 116, 217, 155, 23, 152, 91, 42, 232, 211, 189, 188, 158, 238, 21, 2, 230, 238;
 136, 204, 87, 89, 215, 107, 101, 247, 124, 26, 126, 112, 31, 51, 161, 115, 35, 18, 6, 40, 97, 188, 1, 14, 109, 171, 116, 68, 243, 240, 227, 169;
 182, 77, 108, 253, 57, 155, 90, 105, 61, 0, 235, 0, 107, 90, 4, 177, 234, 177, 221, 163, 124, 137, 27, 221, 178, 251, 203, 67, 113, 32, 106, 6;
 26, 24, 5, 189, 75, 109, 184, 202, 143, 122, 24, 143, 60, 191, 113, 138, 173, 153, 243, 129, 3, 51, 18, 209, 23, 82, 89, 190, 91, 109, 3, 146;
 155, 31, 111, 109, 55, 150, 218, 48, 61, 200, 118, 231, 57, 31, 150, 165, 46, 177, 149, 237, 253, 184, 117, 237, 98, 249, 168, 192, 111, 133, 120, 89;
 13, 188, 49, 227, 116, 207, 235, 241, 234, 121, 157, 98, 157, 151, 240, 112, 111, 185, 31, 143, 211, 152, 172, 245, 253, 205, 171, 228, 20, 138, 135, 241;
 223, 98, 2, 184, 105, 181, 26, 200, 171, 94, 144, 173, 140, 206, 111, 157, 183, 201, 221, 215, 142, 71, 138, 240, 146, 81, 139, 239, 154, 21, 47, 87;
 62, 97, 237, 237, 60, 2, 88, 56, 129, 208, 157, 163, 255, 93, 152, 35, 78, 213, 253, 253, 138, 65, 199, 141, 206, 249, 207, 149, 39, 166, 86, 96;
 31, 91, 194, 152, 179, 208, 188, 87, 188, 201, 94, 231, 44, 254, 167, 224, 230, 59, 150, 213, 151, 153, 52, 232, 50, 37, 174, 131, 190, 84, 169, 223;
 31, 57, 236, 101, 63, 90, 219, 56, 229, 196, 183, 167, 251, 29, 150, 38, 46, 213, 221, 249, 140, 225, 117, 204, 199, 249, 163, 147, 111, 166, 124, 87;
 46, 38, 224, 3, 255, 179, 254, 200, 31, 231, 93, 239, 72, 200, 223, 140, 127, 233, 147, 151, 214, 246, 109, 250, 46, 31, 141, 167, 223, 255, 220, 212;
 59, 97, 235, 175, 70, 16, 239, 68, 69, 192, 213, 163, 57, 152, 255, 32, 122, 169, 23, 207, 204, 182, 164, 224, 118, 77, 170, 129, 117, 158, 114, 237;
 139, 121, 115, 231, 98, 143, 191, 240, 141, 232, 83, 239, 125, 93, 145, 33, 54, 113, 87, 111, 193, 148, 60, 253, 118, 72, 40, 176, 47, 191, 3, 249;
 118, 107, 154, 236, 29, 65, 71, 75, 131, 164, 168, 10, 35, 137, 97, 18, 232, 221, 203, 226, 10, 35, 208, 136, 177, 228, 143, 63, 177, 123, 116, 34;
 46, 177, 97, 203, 213, 215, 203, 249, 23, 41, 125, 106, 72, 125, 188, 164, 93, 154, 151, 249, 155, 58, 105, 245, 63, 92, 139, 230, 247, 143, 244, 245;
 14, 158, 106, 187, 243, 179, 186, 238, 28, 85, 93, 167, 204, 238, 62, 192, 255, 27, 147, 181, 182, 154, 14, 255, 110, 87, 138, 207, 149, 79, 173, 215;
 168, 97, 248, 100, 109, 75, 85, 220, 83, 190, 180, 26, 75, 13, 91, 31, 24, 220, 199, 122, 72, 102, 233, 128, 87, 217, 229, 61, 99, 184, 86, 234;
 90, 96, 246, 228, 39, 22, 120, 24, 97, 161, 191, 10, 203, 27, 93, 174, 174, 149, 253, 185, 136, 113, 145, 192, 151, 223, 209, 7, 239, 166, 106, 36;
 248, 29, 21, 172, 41, 235, 19, 50, 132, 36, 142, 169, 159, 55, 33, 211, 64, 52, 233, 98, 57, 9, 113, 60, 225, 227, 96, 81, 18, 41, 4, 114;
 62, 97, 228, 236, 87, 16, 122, 216, 97, 133, 124, 139, 59, 73, 95, 146, 62, 217, 215, 255, 206, 162, 182, 201, 119, 201, 132, 45, 103, 182, 126, 138;
 100, 33, 94, 224, 238, 11, 236, 97, 233, 162, 178, 10, 199, 104, 93, 11, 59, 181, 106, 185, 88, 99, 70, 204, 156, 154, 87, 93, 229, 168, 99, 128;
 9, 62, 21, 249, 124, 132, 169, 123, 12, 152, 80, 70, 180, 19, 33, 225, 228, 59, 23, 41, 227, 220, 83, 93, 101, 139, 186, 192, 24, 0, 33, 169;
 127, 89, 106, 202, 215, 148, 251, 220, 97, 69, 215, 167, 89, 220, 183, 244, 126, 236, 183, 255, 157, 50, 188, 254, 127, 109, 170, 205, 175, 183, 126, 245;
 161, 153, 25, 251, 124, 173, 166, 255, 94, 57, 120, 64, 181, 240, 233, 96, 217, 58, 2, 72, 163, 58, 90, 51, 45, 156, 179, 44, 24, 88, 80, 169;
 141, 92, 103, 221, 5, 119, 239, 112, 84, 198, 84, 2, 89, 85, 177, 109, 125, 120, 19, 234, 233, 180, 49, 188, 69, 203, 235, 128, 55, 251, 116, 240;
 72, 115, 26, 166, 109, 192, 113, 68, 235, 5, 185, 41, 173, 154, 98, 82, 202, 153, 239, 193, 10, 11, 210, 225, 213, 241, 154, 43, 0, 3, 167, 11;
 3, 135, 34, 139, 245, 146, 186, 109, 31, 69, 91, 135, 232, 206, 62, 196, 254, 43, 147, 197, 246, 152, 44, 255, 46, 124, 138, 195, 23, 14, 245, 214;
 2, 156, 55, 159, 179, 235, 187, 103, 189, 71, 95, 179, 236, 255, 44, 68, 167, 59, 147, 129, 48, 152, 50, 247, 47, 118, 90, 195, 150, 70, 165, 255;
 47, 100, 225, 66, 245, 255, 235, 216, 91, 229, 125, 207, 104, 236, 223, 164, 93, 234, 150, 61, 167, 114, 108, 254, 62, 28, 133, 238, 207, 255, 90, 212;
 10, 188, 52, 179, 99, 253, 184, 103, 191, 247, 29, 185, 172, 159, 70, 136, 167, 59, 243, 17, 150, 88, 18, 213, 79, 87, 90, 227, 198, 68, 135, 219;
 66, 156, 158, 187, 177, 228, 56, 134, 190, 89, 86, 50, 188, 191, 42, 104, 231, 63, 191, 17, 55, 156, 16, 231, 207, 183, 26, 195, 140, 1, 173, 155;
 163, 185, 43, 155, 116, 134, 185, 71, 156, 77, 80, 215, 180, 156, 52, 64, 238, 43, 19, 149, 146, 154, 54, 215, 77, 56, 186, 200, 21, 8, 55, 251;
 134, 153, 186, 250, 225, 229, 57, 214, 191, 27, 84, 53, 188, 223, 105, 88, 231, 59, 191, 209, 19, 9, 26, 243, 207, 247, 158, 203, 152, 85, 165, 251;
 178, 237, 99, 186, 126, 195, 202, 236, 31, 64, 216, 235, 33, 204, 52, 129, 251, 235, 23, 227, 239, 47, 12, 255, 56, 68, 143, 251, 53, 15, 118, 222;
 219, 76, 247, 222, 38, 216, 254, 246, 253, 26, 86, 50, 121, 253, 181, 231, 98, 242, 191, 203, 225, 253, 38, 235, 55, 251, 250, 131, 55, 249, 113, 45;
 131, 141, 43, 153, 118, 229, 185, 103, 140, 72, 82, 227, 181, 158, 52, 65, 238, 59, 23, 149, 163, 153, 0, 92, 109, 32, 186, 200, 21, 0, 49, 153;
 3, 200, 106, 157, 22, 130, 169, 55, 60, 71, 94, 167, 189, 142, 150, 64, 102, 175, 55, 141, 198, 156, 165, 199, 228, 46, 186, 128, 45, 148, 185, 92;
 118, 192, 179, 200, 205, 116, 82, 200, 131, 21, 136, 26, 74, 255, 109, 254, 217, 209, 251, 208, 26, 7, 218, 211, 155, 252, 131, 127, 146, 127, 52, 38;
 170, 161, 112, 232, 127, 133, 216, 41, 91, 17, 117, 139, 137, 79, 92, 5, 94, 153, 23, 253, 218, 122, 199, 213, 223, 217, 139, 237, 119, 132, 210, 2;
 58, 33, 96, 229, 119, 18, 217, 113, 33, 164, 181, 139, 123, 15, 24, 51, 62, 189, 213, 189, 200, 226, 229, 140, 255, 217, 142, 177, 103, 134, 86, 232;
 130, 252, 42, 209, 102, 227, 189, 103, 62, 170, 94, 179, 188, 191, 244, 37, 175, 59, 19, 137, 96, 220, 32, 222, 77, 30, 255, 162, 5, 64, 55, 251;
 19, 162, 42, 225, 52, 183, 169, 119, 46, 232, 154, 82, 156, 30, 214, 32, 173, 181, 127, 157, 141, 205, 225, 198, 157, 29, 191, 224, 141, 0, 57, 61;
 18, 175, 106, 145, 22, 179, 169, 67, 30, 166, 74, 151, 173, 174, 182, 128, 63, 43, 147, 133, 50, 152, 53, 223, 12, 6, 155, 164, 181, 204, 5, 252;
 247, 201, 234, 238, 94, 64, 219, 232, 195, 68, 213, 131, 81, 220, 55, 114, 250, 237, 113, 239, 206, 47, 190, 225, 123, 44, 139, 205, 109, 35, 114, 214;
 125, 165, 188, 106, 139, 38, 94, 249, 99, 26, 173, 12, 87, 115, 73, 152, 53, 198, 108, 126, 250, 3, 219, 19, 251, 237, 37, 60, 235, 243, 42, 49;
 125, 183, 89, 104, 155, 22, 70, 253, 103, 134, 173, 76, 83, 115, 72, 148, 61, 210, 236, 184, 218, 35, 249, 30, 251, 237, 37, 124, 251, 242, 226, 50;
 246, 252, 105, 202, 219, 245, 90, 202, 51, 67, 165, 155, 8, 223, 79, 253, 127, 217, 147, 242, 62, 7, 184, 215, 187, 92, 143, 127, 183, 149, 38, 246;
 38, 161, 80, 203, 93, 157, 178, 204, 15, 49, 181, 10, 136, 26, 78, 212, 217, 155, 147, 80, 6, 2, 219, 245, 47, 220, 151, 127, 155, 30, 219, 150;
 35, 145, 253, 237, 60, 71, 217, 89, 15, 89, 121, 229, 253, 127, 60, 1, 222, 25, 23, 165, 131, 48, 81, 221, 197, 249, 170, 148, 92, 130, 65, 241;
 153, 19, 122, 65, 99, 221, 185, 81, 109, 76, 119, 172, 31, 29, 147, 180, 46, 177, 215, 45, 129, 37, 53, 220, 87, 217, 32, 138, 79, 134, 7, 245;
 118, 33, 249, 194, 245, 77, 115, 140, 27, 173, 55, 10, 238, 253, 77, 24, 184, 219, 39, 80, 26, 114, 251, 208, 223, 156, 21, 110, 192, 11, 84, 106;
 160, 185, 56, 219, 205, 205, 180, 239, 30, 63, 224, 25, 166, 189, 64, 0, 201, 26, 131, 16, 118, 106, 90, 183, 239, 150, 84, 123, 80, 8, 151, 170;
 38, 108, 171, 218, 205, 229, 205, 204, 211, 158, 240, 11, 112, 220, 125, 40, 217, 248, 51, 147, 138, 103, 122, 176, 115, 158, 197, 62, 209, 123, 86, 226;
 167, 140, 228, 153, 205, 55, 204, 143, 83, 87, 148, 23, 200, 40, 87, 157, 217, 194, 115, 189, 190, 102, 95, 210, 10, 91, 223, 207, 223, 117, 250, 198;
 254, 219, 104, 234, 189, 209, 94, 181, 31, 124, 148, 57, 47, 29, 255, 240, 207, 211, 157, 87, 238, 47, 104, 243, 187, 221, 174, 255, 22, 151, 212, 111;
 3, 153, 111, 165, 70, 166, 173, 103, 172, 96, 218, 199, 181, 46, 48, 34, 238, 183, 51, 133, 193, 155, 21, 77, 117, 36, 250, 132, 13, 96, 49, 248;
 59, 33, 231, 229, 21, 90, 218, 64, 197, 224, 159, 2, 219, 29, 21, 166, 122, 244, 217, 249, 140, 161, 117, 140, 195, 201, 131, 21, 103, 174, 124, 38;
 9, 145, 147, 225, 246, 141, 168, 251, 78, 25, 122, 112, 156, 243, 224, 32, 151, 57, 55, 29, 211, 56, 194, 83, 236, 156, 47, 236, 220, 168, 161, 161;
 135, 23, 102, 157, 166, 182, 239, 116, 221, 206, 222, 246, 201, 236, 191, 231, 127, 229, 191, 239, 245, 181, 53, 206, 54, 58, 238, 132, 175, 255, 249, 245;
 167, 122, 234, 130, 254, 87, 187, 220, 82, 230, 21, 191, 89, 140, 247, 44, 127, 205, 147, 215, 167, 86, 252, 250, 94, 79, 175, 236, 175, 191, 63, 221;
 43, 205, 67, 72, 241, 150, 110, 247, 117, 72, 108, 196, 40, 194, 183, 244, 92, 170, 18, 206, 207, 154, 116, 255, 54, 60, 134, 136, 27, 150, 232, 220;
 163, 16, 59, 252, 104, 165, 185, 75, 191, 27, 208, 56, 188, 222, 37, 56, 199, 59, 87, 137, 162, 15, 66, 215, 213, 28, 58, 186, 20, 192, 35, 169;
 45, 59, 209, 235, 254, 11, 202, 216, 87, 169, 116, 238, 83, 121, 221, 40, 95, 216, 23, 120, 154, 122, 77, 184, 110, 221, 165, 244, 247, 171, 82, 169;
 58, 205, 98, 204, 71, 208, 222, 231, 21, 70, 92, 163, 40, 141, 54, 196, 126, 187, 151, 133, 206, 26, 6, 211, 119, 125, 136, 139, 119, 214, 252, 222;
 35, 56, 37, 248, 108, 165, 153, 123, 137, 216, 144, 125, 180, 159, 84, 11, 205, 177, 87, 149, 139, 78, 210, 204, 201, 26, 250, 250, 140, 0, 50, 251;
 203, 123, 63, 107, 41, 87, 91, 84, 229, 110, 87, 245, 155, 157, 150, 166, 134, 29, 253, 70, 205, 181, 241, 178, 87, 249, 32, 163, 110, 151, 14, 119;
 114, 72, 94, 252, 79, 131, 90, 98, 53, 0, 98, 11, 43, 27, 36, 81, 234, 177, 35, 225, 12, 59, 17, 253, 211, 250, 192, 3, 119, 161, 104, 6;
 250, 48, 185, 112, 41, 245, 209, 83, 55, 125, 182, 61, 26, 29, 79, 61, 220, 147, 253, 149, 139, 103, 243, 225, 83, 223, 80, 211, 195, 5, 86, 119;
 186, 252, 71, 186, 94, 195, 206, 238, 23, 66, 208, 250, 41, 220, 177, 161, 123, 251, 151, 227, 111, 175, 30, 255, 176, 70, 143, 170, 63, 29, 120, 156;
 216, 248, 16, 168, 79, 140, 55, 196, 171, 5, 168, 155, 143, 143, 96, 80, 238, 217, 207, 66, 90, 47, 210, 243, 245, 225, 10, 127, 48, 27, 135, 154;
 16, 93, 47, 173, 54, 230, 187, 119, 164, 76, 90, 35, 181, 62, 48, 96, 230, 59, 31, 129, 128, 153, 33, 189, 225, 165, 170, 128, 53, 18, 53, 219;
 124, 53, 117, 68, 207, 127, 215, 121, 65, 230, 173, 10, 91, 61, 85, 183, 72, 212, 208, 106, 73, 99, 249, 136, 115, 217, 69, 63, 99, 239, 86, 230;
 2, 157, 63, 219, 147, 224, 187, 230, 188, 21, 94, 179, 236, 254, 46, 64, 247, 123, 187, 129, 50, 152, 58, 247, 237, 247, 26, 195, 148, 71, 165, 251;
 32, 153, 19, 250, 109, 205, 22, 231, 206, 17, 104, 0, 182, 209, 96, 64, 192, 58, 10, 64, 66, 43, 82, 181, 161, 148, 20, 123, 16, 24, 208, 138;
 32, 156, 57, 255, 125, 205, 145, 111, 30, 31, 81, 24, 182, 253, 32, 96, 201, 58, 3, 1, 122, 62, 122, 183, 205, 151, 26, 122, 16, 8, 20, 170;
 86, 90, 78, 180, 38, 195, 188, 230, 133, 194, 210, 231, 70, 140, 183, 73, 110, 245, 191, 231, 205, 255, 5, 236, 176, 34, 238, 131, 45, 61, 185, 95;
 47, 252, 226, 3, 213, 187, 238, 200, 91, 235, 125, 239, 104, 236, 223, 164, 125, 234, 147, 191, 135, 242, 108, 234, 62, 94, 133, 163, 207, 255, 90, 212;
 50, 205, 107, 190, 93, 197, 207, 96, 149, 64, 220, 10, 48, 249, 48, 32, 104, 232, 19, 203, 88, 43, 18, 189, 115, 97, 138, 57, 55, 47, 244, 226;
 62, 33, 103, 229, 21, 202, 75, 96, 225, 132, 255, 2, 11, 73, 16, 18, 120, 180, 85, 235, 88, 179, 100, 140, 243, 233, 128, 81, 103, 175, 118, 162;
 194, 48, 145, 209, 106, 141, 184, 7, 170, 25, 18, 120, 188, 159, 68, 138, 166, 51, 115, 145, 19, 92, 146, 192, 29, 24, 122, 234, 128, 0, 131, 171;
 151, 88, 99, 198, 66, 15, 239, 240, 157, 66, 83, 238, 125, 223, 181, 165, 54, 113, 23, 239, 225, 149, 28, 233, 49, 10, 233, 128, 47, 191, 1, 177;
 237, 157, 184, 248, 237, 253, 87, 190, 195, 30, 172, 24, 58, 243, 107, 126, 201, 218, 118, 122, 106, 38, 250, 179, 111, 221, 197, 127, 210, 249, 84, 106;
 222, 78, 246, 222, 71, 178, 190, 114, 157, 142, 87, 50, 109, 250, 181, 239, 254, 255, 191, 139, 160, 253, 46, 235, 19, 255, 218, 139, 55, 245, 37, 165;
 26, 31, 99, 165, 246, 163, 191, 119, 60, 141, 90, 231, 45, 175, 176, 128, 54, 187, 23, 133, 209, 152, 4, 255, 36, 4, 190, 128, 173, 214, 181, 249;
 20, 160, 154, 225, 23, 77, 177, 72, 42, 181, 180, 11, 142, 211, 109, 16, 178, 153, 79, 48, 18, 249, 144, 212, 221, 144, 3, 119, 192, 8, 5, 162;
 114, 33, 97, 237, 46, 2, 90, 40, 137, 160, 155, 139, 71, 11, 93, 50, 222, 149, 125, 237, 72, 1, 199, 192, 210, 248, 137, 28, 36, 163, 82, 0;
 55, 105, 252, 88, 205, 87, 253, 205, 123, 240, 228, 2, 24, 31, 119, 61, 237, 217, 147, 218, 78, 126, 58, 240, 95, 90, 215, 111, 211, 145, 102, 238;
 47, 114, 226, 15, 245, 155, 190, 200, 95, 230, 213, 175, 200, 236, 255, 140, 127, 232, 215, 247, 214, 246, 238, 202, 62, 29, 143, 175, 207, 191, 94, 212;
 10, 176, 178, 178, 227, 249, 184, 67, 191, 85, 93, 185, 172, 255, 110, 140, 167, 27, 243, 145, 22, 24, 58, 241, 95, 87, 26, 235, 198, 70, 175, 215;
 143, 84, 231, 221, 13, 118, 237, 17, 213, 198, 223, 18, 217, 245, 177, 239, 120, 52, 187, 170, 161, 181, 55, 202, 7, 126, 194, 128, 183, 253, 116, 244;
 14, 143, 34, 155, 213, 183, 186, 238, 31, 69, 89, 147, 236, 206, 62, 192, 253, 43, 147, 247, 182, 152, 12, 255, 47, 119, 138, 207, 151, 15, 189, 214;
 174, 123, 106, 186, 234, 241, 126, 220, 169, 92, 124, 173, 45, 207, 111, 25, 238, 187, 151, 246, 198, 3, 10, 241, 118, 81, 239, 175, 183, 246, 46, 211;
 3, 48, 170, 177, 52, 165, 249, 23, 61, 233, 151, 60, 188, 30, 214, 40, 204, 169, 95, 157, 139, 254, 241, 192, 197, 93, 186, 224, 140, 4, 123, 57;
 14, 142, 110, 155, 255, 179, 186, 238, 31, 85, 92, 167, 204, 238, 63, 64, 255, 91, 147, 181, 150, 155, 15, 255, 110, 87, 143, 207, 151, 95, 173, 223;
 154, 218, 86, 157, 34, 146, 188, 228, 156, 26, 210, 231, 109, 200, 167, 195, 38, 117, 174, 227, 228, 181, 5, 237, 176, 227, 106, 131, 125, 189, 41, 13;
 9, 156, 17, 233, 176, 175, 32, 55, 30, 169, 74, 116, 159, 51, 160, 224, 135, 59, 28, 24, 51, 152, 17, 30, 173, 199, 62, 208, 154, 72, 129, 57;
 39, 45, 224, 203, 212, 243, 250, 200, 95, 225, 125, 138, 72, 200, 127, 36, 91, 90, 19, 219, 151, 178, 124, 254, 63, 28, 143, 111, 215, 223, 248, 132;
 250, 3, 110, 228, 45, 208, 120, 17, 173, 140, 151, 199, 141, 143, 54, 194, 202, 165, 253, 229, 140, 133, 130, 196, 147, 249, 138, 147, 38, 140, 124, 87;
 88, 15, 23, 228, 25, 230, 79, 54, 164, 140, 206, 0, 191, 39, 33, 195, 64, 246, 237, 104, 104, 137, 113, 45, 225, 225, 106, 17, 34, 33, 5, 122;
 9, 93, 17, 253, 181, 143, 68, 63, 86, 8, 72, 64, 183, 145, 32, 225, 216, 58, 18, 8, 123, 184, 81, 29, 229, 239, 54, 32, 24, 8, 209, 168;
 74, 156, 58, 186, 247, 228, 58, 215, 190, 89, 90, 51, 252, 255, 40, 96, 247, 123, 191, 17, 55, 157, 26, 247, 239, 247, 58, 203, 140, 3, 165, 155;
 54, 169, 120, 233, 29, 159, 218, 200, 79, 52, 189, 11, 135, 26, 102, 4, 248, 153, 151, 81, 78, 50, 88, 149, 159, 221, 139, 119, 113, 10, 89, 134;
 26, 15, 102, 245, 22, 162, 232, 118, 181, 192, 94, 231, 57, 43, 50, 64, 110, 231, 63, 141, 168, 152, 4, 236, 254, 111, 190, 128, 47, 204, 120, 10;
 134, 217, 186, 250, 243, 197, 63, 218, 191, 73, 84, 51, 60, 223, 102, 88, 247, 59, 151, 211, 115, 9, 58, 243, 95, 30, 191, 234, 156, 21, 165, 251;
 246, 232, 107, 236, 92, 194, 207, 232, 130, 132, 208, 3, 81, 221, 49, 0, 120, 237, 17, 235, 74, 39, 172, 61, 241, 168, 171, 44, 37, 59, 118, 226;
 34, 58, 152, 153, 123, 132, 184, 71, 155, 45, 80, 191, 172, 159, 70, 8, 206, 59, 147, 145, 38, 222, 208, 204, 92, 20, 154, 235, 140, 4, 39, 155;
 184, 120, 126, 255, 69, 207, 119, 112, 85, 30, 117, 2, 123, 93, 33, 45, 88, 56, 151, 106, 104, 180, 122, 191, 67, 203, 97, 33, 115, 186, 84, 250;
 46, 155, 224, 26, 219, 177, 154, 202, 15, 93, 253, 167, 8, 142, 110, 140, 205, 139, 162, 148, 150, 42, 110, 241, 30, 84, 26, 239, 211, 7, 175, 214;
 71, 150, 157, 28, 162, 48, 184, 31, 126, 217, 91, 244, 204, 98, 204, 235, 183, 23, 44, 149, 149, 72, 167, 64, 140, 54, 127, 206, 140, 96, 169, 21;
 189, 34, 225, 193, 126, 11, 235, 88, 71, 160, 245, 238, 115, 73, 253, 32, 122, 136, 23, 249, 138, 182, 77, 159, 94, 205, 161, 180, 127, 138, 80, 160;
 198, 222, 122, 170, 254, 137, 190, 228, 139, 54, 152, 175, 172, 222, 119, 66, 231, 241, 223, 83, 230, 39, 138, 251, 246, 85, 15, 191, 20, 62, 29, 27;
 165, 217, 114, 72, 205, 133, 246, 249, 197, 136, 252, 78, 82, 217, 125, 144, 216, 160, 3, 110, 216, 35, 26, 220, 59, 153, 133, 110, 91, 43, 122, 130;
 185, 105, 35, 172, 85, 198, 207, 244, 81, 72, 84, 2, 51, 213, 177, 100, 120, 168, 23, 239, 201, 186, 52, 173, 113, 40, 170, 136, 119, 154, 114, 232;
 27, 31, 111, 188, 182, 176, 190, 119, 173, 64, 90, 231, 61, 174, 179, 224, 38, 107, 31, 205, 149, 153, 38, 237, 50, 111, 186, 130, 175, 149, 185, 93;
 219, 113, 104, 236, 55, 94, 91, 24, 101, 204, 214, 166, 91, 29, 151, 32, 126, 148, 221, 233, 141, 37, 117, 142, 211, 233, 160, 145, 103, 166, 116, 117;
 187, 123, 107, 200, 246, 214, 239, 212, 101, 204, 220, 231, 57, 140, 183, 244, 110, 233, 23, 223, 203, 154, 36, 252, 114, 41, 174, 136, 55, 151, 246, 253;
 26, 139, 66, 184, 151, 153, 182, 231, 237, 4, 94, 167, 45, 168, 54, 128, 42, 171, 135, 209, 86, 185, 4, 253, 122, 69, 46, 195, 127, 12, 185, 15;
 17, 11, 67, 173, 54, 131, 107, 80, 23, 64, 94, 230, 161, 199, 177, 100, 126, 106, 22, 206, 195, 152, 101, 191, 164, 236, 162, 128, 63, 143, 48, 252;
 18, 8, 18, 172, 71, 138, 96, 98, 173, 0, 234, 10, 38, 162, 32, 80, 232, 173, 34, 129, 12, 187, 0, 93, 144, 164, 202, 9, 49, 34, 43, 140;
 67, 2, 154, 220, 108, 52, 184, 67, 139, 25, 80, 114, 172, 186, 244, 10, 166, 49, 55, 5, 132, 31, 130, 209, 22, 62, 250, 234, 152, 0, 43, 143;
 63, 114, 226, 142, 215, 155, 254, 200, 95, 230, 212, 175, 104, 204, 255, 0, 254, 233, 151, 247, 196, 183, 172, 250, 62, 95, 143, 175, 79, 63, 127, 215;
 147, 221, 111, 158, 19, 148, 143, 246, 133, 192, 206, 135, 57, 142, 55, 100, 108, 243, 147, 197, 205, 143, 54, 239, 59, 44, 142, 136, 61, 148, 53, 124;
 71, 23, 214, 5, 162, 58, 188, 23, 125, 251, 159, 247, 204, 32, 222, 239, 119, 71, 236, 53, 149, 208, 229, 192, 12, 54, 126, 214, 140, 244, 137, 85;
 47, 125, 226, 139, 215, 179, 190, 200, 31, 224, 93, 143, 104, 236, 127, 160, 255, 107, 147, 247, 134, 242, 60, 255, 62, 95, 143, 163, 223, 127, 120, 214;
 46, 113, 248, 8, 203, 85, 159, 201, 11, 244, 181, 175, 28, 222, 111, 56, 223, 153, 211, 215, 214, 35, 254, 208, 95, 81, 13, 255, 215, 127, 167, 243;
 14, 176, 186, 250, 219, 245, 186, 217, 47, 93, 85, 27, 156, 223, 106, 8, 191, 27, 211, 145, 146, 20, 154, 243, 223, 221, 26, 239, 151, 7, 175, 211;
 36, 188, 24, 251, 221, 237, 242, 227, 95, 49, 41, 24, 182, 89, 104, 16, 137, 26, 2, 24, 18, 58, 90, 183, 125, 223, 21, 127, 216, 10, 211, 162;
 30, 156, 59, 186, 247, 224, 59, 254, 191, 69, 92, 162, 253, 255, 34, 96, 247, 123, 183, 209, 19, 153, 58, 247, 253, 231, 62, 207, 180, 19, 165, 251;
 142, 217, 251, 218, 242, 197, 191, 218, 191, 73, 116, 38, 60, 223, 37, 80, 247, 123, 23, 211, 115, 29, 58, 247, 125, 31, 63, 234, 156, 17, 165, 251;
 56, 89, 83, 126, 29, 205, 82, 100, 131, 0, 232, 8, 62, 221, 32, 180, 216, 184, 132, 64, 73, 171, 218, 159, 243, 245, 1, 59, 115, 58, 78, 154;
 249, 112, 61, 224, 45, 15, 83, 16, 205, 234, 179, 31, 95, 89, 77, 82, 172, 144, 127, 99, 201, 165, 113, 222, 211, 217, 1, 86, 107, 139, 80, 115;
 18, 147, 59, 154, 183, 193, 179, 97, 142, 13, 95, 115, 108, 222, 174, 64, 191, 27, 183, 145, 82, 143, 10, 215, 81, 20, 58, 203, 21, 6, 165, 227;
 14, 141, 34, 187, 213, 183, 186, 238, 31, 69, 88, 3, 236, 238, 63, 192, 249, 107, 147, 247, 54, 154, 26, 255, 47, 87, 143, 103, 151, 95, 189, 198;
 23, 31, 227, 5, 54, 46, 239, 19, 108, 234, 91, 231, 209, 108, 183, 100, 54, 108, 54, 175, 129, 176, 45, 202, 36, 44, 43, 132, 237, 231, 113, 245;
 142, 108, 24, 187, 111, 233, 62, 192, 168, 18, 88, 131, 173, 195, 107, 75, 227, 121, 135, 83, 66, 5, 138, 241, 244, 209, 15, 47, 52, 123, 15, 131;
 13, 223, 253, 213, 226, 122, 125, 183, 61, 223, 94, 180, 221, 55, 147, 253, 55, 86, 151, 12, 245, 216, 53, 224, 102, 127, 116, 132, 174, 244, 172, 249;
 125, 53, 125, 68, 157, 127, 215, 107, 193, 230, 172, 10, 90, 61, 7, 167, 88, 244, 216, 32, 61, 99, 240, 142, 123, 217, 65, 55, 99, 108, 94, 102;
 96, 67, 197, 165, 76, 74, 233, 8, 138, 180, 162, 138, 135, 3, 1, 90, 104, 132, 106, 96, 72, 97, 199, 64, 148, 160, 235, 52, 36, 40, 85, 168;
 36, 240, 61, 251, 109, 205, 209, 204, 206, 57, 113, 24, 182, 221, 104, 40, 201, 26, 115, 83, 3, 118, 122, 177, 77, 150, 80, 122, 208, 11, 212, 162;
 147, 91, 71, 204, 79, 150, 174, 244, 133, 0, 210, 198, 121, 221, 181, 229, 46, 241, 51, 239, 193, 175, 22, 253, 51, 40, 206, 136, 127, 182, 49, 172;
 11, 80, 125, 243, 102, 175, 185, 86, 142, 121, 50, 210, 189, 31, 52, 41, 166, 27, 95, 89, 131, 253, 49, 245, 71, 25, 58, 226, 93, 136, 129, 185;
 50, 32, 65, 200, 93, 211, 72, 72, 3, 128, 240, 74, 2, 134, 212, 244, 88, 184, 22, 248, 11, 2, 103, 200, 23, 24, 131, 60, 55, 168, 118, 164;
 187, 219, 107, 205, 118, 214, 255, 245, 69, 76, 212, 231, 57, 141, 183, 229, 110, 232, 151, 207, 235, 187, 36, 253, 114, 105, 174, 136, 63, 158, 124, 253;
 82, 26, 230, 191, 3, 34, 184, 64, 172, 214, 211, 199, 205, 46, 55, 207, 230, 117, 189, 167, 132, 193, 15, 192, 144, 98, 218, 135, 173, 119, 45, 95;
 92, 74, 158, 180, 32, 74, 117, 18, 160, 190, 102, 53, 95, 35, 35, 91, 35, 228, 172, 34, 72, 213, 131, 0, 208, 227, 113, 5, 40, 113, 44, 18;
 19, 77, 103, 148, 22, 130, 239, 102, 229, 128, 218, 130, 49, 162, 177, 101, 104, 226, 62, 205, 73, 185, 36, 236, 176, 170, 206, 0, 45, 184, 112, 44;
 56, 227, 232, 73, 213, 89, 213, 237, 87, 53, 252, 10, 35, 56, 30, 48, 89, 154, 130, 64, 222, 56, 125, 183, 111, 221, 148, 55, 119, 152, 214, 174;
 187, 81, 35, 78, 21, 214, 239, 112, 117, 64, 198, 2, 121, 157, 183, 229, 120, 172, 18, 234, 233, 179, 52, 140, 51, 233, 130, 0, 111, 150, 116, 252;
 60, 110, 107, 172, 36, 98, 203, 80, 4, 166, 221, 2, 83, 137, 49, 0, 120, 189, 21, 235, 8, 183, 12, 14, 209, 237, 171, 133, 37, 227, 118, 160;
 187, 52, 105, 229, 102, 102, 239, 91, 113, 234, 121, 90, 25, 29, 149, 48, 126, 157, 23, 175, 169, 182, 245, 206, 119, 205, 171, 164, 101, 241, 86, 225;
 39, 109, 178, 219, 215, 247, 178, 204, 95, 225, 121, 2, 104, 248, 127, 164, 217, 107, 147, 243, 38, 178, 56, 254, 47, 28, 143, 111, 215, 95, 249, 142;
 2, 188, 19, 185, 114, 225, 184, 99, 60, 75, 90, 247, 172, 158, 32, 128, 231, 59, 147, 17, 55, 152, 0, 247, 12, 22, 154, 203, 4, 12, 181, 223;
 9, 50, 24, 161, 52, 173, 184, 23, 92, 169, 90, 113, 190, 27, 64, 224, 198, 47, 54, 17, 151, 184, 65, 198, 206, 221, 58, 195, 132, 136, 9, 9;
 19, 221, 47, 220, 22, 134, 191, 246, 237, 72, 222, 198, 61, 142, 55, 96, 110, 241, 55, 197, 193, 139, 54, 236, 49, 40, 142, 200, 61, 148, 33, 125;
 26, 135, 106, 170, 215, 145, 177, 239, 6, 5, 220, 163, 45, 201, 42, 64, 122, 139, 135, 145, 18, 171, 6, 253, 122, 69, 190, 203, 117, 14, 189, 203;
 67, 2, 6, 141, 79, 28, 184, 105, 141, 20, 210, 207, 172, 8, 54, 194, 238, 129, 251, 5, 132, 169, 23, 197, 148, 48, 202, 26, 28, 12, 25, 22;
 29, 85, 111, 101, 166, 79, 239, 121, 100, 232, 126, 70, 95, 61, 147, 33, 62, 132, 23, 239, 249, 176, 53, 12, 245, 201, 99, 132, 239, 255, 211, 225;
 71, 146, 214, 213, 162, 34, 188, 31, 126, 147, 27, 246, 204, 98, 220, 78, 55, 87, 60, 149, 145, 192, 135, 192, 140, 62, 95, 198, 140, 224, 169, 21;
 129, 75, 75, 141, 118, 147, 107, 244, 84, 64, 84, 198, 177, 193, 177, 101, 126, 40, 22, 204, 235, 184, 36, 191, 38, 232, 170, 128, 61, 136, 112, 252;
 158, 202, 147, 187, 3, 201, 170, 192, 190, 20, 66, 131, 173, 194, 105, 201, 34, 105, 171, 83, 70, 85, 142, 241, 148, 65, 11, 237, 54, 31, 13, 195;
 16, 32, 28, 225, 22, 203, 177, 74, 46, 180, 180, 42, 159, 19, 64, 25, 170, 145, 78, 48, 2, 105, 1, 212, 217, 129, 59, 119, 97, 8, 7, 163;
 24, 205, 167, 237, 21, 194, 111, 55, 164, 1, 202, 2, 183, 23, 48, 100, 96, 50, 29, 136, 73, 137, 33, 175, 225, 229, 170, 0, 36, 2, 181, 106;
 35, 233, 3, 88, 93, 149, 206, 231, 205, 64, 232, 68, 176, 208, 180, 164, 200, 42, 18, 220, 91, 10, 118, 253, 45, 28, 142, 74, 27, 4, 250, 172;
 210, 89, 55, 244, 34, 78, 125, 52, 177, 230, 6, 185, 95, 23, 1, 87, 38, 245, 125, 110, 105, 221, 177, 110, 209, 234, 122, 130, 36, 176, 5, 123;
 249, 84, 123, 224, 101, 79, 86, 88, 125, 170, 182, 26, 31, 25, 49, 121, 252, 148, 95, 106, 233, 39, 17, 222, 243, 223, 145, 22, 99, 185, 80, 35;
 7, 90, 134, 151, 37, 54, 174, 146, 222, 218, 90, 198, 200, 232, 247, 239, 237, 109, 50, 207, 133, 212, 31, 224, 4, 122, 239, 134, 156, 119, 57, 149;
 30, 221, 59, 186, 215, 193, 59, 222, 159, 69, 92, 131, 125, 223, 35, 96, 119, 251, 147, 211, 2, 27, 58, 255, 251, 231, 143, 233, 183, 147, 37, 251;
 63, 113, 234, 142, 87, 159, 254, 205, 95, 196, 221, 135, 104, 204, 63, 32, 254, 233, 147, 231, 196, 183, 188, 254, 54, 93, 143, 171, 79, 62, 251, 214;
 216, 29, 222, 244, 139, 68, 84, 55, 161, 156, 174, 41, 126, 183, 33, 83, 166, 247, 249, 48, 112, 203, 147, 140, 251, 227, 68, 27, 162, 112, 164, 27;
 153, 81, 125, 101, 246, 94, 239, 180, 100, 232, 118, 6, 89, 29, 146, 99, 38, 212, 95, 235, 193, 248, 53, 172, 111, 233, 102, 132, 111, 179, 229, 121;
 11, 217, 115, 218, 242, 197, 191, 254, 159, 72, 116, 230, 60, 223, 165, 100, 247, 123, 23, 219, 195, 152, 58, 253, 125, 30, 63, 202, 31, 147, 161, 185;
 239, 189, 249, 64, 232, 101, 223, 216, 27, 254, 52, 186, 24, 255, 253, 62, 191, 219, 87, 251, 163, 103, 186, 194, 127, 93, 173, 174, 215, 245, 102, 241;
 129, 195, 63, 243, 228, 173, 236, 151, 238, 57, 26, 86, 157, 139, 120, 105, 166, 19, 127, 157, 195, 189, 19, 241, 197, 217, 58, 192, 28, 216, 129, 41;
 47, 237, 234, 143, 213, 151, 190, 200, 95, 196, 221, 135, 104, 236, 127, 160, 249, 233, 147, 247, 198, 179, 62, 255, 127, 93, 143, 171, 207, 63, 123, 214;
 53, 5, 121, 73, 214, 99, 239, 218, 85, 102, 125, 2, 81, 117, 189, 60, 123, 156, 18, 186, 185, 176, 61, 94, 103, 15, 129, 68, 247, 243, 116, 224;
 14, 205, 42, 187, 157, 247, 190, 238, 159, 5, 72, 3, 236, 254, 59, 192, 217, 107, 147, 211, 22, 152, 26, 255, 175, 87, 143, 67, 146, 95, 189, 206;
 26, 151, 76, 170, 90, 193, 187, 125, 6, 77, 221, 231, 105, 79, 170, 64, 126, 147, 143, 161, 206, 11, 15, 213, 112, 97, 170, 203, 61, 142, 165, 217;
 54, 151, 40, 171, 216, 39, 155, 216, 6, 125, 217, 231, 65, 78, 126, 0, 93, 139, 151, 181, 158, 19, 77, 215, 88, 5, 171, 253, 157, 143, 188, 209;
 204, 80, 156, 250, 237, 76, 252, 136, 139, 30, 177, 11, 223, 223, 107, 75, 203, 213, 255, 83, 70, 39, 218, 240, 215, 249, 111, 63, 16, 59, 69, 131;
 189, 20, 113, 229, 246, 111, 239, 87, 113, 99, 250, 210, 25, 63, 145, 41, 63, 223, 23, 175, 185, 188, 117, 234, 103, 207, 190, 132, 231, 249, 210, 177;
 71, 250, 197, 23, 110, 152, 175, 148, 239, 241, 23, 228, 236, 100, 223, 238, 7, 102, 250, 94, 195, 88, 239, 225, 14, 30, 85, 134, 142, 150, 89, 125;
 138, 181, 189, 216, 233, 85, 189, 239, 139, 91, 188, 21, 188, 191, 118, 35, 141, 19, 223, 133, 243, 111, 50, 211, 107, 89, 94, 191, 83, 84, 167, 255;
 67, 251, 253, 87, 226, 220, 189, 183, 106, 253, 94, 228, 188, 46, 214, 103, 39, 127, 182, 92, 199, 216, 191, 97, 110, 59, 119, 192, 206, 212, 133, 253;
 164, 237, 17, 227, 237, 173, 198, 140, 79, 59, 184, 88, 150, 25, 72, 41, 137, 146, 110, 90, 82, 102, 219, 177, 173, 152, 37, 124, 208, 91, 211, 161;
 254, 163, 88, 168, 219, 34, 90, 105, 1, 36, 181, 187, 79, 15, 106, 16, 250, 133, 197, 230, 30, 3, 136, 149, 210, 241, 129, 255, 55, 175, 110, 66;
 88, 21, 30, 252, 171, 102, 20, 55, 173, 2, 170, 41, 126, 247, 33, 83, 166, 247, 253, 32, 0, 1, 18, 237, 243, 243, 64, 27, 170, 114, 173, 27;
 165, 41, 253, 85, 236, 121, 212, 73, 75, 178, 181, 10, 147, 56, 213, 43, 72, 200, 82, 123, 220, 102, 246, 128, 87, 153, 197, 61, 197, 249, 222, 166;
 15, 176, 59, 251, 55, 173, 187, 208, 174, 73, 95, 82, 188, 215, 104, 104, 182, 59, 31, 29, 147, 152, 58, 241, 205, 157, 58, 194, 154, 3, 129, 227;
 203, 73, 72, 169, 111, 184, 184, 71, 40, 17, 219, 151, 140, 138, 114, 202, 226, 15, 187, 71, 84, 45, 147, 224, 148, 113, 154, 139, 28, 29, 185, 150;
 167, 110, 234, 0, 77, 31, 198, 90, 83, 238, 180, 95, 2, 200, 215, 138, 217, 204, 195, 127, 237, 119, 212, 130, 58, 29, 133, 62, 207, 253, 90, 214;
 27, 149, 239, 69, 230, 126, 125, 183, 125, 255, 126, 182, 25, 63, 150, 121, 55, 223, 23, 140, 241, 216, 53, 192, 111, 239, 244, 132, 167, 244, 244, 121;
 177, 100, 107, 193, 214, 171, 235, 87, 85, 226, 126, 146, 19, 137, 180, 32, 126, 172, 18, 188, 185, 180, 37, 222, 116, 140, 146, 64, 117, 201, 208, 160;
 185, 4, 67, 201, 86, 163, 235, 107, 84, 98, 203, 146, 81, 12, 181, 105, 126, 172, 18, 173, 169, 183, 53, 223, 52, 46, 131, 4, 53, 232, 112, 160;
 150, 183, 250, 242, 171, 164, 158, 232, 171, 30, 189, 189, 238, 255, 127, 18, 167, 211, 215, 119, 230, 3, 138, 227, 123, 217, 111, 191, 209, 119, 175, 211;
 87, 51, 144, 130, 179, 56, 56, 3, 105, 185, 139, 252, 206, 162, 197, 222, 183, 135, 236, 144, 151, 89, 141, 192, 156, 244, 31, 223, 136, 102, 169, 5;
 252, 249, 121, 96, 11, 77, 87, 220, 227, 168, 180, 8, 31, 223, 72, 50, 172, 217, 92, 106, 203, 35, 184, 81, 251, 217, 37, 126, 99, 178, 230, 51;
 209, 77, 71, 222, 20, 128, 108, 37, 100, 0, 218, 66, 115, 224, 176, 96, 104, 162, 62, 201, 109, 171, 7, 239, 176, 172, 190, 0, 45, 26, 240, 44;
 221, 194, 239, 255, 166, 18, 109, 188, 52, 246, 214, 215, 221, 107, 185, 75, 119, 197, 63, 238, 248, 213, 45, 204, 214, 235, 255, 132, 37, 240, 165, 113;
 224, 188, 188, 250, 233, 237, 176, 207, 251, 31, 176, 25, 190, 255, 108, 27, 141, 19, 111, 16, 50, 111, 218, 115, 31, 223, 118, 123, 208, 64, 199, 171;
 187, 219, 103, 238, 55, 214, 239, 244, 5, 72, 212, 231, 57, 14, 182, 229, 110, 241, 151, 239, 237, 171, 52, 253, 50, 121, 170, 128, 63, 158, 124, 253;
 14, 205, 51, 250, 213, 197, 127, 228, 23, 5, 76, 2, 125, 223, 33, 96, 253, 251, 147, 211, 74, 154, 58, 255, 251, 215, 159, 75, 146, 19, 165, 234;
 163, 122, 232, 148, 108, 29, 205, 210, 27, 238, 80, 223, 129, 140, 215, 11, 204, 104, 151, 87, 236, 118, 246, 136, 22, 90, 253, 184, 77, 252, 90, 221;
 229, 241, 113, 96, 108, 13, 87, 252, 233, 232, 176, 76, 30, 159, 69, 49, 188, 217, 86, 106, 195, 39, 184, 124, 119, 152, 37, 60, 73, 187, 66, 185;
 175, 189, 243, 216, 246, 164, 254, 251, 155, 202, 60, 246, 60, 255, 245, 164, 191, 123, 23, 189, 179, 42, 26, 235, 127, 30, 47, 174, 223, 253, 99, 177;
 6, 126, 97, 184, 122, 163, 155, 218, 23, 231, 208, 247, 141, 206, 247, 72, 95, 185, 151, 183, 171, 6, 110, 246, 136, 22, 171, 252, 189, 253, 37, 241;
 187, 217, 99, 206, 127, 215, 223, 252, 205, 76, 244, 167, 106, 157, 190, 229, 254, 185, 151, 239, 239, 171, 58, 255, 115, 89, 134, 155, 127, 158, 252, 255;
 229, 105, 236, 197, 236, 89, 197, 39, 73, 242, 180, 10, 147, 56, 215, 43, 136, 206, 119, 91, 220, 122, 246, 128, 111, 25, 197, 124, 69, 248, 210, 134;
 105, 133, 1, 191, 148, 128, 70, 45, 84, 1, 217, 82, 243, 96, 56, 193, 72, 130, 14, 131, 127, 170, 79, 173, 224, 226, 186, 72, 29, 10, 240, 8;
 187, 91, 102, 254, 103, 214, 223, 244, 149, 76, 214, 230, 121, 158, 183, 229, 126, 241, 151, 239, 237, 159, 52, 253, 242, 121, 234, 136, 63, 156, 120, 253;
 0, 157, 31, 250, 188, 205, 87, 183, 158, 13, 214, 0, 182, 243, 32, 65, 193, 122, 110, 88, 115, 233, 83, 63, 233, 183, 54, 88, 16, 88, 133, 43;
 22, 151, 83, 234, 50, 226, 59, 250, 188, 65, 91, 246, 93, 246, 168, 96, 183, 27, 151, 163, 179, 129, 42, 223, 176, 230, 42, 206, 188, 195, 165, 49;
 155, 91, 111, 254, 102, 214, 125, 244, 181, 206, 214, 231, 121, 223, 183, 225, 110, 225, 151, 239, 237, 207, 36, 237, 114, 235, 234, 137, 63, 180, 121, 221;
 149, 85, 111, 189, 158, 15, 101, 253, 85, 186, 211, 87, 83, 123, 57, 105, 121, 197, 63, 239, 248, 245, 25, 142, 241, 234, 239, 132, 61, 248, 240, 34;
 77, 122, 253, 117, 106, 44, 121, 26, 171, 251, 54, 236, 221, 215, 193, 58, 39, 245, 125, 28, 131, 84, 235, 64, 206, 255, 119, 172, 166, 241, 3, 49;
 114, 77, 18, 172, 25, 167, 86, 99, 141, 8, 232, 11, 47, 155, 32, 80, 248, 189, 159, 227, 72, 139, 144, 157, 243, 241, 138, 59, 49, 40, 166, 2;
 74, 122, 189, 246, 106, 140, 61, 20, 171, 255, 183, 252, 157, 151, 195, 122, 135, 117, 253, 146, 195, 71, 235, 224, 215, 249, 119, 186, 130, 177, 135, 121;
 210, 202, 218, 180, 202, 64, 28, 231, 185, 150, 144, 187, 45, 166, 227, 219, 103, 245, 173, 131, 104, 79, 134, 226, 176, 34, 254, 171, 37, 116, 167, 123;
 11, 249, 253, 87, 98, 220, 185, 182, 106, 253, 118, 229, 189, 95, 214, 98, 38, 127, 53, 204, 195, 88, 247, 249, 79, 127, 127, 128, 6, 132, 69, 249;
 93, 5, 119, 252, 133, 118, 124, 47, 117, 67, 103, 18, 75, 59, 61, 249, 113, 134, 177, 172, 61, 178, 53, 142, 179, 239, 214, 5, 175, 244, 248, 6;
 70, 110, 130, 148, 106, 32, 59, 194, 186, 142, 152, 239, 173, 166, 227, 90, 39, 237, 173, 151, 132, 71, 134, 234, 144, 52, 191, 169, 132, 245, 39, 89;
 47, 225, 106, 190, 93, 213, 255, 233, 87, 196, 221, 143, 104, 220, 63, 0, 248, 233, 147, 231, 206, 179, 254, 253, 115, 125, 143, 43, 85, 63, 254, 214;
 197, 85, 85, 202, 236, 140, 110, 156, 201, 88, 57, 64, 244, 211, 253, 107, 215, 83, 126, 122, 195, 0, 218, 96, 36, 184, 111, 188, 28, 243, 193, 161;
 29, 221, 245, 247, 180, 110, 239, 182, 57, 227, 122, 194, 251, 63, 149, 32, 63, 211, 21, 222, 233, 248, 125, 238, 239, 223, 254, 192, 231, 241, 65, 184;
 0, 184, 184, 248, 248, 237, 145, 207, 186, 61, 184, 57, 188, 191, 64, 24, 141, 27, 111, 17, 18, 107, 218, 113, 205, 215, 127, 127, 208, 64, 135, 155;
 71, 249, 233, 3, 2, 216, 175, 132, 238, 241, 7, 230, 184, 140, 214, 226, 39, 79, 122, 223, 199, 89, 191, 225, 46, 12, 159, 244, 13, 150, 89, 124;
 67, 179, 147, 128, 242, 132, 43, 189, 170, 225, 10, 236, 156, 134, 204, 118, 55, 95, 122, 220, 147, 88, 165, 68, 60, 20, 31, 238, 136, 130, 163, 125;
 29, 5, 255, 65, 214, 114, 239, 45, 84, 225, 111, 2, 81, 60, 189, 100, 123, 148, 18, 184, 177, 176, 61, 78, 111, 15, 133, 68, 245, 234, 244, 228;
 3, 75, 181, 219, 100, 168, 168, 132, 110, 25, 82, 240, 172, 130, 156, 236, 206, 43, 42, 201, 147, 156, 103, 241, 4, 56, 250, 194, 20, 145, 129, 173;
 151, 66, 239, 140, 6, 34, 233, 80, 32, 194, 214, 199, 89, 140, 183, 106, 126, 165, 51, 173, 141, 151, 181, 200, 16, 41, 202, 128, 173, 181, 113, 244;
 199, 237, 16, 187, 239, 184, 190, 134, 168, 81, 216, 215, 173, 138, 83, 203, 227, 235, 127, 215, 87, 14, 198, 225, 180, 113, 58, 169, 28, 85, 169, 154;
 105, 93, 107, 109, 52, 14, 207, 55, 100, 200, 238, 68, 243, 16, 144, 112, 88, 172, 20, 108, 201, 186, 117, 13, 225, 249, 160, 0, 73, 186, 114, 120]