[15, 184, 171, 147, 82, 244, 59, 208, 190, 85, 71, 183, 189, 206, 58, 72, 39, 59, 147, 149, 183, 152, 60, 229, 204, 55, 26, 194, 132, 133, 37, 213;
 138, 30, 241, 190, 111, 249, 145, 22, 223, 95, 84, 255, 172, 189, 167, 172, 135, 59, 151, 1, 166, 46, 102, 243, 70, 85, 56, 187, 214, 220, 5, 255;
 177, 221, 123, 202, 86, 199, 194, 244, 84, 64, 80, 66, 51, 156, 52, 32, 120, 186, 18, 233, 235, 190, 60, 63, 57, 140, 138, 96, 53, 10, 116, 168;
 3, 128, 246, 212, 103, 90, 253, 113, 237, 86, 55, 34, 204, 222, 182, 111, 167, 53, 62, 8, 196, 165, 38, 208, 6, 58, 82, 131, 87, 174, 101, 229;
 149, 84, 123, 234, 118, 199, 219, 120, 92, 72, 113, 39, 94, 219, 45, 17, 190, 185, 23, 119, 169, 167, 24, 94, 241, 137, 43, 204, 121, 35, 99, 243;
 51, 141, 106, 141, 85, 231, 203, 103, 68, 70, 206, 2, 33, 40, 54, 69, 72, 170, 19, 173, 92, 186, 116, 159, 117, 44, 138, 0, 53, 74, 112, 204;
 35, 202, 11, 136, 124, 129, 186, 198, 14, 12, 216, 103, 164, 136, 183, 64, 204, 43, 23, 199, 198, 50, 66, 249, 180, 20, 186, 171, 29, 25, 57, 205;
 3, 197, 42, 140, 20, 133, 172, 111, 12, 0, 88, 2, 180, 154, 52, 192, 216, 43, 19, 129, 211, 169, 19, 223, 161, 37, 186, 200, 29, 8, 177, 138;
 10, 186, 234, 210, 231, 245, 185, 199, 187, 95, 92, 183, 172, 174, 246, 140, 167, 59, 147, 21, 134, 154, 178, 243, 15, 93, 30, 235, 134, 68, 255, 255;
 62, 181, 96, 168, 223, 231, 91, 232, 7, 52, 156, 11, 14, 221, 122, 0, 220, 155, 159, 243, 26, 35, 89, 181, 251, 209, 137, 127, 183, 15, 180, 66;
 121, 79, 70, 76, 77, 22, 78, 124, 197, 238, 190, 78, 66, 40, 183, 247, 200, 228, 46, 238, 205, 163, 117, 140, 50, 120, 229, 20, 91, 254, 120, 13;
 180, 188, 125, 122, 248, 233, 83, 250, 178, 23, 172, 56, 55, 247, 105, 24, 11, 179, 197, 16, 58, 15, 234, 55, 219, 135, 49, 125, 240, 193, 38, 226;
 42, 234, 232, 220, 108, 145, 186, 232, 74, 12, 84, 235, 40, 200, 246, 128, 222, 105, 151, 199, 194, 62, 142, 241, 70, 29, 171, 237, 85, 175, 91, 129;
 11, 177, 164, 129, 211, 180, 184, 199, 43, 117, 9, 151, 12, 46, 94, 10, 175, 11, 147, 149, 151, 88, 183, 208, 15, 20, 158, 231, 143, 68, 191, 214;
 171, 208, 123, 193, 102, 95, 253, 117, 93, 103, 55, 30, 93, 159, 254, 112, 119, 140, 23, 44, 213, 181, 52, 215, 127, 31, 50, 228, 63, 136, 209, 245;
 3, 59, 154, 157, 117, 173, 176, 82, 206, 29, 88, 68, 172, 184, 229, 74, 166, 43, 55, 93, 134, 56, 130, 241, 13, 24, 58, 170, 216, 73, 9, 143;
 10, 88, 162, 191, 101, 229, 186, 80, 28, 72, 80, 99, 188, 158, 53, 232, 236, 57, 151, 195, 134, 158, 18, 249, 69, 113, 186, 138, 28, 29, 49, 155;
 127, 34, 226, 196, 230, 59, 234, 208, 91, 234, 127, 238, 73, 201, 247, 60, 63, 204, 55, 191, 148, 182, 172, 194, 30, 76, 161, 164, 239, 239, 90, 197;
 11, 22, 238, 93, 243, 242, 189, 55, 124, 79, 87, 182, 121, 62, 182, 237, 55, 63, 179, 141, 181, 216, 53, 207, 7, 111, 250, 130, 167, 196, 165, 253;
 11, 93, 99, 206, 247, 182, 190, 87, 141, 65, 92, 194, 44, 254, 181, 228, 126, 59, 151, 149, 131, 152, 52, 239, 51, 124, 142, 130, 159, 222, 161, 253;
 11, 56, 107, 202, 119, 212, 186, 81, 105, 64, 93, 131, 56, 158, 52, 32, 254, 185, 147, 133, 134, 187, 52, 205, 83, 125, 138, 139, 7, 7, 115, 247;
 140, 113, 63, 97, 224, 207, 117, 210, 45, 8, 104, 0, 31, 23, 1, 56, 182, 57, 85, 120, 65, 180, 16, 92, 199, 217, 32, 4, 64, 209, 227, 162;
 172, 223, 31, 251, 213, 247, 159, 251, 20, 90, 92, 54, 221, 253, 57, 233, 89, 122, 147, 43, 115, 242, 120, 191, 111, 199, 239, 141, 223, 248, 253, 243;
 17, 159, 23, 253, 52, 134, 79, 55, 85, 0, 202, 70, 247, 51, 48, 64, 216, 162, 27, 104, 121, 169, 81, 189, 169, 190, 134, 0, 60, 136, 112, 40;
 10, 90, 234, 155, 50, 176, 56, 86, 62, 79, 87, 247, 173, 142, 167, 72, 55, 57, 159, 149, 134, 156, 5, 247, 14, 54, 186, 195, 180, 133, 45, 93;
 163, 201, 107, 155, 92, 149, 175, 228, 212, 68, 208, 151, 49, 204, 62, 33, 92, 43, 19, 239, 231, 174, 118, 255, 97, 8, 138, 136, 85, 157, 241, 252;
 39, 120, 234, 169, 77, 245, 187, 202, 142, 85, 88, 135, 24, 220, 119, 40, 237, 9, 19, 159, 135, 182, 182, 241, 69, 29, 138, 204, 141, 21, 115, 214;
 19, 5, 202, 156, 212, 182, 232, 71, 85, 1, 218, 18, 0, 170, 54, 236, 120, 175, 27, 157, 188, 153, 5, 202, 54, 60, 154, 192, 149, 72, 249, 132;
 247, 89, 110, 238, 82, 18, 222, 244, 128, 192, 210, 231, 113, 12, 55, 113, 254, 245, 157, 231, 236, 131, 36, 172, 114, 105, 174, 145, 53, 179, 120, 91;
 19, 159, 107, 140, 52, 134, 235, 119, 148, 72, 222, 230, 49, 202, 178, 96, 126, 170, 23, 221, 251, 155, 52, 239, 120, 44, 174, 128, 61, 136, 112, 249;
 167, 204, 101, 89, 204, 215, 238, 254, 85, 82, 116, 82, 16, 76, 183, 165, 89, 232, 18, 238, 229, 126, 62, 255, 38, 10, 197, 44, 127, 188, 248, 204;
 250, 95, 106, 236, 243, 80, 254, 247, 49, 78, 94, 231, 105, 239, 183, 208, 254, 251, 149, 167, 236, 154, 36, 235, 50, 125, 174, 139, 39, 246, 252, 95;
 2, 48, 242, 209, 115, 237, 184, 66, 191, 67, 81, 185, 140, 156, 127, 40, 183, 25, 147, 21, 150, 53, 148, 194, 7, 20, 26, 235, 197, 77, 7, 215;
 206, 186, 190, 176, 239, 169, 176, 130, 159, 191, 22, 191, 140, 141, 98, 75, 167, 57, 175, 17, 54, 124, 130, 240, 222, 81, 91, 239, 158, 13, 13, 83;
 39, 135, 96, 192, 222, 11, 204, 125, 65, 113, 185, 223, 67, 40, 94, 1, 91, 130, 23, 189, 254, 58, 77, 149, 62, 28, 133, 244, 253, 142, 210, 196;
 59, 249, 107, 212, 118, 150, 185, 117, 233, 200, 84, 231, 57, 140, 182, 160, 238, 185, 151, 213, 199, 251, 52, 237, 123, 77, 174, 128, 77, 134, 123, 221;
 11, 217, 121, 67, 118, 223, 239, 181, 92, 64, 116, 130, 57, 29, 180, 36, 62, 56, 19, 236, 227, 184, 52, 255, 103, 12, 170, 192, 119, 130, 85, 249;
 18, 8, 70, 149, 38, 130, 168, 64, 172, 160, 82, 162, 45, 138, 176, 72, 98, 173, 59, 193, 64, 152, 5, 220, 20, 32, 250, 129, 37, 128, 57, 136;
 55, 165, 99, 193, 118, 83, 203, 120, 17, 224, 94, 202, 81, 110, 156, 36, 126, 216, 23, 238, 155, 144, 101, 205, 55, 12, 169, 196, 39, 171, 80, 116;
 170, 13, 230, 220, 69, 214, 252, 103, 213, 6, 230, 19, 40, 174, 54, 231, 232, 163, 179, 133, 108, 239, 50, 239, 35, 122, 222, 3, 23, 108, 252, 206;
 3, 149, 6, 159, 195, 164, 188, 35, 189, 83, 75, 151, 236, 238, 46, 200, 231, 35, 171, 133, 23, 152, 18, 213, 4, 54, 218, 67, 28, 68, 169, 22;
 185, 72, 99, 76, 84, 211, 235, 112, 85, 0, 118, 130, 57, 157, 181, 181, 120, 184, 146, 234, 233, 190, 36, 191, 115, 105, 128, 0, 119, 152, 116, 168;
 162, 121, 107, 196, 86, 198, 187, 102, 89, 196, 116, 135, 56, 156, 119, 32, 238, 185, 19, 197, 229, 190, 180, 238, 127, 89, 142, 42, 69, 12, 118, 254;
 163, 131, 110, 123, 60, 141, 233, 117, 220, 69, 243, 85, 176, 40, 190, 32, 204, 2, 127, 13, 150, 170, 67, 215, 68, 61, 186, 216, 221, 140, 249, 140;
 29, 243, 240, 164, 63, 31, 216, 89, 73, 185, 177, 110, 143, 24, 202, 131, 190, 149, 223, 49, 151, 99, 201, 192, 190, 201, 47, 191, 239, 142, 169, 1;
 0, 29, 22, 254, 133, 231, 247, 98, 156, 142, 211, 3, 244, 249, 33, 73, 200, 99, 43, 67, 56, 233, 18, 189, 201, 179, 218, 75, 16, 9, 117, 11;
 55, 104, 195, 136, 68, 67, 171, 200, 76, 192, 80, 226, 17, 204, 253, 168, 122, 200, 23, 255, 139, 182, 46, 112, 20, 4, 171, 140, 117, 59, 113, 228;
 20, 64, 233, 235, 4, 105, 225, 64, 119, 7, 243, 19, 147, 89, 124, 8, 123, 153, 7, 131, 154, 182, 77, 210, 209, 205, 178, 69, 245, 11, 244, 162;
 185, 113, 123, 109, 114, 94, 111, 244, 117, 192, 118, 230, 123, 223, 147, 48, 62, 236, 22, 238, 201, 178, 53, 44, 118, 233, 37, 128, 111, 178, 226, 249;
 12, 122, 179, 240, 229, 255, 113, 80, 139, 248, 53, 104, 30, 159, 97, 190, 166, 57, 151, 82, 145, 247, 160, 192, 211, 209, 97, 239, 138, 249, 7, 179;
 243, 15, 99, 158, 214, 162, 255, 39, 113, 198, 218, 211, 105, 108, 183, 101, 126, 231, 55, 141, 236, 222, 164, 239, 48, 46, 222, 136, 37, 244, 240, 76;
 110, 122, 245, 201, 255, 90, 17, 16, 139, 189, 180, 42, 14, 31, 229, 127, 230, 29, 159, 80, 0, 69, 225, 192, 223, 241, 34, 247, 182, 169, 5, 55;
 218, 219, 86, 190, 171, 208, 188, 245, 141, 28, 210, 231, 109, 255, 160, 199, 230, 115, 189, 195, 240, 201, 2, 237, 178, 243, 238, 131, 38, 52, 165, 91;
 43, 40, 98, 68, 87, 210, 248, 103, 169, 196, 124, 139, 40, 140, 54, 180, 174, 189, 147, 133, 196, 187, 180, 204, 23, 93, 138, 163, 71, 132, 126, 222;
 11, 141, 98, 204, 245, 214, 250, 103, 205, 68, 90, 3, 40, 158, 54, 228, 234, 171, 147, 149, 214, 187, 20, 255, 59, 124, 142, 131, 151, 12, 253, 206;
 2, 121, 99, 192, 83, 196, 186, 70, 169, 73, 88, 207, 44, 142, 84, 52, 46, 57, 19, 213, 130, 154, 180, 227, 23, 28, 138, 234, 79, 134, 39, 223;
 40, 218, 190, 188, 85, 148, 177, 55, 212, 15, 214, 118, 224, 251, 34, 192, 220, 58, 170, 129, 224, 190, 83, 207, 69, 55, 210, 2, 24, 40, 60, 27;
 26, 187, 227, 141, 119, 208, 186, 119, 25, 205, 88, 231, 44, 174, 246, 132, 126, 59, 147, 149, 214, 154, 164, 207, 42, 68, 158, 131, 167, 6, 191, 223;
 163, 197, 108, 155, 108, 147, 236, 239, 220, 85, 81, 151, 96, 72, 190, 65, 202, 2, 19, 45, 246, 184, 95, 213, 38, 58, 154, 64, 29, 140, 248, 220;
 163, 204, 99, 219, 84, 213, 174, 252, 84, 66, 81, 82, 112, 220, 60, 161, 120, 40, 19, 239, 231, 182, 60, 255, 39, 8, 136, 8, 119, 159, 240, 236;
 179, 97, 99, 12, 86, 146, 202, 96, 208, 64, 209, 231, 97, 204, 183, 161, 126, 168, 151, 239, 237, 167, 36, 221, 50, 104, 171, 136, 125, 190, 122, 220;
 82, 152, 62, 95, 35, 220, 185, 55, 237, 93, 151, 37, 188, 159, 6, 107, 166, 55, 125, 1, 196, 141, 179, 225, 211, 123, 122, 131, 2, 4, 37, 127;
 7, 133, 8, 171, 149, 179, 170, 239, 94, 65, 89, 7, 132, 40, 58, 64, 217, 11, 18, 181, 22, 184, 93, 159, 236, 87, 138, 69, 156, 78, 153, 134;
 3, 219, 200, 169, 226, 137, 190, 239, 14, 113, 88, 231, 173, 171, 226, 192, 38, 11, 167, 197, 86, 56, 134, 241, 60, 5, 62, 237, 29, 142, 137, 153;
 143, 8, 146, 147, 85, 247, 169, 64, 94, 233, 87, 18, 236, 216, 51, 236, 249, 107, 51, 153, 55, 252, 115, 238, 141, 30, 155, 131, 156, 9, 57, 134;
 179, 107, 98, 68, 86, 146, 251, 116, 97, 196, 80, 199, 57, 140, 182, 33, 62, 169, 147, 205, 197, 186, 52, 237, 114, 8, 138, 136, 111, 134, 115, 220;
 201, 115, 30, 141, 104, 158, 44, 125, 174, 168, 79, 197, 220, 195, 96, 215, 38, 37, 234, 44, 193, 209, 155, 93, 228, 49, 47, 140, 10, 176, 171, 153;
 163, 221, 107, 88, 213, 151, 206, 245, 85, 64, 116, 6, 48, 220, 183, 165, 92, 232, 18, 238, 229, 63, 116, 255, 54, 24, 133, 42, 127, 188, 248, 220;
 184, 200, 40, 187, 69, 149, 208, 111, 22, 17, 112, 19, 171, 152, 114, 128, 216, 41, 147, 1, 94, 62, 66, 181, 207, 199, 154, 105, 113, 12, 221, 138;
 62, 24, 242, 196, 71, 117, 242, 208, 81, 202, 244, 42, 74, 253, 119, 188, 121, 252, 151, 250, 137, 247, 178, 226, 83, 95, 193, 175, 239, 253, 126, 151;
 235, 94, 222, 188, 108, 60, 252, 22, 201, 202, 150, 111, 174, 168, 183, 219, 230, 229, 254, 71, 229, 103, 134, 232, 146, 123, 122, 155, 14, 253, 89, 13;
 19, 157, 27, 191, 150, 167, 106, 247, 30, 1, 218, 70, 117, 255, 32, 192, 255, 187, 31, 129, 59, 153, 25, 255, 185, 167, 170, 192, 60, 10, 177, 155;
 41, 235, 72, 235, 124, 145, 207, 221, 70, 9, 244, 34, 179, 153, 250, 96, 72, 138, 22, 201, 207, 42, 102, 181, 102, 221, 190, 233, 87, 152, 248, 137;
 35, 96, 229, 93, 87, 219, 232, 111, 127, 225, 114, 194, 169, 8, 148, 173, 58, 172, 50, 13, 197, 254, 101, 221, 14, 122, 210, 0, 111, 140, 122, 140;
 192, 203, 30, 191, 36, 136, 109, 37, 172, 29, 82, 209, 175, 139, 48, 67, 194, 46, 47, 9, 80, 188, 2, 193, 228, 240, 250, 64, 20, 136, 149, 9;
 147, 221, 23, 220, 159, 149, 172, 255, 212, 18, 212, 82, 48, 187, 52, 101, 108, 106, 27, 205, 227, 15, 54, 255, 115, 42, 222, 24, 31, 216, 241, 168;
 8, 157, 18, 169, 151, 195, 183, 55, 20, 1, 78, 226, 180, 51, 32, 64, 118, 59, 155, 224, 114, 152, 17, 255, 237, 164, 138, 66, 62, 10, 177, 43;
 10, 8, 170, 159, 87, 245, 186, 64, 29, 69, 85, 3, 172, 223, 55, 204, 248, 57, 147, 211, 6, 144, 50, 232, 71, 117, 154, 3, 23, 15, 61, 222;
 19, 207, 76, 152, 62, 209, 206, 239, 204, 80, 208, 227, 161, 74, 182, 97, 106, 163, 31, 237, 254, 43, 102, 253, 176, 8, 238, 217, 53, 152, 248, 204;
 9, 150, 63, 91, 181, 221, 185, 55, 253, 93, 127, 84, 188, 220, 190, 36, 135, 35, 18, 29, 247, 172, 54, 247, 111, 95, 18, 66, 222, 140, 217, 245;
 246, 195, 108, 136, 92, 129, 206, 233, 207, 20, 149, 31, 83, 73, 62, 65, 72, 128, 159, 235, 250, 39, 95, 213, 178, 9, 171, 253, 61, 138, 248, 0;
 131, 223, 119, 221, 118, 131, 175, 247, 220, 72, 80, 114, 57, 153, 180, 229, 110, 58, 23, 201, 243, 188, 36, 255, 44, 42, 190, 192, 61, 136, 241, 169;
 4, 143, 42, 232, 188, 163, 223, 222, 198, 12, 216, 39, 49, 232, 179, 64, 217, 43, 23, 177, 134, 43, 40, 63, 232, 5, 175, 228, 149, 90, 52, 139;
 27, 13, 191, 191, 180, 166, 239, 182, 76, 1, 218, 2, 245, 251, 49, 96, 200, 99, 63, 203, 153, 168, 83, 237, 225, 111, 190, 128, 157, 123, 113, 40;
 31, 27, 98, 206, 119, 146, 238, 80, 133, 128, 222, 230, 41, 139, 181, 196, 110, 173, 183, 223, 201, 155, 36, 232, 50, 108, 138, 130, 47, 191, 57, 189;
 89, 114, 16, 160, 231, 29, 248, 124, 15, 172, 16, 111, 175, 155, 251, 64, 246, 137, 63, 85, 214, 62, 195, 146, 222, 221, 62, 250, 62, 14, 25, 139;
 78, 26, 190, 180, 111, 236, 177, 82, 137, 158, 87, 23, 156, 159, 99, 75, 231, 125, 55, 19, 0, 85, 146, 192, 213, 113, 90, 170, 128, 105, 53, 243;
 3, 12, 138, 157, 117, 182, 168, 67, 92, 143, 82, 23, 172, 138, 54, 64, 232, 45, 51, 133, 36, 156, 16, 207, 5, 62, 154, 3, 132, 8, 57, 142;
 5, 146, 45, 171, 44, 205, 203, 152, 134, 93, 145, 197, 215, 205, 123, 72, 220, 0, 63, 223, 155, 36, 127, 49, 205, 129, 171, 252, 28, 139, 20, 112;
 3, 217, 19, 168, 85, 133, 184, 103, 14, 73, 80, 70, 188, 158, 48, 224, 204, 59, 19, 213, 87, 170, 18, 253, 41, 84, 142, 202, 25, 12, 177, 188;
 35, 141, 103, 197, 151, 211, 174, 103, 76, 224, 218, 194, 224, 44, 180, 229, 104, 102, 18, 237, 245, 184, 117, 237, 46, 58, 138, 194, 79, 143, 241, 188;
 11, 212, 55, 90, 223, 213, 177, 255, 223, 89, 124, 18, 60, 222, 46, 228, 237, 27, 146, 16, 247, 45, 58, 215, 43, 95, 18, 79, 219, 4, 237, 255;
 19, 149, 99, 138, 210, 208, 187, 239, 44, 69, 91, 167, 109, 206, 190, 100, 119, 27, 147, 149, 150, 153, 44, 215, 122, 44, 154, 194, 55, 134, 181, 253;
 26, 11, 203, 204, 78, 67, 173, 71, 134, 164, 222, 130, 165, 167, 177, 196, 106, 190, 59, 137, 64, 26, 103, 154, 116, 229, 171, 136, 53, 232, 53, 232;
 2, 159, 27, 156, 54, 226, 185, 103, 156, 13, 90, 231, 52, 175, 48, 64, 238, 59, 19, 129, 48, 153, 16, 239, 241, 166, 186, 128, 20, 72, 53, 155;
 36, 125, 8, 169, 212, 167, 191, 222, 22, 160, 92, 3, 181, 252, 113, 0, 217, 59, 19, 177, 19, 184, 24, 62, 109, 133, 175, 164, 221, 90, 125, 154;
 9, 20, 42, 187, 149, 231, 219, 115, 92, 197, 95, 3, 244, 121, 51, 65, 217, 42, 19, 57, 58, 168, 121, 190, 235, 223, 158, 65, 156, 74, 112, 202;
 243, 109, 107, 22, 198, 112, 191, 118, 249, 194, 223, 151, 121, 236, 183, 39, 110, 231, 23, 239, 229, 191, 180, 234, 114, 111, 206, 136, 101, 247, 251, 220;
 10, 145, 4, 137, 253, 215, 188, 109, 13, 13, 92, 3, 236, 95, 56, 197, 220, 19, 147, 225, 82, 152, 81, 253, 47, 51, 154, 195, 22, 14, 189, 219;
 130, 51, 106, 152, 114, 129, 185, 87, 188, 69, 84, 247, 188, 142, 182, 1, 110, 59, 19, 197, 246, 143, 38, 213, 20, 1, 186, 202, 29, 128, 175, 221;
 46, 167, 98, 200, 245, 182, 250, 67, 25, 5, 95, 147, 8, 206, 62, 228, 255, 187, 151, 149, 190, 186, 4, 206, 63, 60, 142, 195, 167, 142, 248, 214;
 61, 203, 97, 43, 85, 23, 235, 248, 69, 72, 85, 70, 91, 8, 186, 228, 120, 200, 22, 239, 207, 186, 125, 189, 126, 77, 163, 196, 127, 175, 120, 228;
 48, 195, 97, 202, 124, 157, 106, 125, 71, 36, 117, 78, 99, 11, 188, 116, 90, 136, 6, 124, 202, 50, 120, 157, 54, 217, 160, 106, 55, 138, 84, 236;
 184, 205, 55, 252, 93, 197, 205, 231, 132, 24, 208, 18, 61, 31, 48, 225, 232, 179, 31, 233, 97, 143, 34, 189, 241, 234, 250, 200, 23, 8, 181, 169;
 37, 141, 41, 251, 188, 165, 203, 184, 198, 72, 156, 74, 243, 233, 57, 96, 217, 106, 18, 126, 187, 42, 122, 191, 237, 157, 165, 120, 208, 139, 80, 168;
 27, 13, 234, 190, 244, 182, 238, 246, 196, 64, 218, 199, 113, 248, 55, 96, 236, 227, 55, 199, 157, 171, 22, 233, 114, 111, 174, 136, 189, 255, 120, 220;
 129, 207, 87, 221, 254, 130, 239, 246, 148, 16, 80, 226, 181, 195, 177, 101, 110, 106, 22, 252, 99, 218, 6, 253, 36, 170, 174, 136, 54, 185, 177, 169;
 182, 207, 106, 142, 254, 129, 158, 230, 153, 6, 216, 239, 33, 204, 183, 1, 126, 227, 151, 231, 236, 35, 4, 239, 48, 12, 142, 152, 125, 255, 250, 220;
 170, 0, 222, 216, 69, 229, 120, 79, 29, 183, 113, 27, 76, 223, 62, 89, 254, 153, 179, 161, 36, 118, 82, 208, 87, 27, 218, 43, 23, 76, 124, 194;
 45, 15, 106, 67, 84, 211, 235, 112, 68, 104, 125, 42, 81, 77, 183, 32, 120, 168, 22, 234, 145, 178, 44, 189, 118, 13, 161, 228, 127, 171, 84, 177;
 163, 224, 103, 13, 71, 219, 224, 69, 127, 97, 243, 90, 163, 136, 156, 165, 120, 140, 242, 205, 207, 246, 199, 213, 22, 120, 146, 35, 109, 14, 251, 140;
 139, 32, 103, 220, 85, 214, 184, 96, 252, 66, 80, 147, 56, 156, 54, 165, 236, 41, 147, 133, 229, 254, 54, 207, 71, 27, 218, 2, 71, 132, 119, 252;
 29, 10, 104, 97, 54, 51, 235, 88, 68, 45, 255, 230, 19, 9, 179, 96, 126, 140, 6, 254, 154, 176, 109, 28, 78, 205, 163, 196, 255, 139, 112, 225;
 29, 212, 193, 233, 188, 34, 78, 154, 23, 186, 152, 226, 217, 119, 217, 236, 95, 214, 29, 255, 185, 16, 73, 154, 232, 239, 175, 148, 191, 255, 176, 49;
 35, 144, 44, 153, 13, 149, 136, 74, 134, 25, 72, 7, 176, 156, 116, 201, 204, 8, 179, 29, 154, 42, 83, 149, 15, 24, 154, 122, 24, 8, 80, 154;
 147, 25, 110, 200, 150, 214, 190, 103, 141, 65, 222, 130, 44, 254, 180, 100, 238, 59, 31, 213, 243, 139, 52, 239, 187, 92, 142, 130, 149, 30, 169, 253;
 143, 147, 228, 147, 238, 185, 184, 147, 158, 117, 95, 247, 237, 236, 222, 239, 135, 43, 179, 149, 183, 88, 239, 209, 14, 91, 223, 227, 159, 204, 153, 213;
 189, 79, 69, 232, 246, 3, 79, 253, 5, 178, 216, 238, 17, 3, 177, 49, 126, 220, 23, 238, 233, 150, 77, 158, 52, 136, 165, 164, 63, 248, 240, 177;
 147, 21, 106, 19, 210, 250, 189, 71, 252, 71, 127, 183, 41, 172, 182, 32, 174, 43, 147, 133, 180, 185, 52, 230, 118, 47, 26, 131, 229, 196, 173, 222;
 200, 194, 150, 185, 45, 140, 108, 53, 173, 31, 66, 21, 172, 131, 48, 207, 192, 33, 106, 12, 82, 173, 18, 209, 129, 176, 90, 8, 18, 8, 161, 10;
 254, 201, 100, 232, 143, 83, 223, 233, 133, 52, 149, 139, 75, 31, 54, 199, 200, 145, 223, 227, 122, 3, 91, 157, 243, 209, 203, 127, 55, 63, 252, 70;
 35, 120, 169, 169, 77, 197, 189, 199, 14, 198, 152, 135, 152, 156, 83, 40, 201, 41, 91, 149, 199, 47, 245, 210, 101, 28, 158, 174, 157, 28, 115, 254;
 34, 151, 234, 204, 211, 86, 190, 119, 49, 206, 94, 231, 104, 111, 54, 64, 255, 255, 151, 165, 245, 154, 36, 207, 127, 62, 158, 131, 47, 230, 190, 223;
 21, 37, 107, 228, 212, 6, 238, 117, 112, 202, 90, 67, 113, 252, 49, 32, 60, 111, 19, 239, 225, 178, 148, 78, 117, 45, 175, 128, 77, 114, 115, 184;
 19, 157, 75, 251, 150, 167, 235, 247, 22, 1, 218, 210, 117, 223, 48, 64, 127, 187, 23, 153, 59, 155, 24, 255, 253, 175, 170, 192, 189, 139, 177, 153;
 131, 30, 124, 219, 118, 249, 184, 86, 31, 119, 84, 178, 173, 31, 166, 105, 167, 27, 151, 1, 166, 28, 38, 245, 70, 89, 122, 163, 21, 200, 13, 255;
 54, 254, 104, 170, 218, 161, 154, 204, 134, 87, 153, 167, 73, 206, 127, 8, 127, 201, 147, 215, 142, 7, 94, 243, 120, 5, 139, 239, 189, 23, 187, 214;
 1, 28, 59, 218, 230, 173, 189, 87, 252, 11, 124, 50, 52, 29, 36, 41, 175, 59, 23, 9, 179, 172, 48, 103, 85, 15, 122, 200, 193, 81, 227, 171;
 162, 91, 107, 129, 102, 193, 184, 69, 140, 78, 80, 247, 132, 140, 54, 8, 236, 41, 147, 197, 196, 191, 20, 194, 20, 48, 154, 139, 69, 28, 183, 223;
 10, 186, 147, 185, 99, 233, 176, 67, 31, 119, 89, 247, 140, 190, 102, 204, 183, 59, 163, 21, 22, 92, 26, 211, 12, 86, 27, 239, 158, 76, 133, 215;
 184, 152, 172, 251, 29, 212, 209, 10, 198, 93, 133, 19, 179, 28, 62, 98, 200, 18, 185, 145, 62, 44, 115, 181, 203, 251, 154, 91, 209, 13, 124, 114;
 9, 157, 55, 219, 149, 221, 185, 55, 239, 93, 31, 20, 190, 92, 62, 101, 133, 3, 90, 29, 247, 168, 50, 245, 111, 95, 18, 66, 210, 12, 213, 118;
 155, 4, 110, 222, 71, 240, 189, 99, 157, 70, 87, 147, 40, 220, 62, 237, 239, 59, 147, 135, 228, 167, 54, 223, 83, 107, 218, 131, 119, 68, 253, 222;
 27, 25, 102, 152, 53, 243, 184, 70, 132, 93, 212, 167, 169, 204, 182, 237, 110, 171, 151, 197, 183, 139, 38, 253, 2, 91, 186, 203, 31, 133, 61, 221;
 9, 144, 191, 249, 21, 239, 201, 90, 94, 93, 94, 6, 246, 221, 56, 64, 217, 10, 19, 60, 131, 248, 115, 189, 205, 159, 154, 64, 152, 9, 113, 242;
 22, 128, 42, 154, 182, 240, 186, 200, 60, 73, 91, 179, 76, 222, 190, 96, 247, 27, 147, 181, 150, 144, 14, 247, 24, 6, 154, 199, 149, 7, 185, 215;
 45, 205, 106, 138, 212, 147, 175, 253, 70, 196, 92, 134, 241, 196, 187, 32, 92, 106, 19, 255, 199, 178, 108, 61, 108, 13, 175, 232, 221, 158, 240, 252;
 155, 179, 107, 168, 22, 148, 187, 116, 52, 65, 208, 231, 57, 14, 182, 1, 126, 185, 151, 229, 231, 154, 52, 221, 240, 73, 170, 200, 61, 132, 51, 249;
 75, 241, 171, 172, 125, 214, 169, 125, 134, 233, 222, 198, 221, 223, 240, 226, 92, 61, 187, 221, 211, 27, 183, 209, 61, 101, 175, 236, 31, 14, 185, 121;
 27, 201, 138, 173, 20, 132, 203, 182, 87, 1, 222, 2, 181, 185, 49, 96, 72, 234, 63, 201, 10, 169, 99, 253, 249, 237, 186, 136, 182, 137, 112, 40;
 15, 104, 162, 186, 83, 148, 58, 196, 190, 85, 66, 131, 172, 206, 115, 232, 231, 121, 147, 215, 134, 152, 62, 225, 205, 117, 158, 201, 150, 23, 49, 222;
 55, 149, 97, 232, 221, 103, 202, 233, 71, 97, 249, 78, 81, 104, 60, 160, 121, 138, 19, 189, 155, 50, 124, 148, 57, 76, 171, 252, 253, 10, 248, 180;
 169, 221, 99, 75, 21, 215, 226, 117, 68, 64, 252, 70, 185, 88, 180, 229, 88, 42, 18, 237, 239, 170, 116, 189, 35, 120, 130, 2, 95, 142, 120, 236;
 153, 221, 103, 253, 52, 134, 233, 119, 212, 64, 210, 86, 57, 31, 176, 97, 110, 160, 31, 173, 233, 143, 53, 223, 224, 170, 250, 128, 61, 136, 112, 121;
 131, 217, 103, 141, 149, 211, 174, 165, 204, 64, 82, 194, 160, 28, 180, 229, 200, 99, 26, 245, 245, 184, 117, 253, 44, 56, 142, 194, 93, 30, 241, 124;
 247, 106, 234, 196, 70, 16, 236, 68, 65, 198, 244, 174, 33, 200, 247, 174, 122, 236, 183, 239, 204, 183, 166, 202, 54, 41, 229, 137, 111, 254, 122, 220;
 139, 91, 42, 190, 108, 133, 190, 214, 28, 8, 80, 99, 188, 155, 177, 192, 238, 123, 151, 199, 194, 62, 2, 241, 116, 113, 186, 170, 28, 25, 57, 139;
 187, 67, 2, 206, 13, 21, 142, 236, 205, 152, 149, 74, 105, 200, 127, 165, 216, 104, 155, 239, 205, 35, 90, 185, 179, 217, 203, 59, 27, 63, 120, 140;
 152, 197, 46, 190, 150, 128, 191, 117, 148, 68, 215, 135, 117, 239, 50, 65, 124, 163, 159, 229, 124, 155, 36, 143, 240, 227, 238, 129, 53, 10, 189, 90;
 154, 141, 118, 190, 55, 208, 184, 103, 221, 72, 210, 51, 45, 26, 54, 197, 234, 163, 159, 129, 252, 171, 0, 253, 179, 249, 154, 195, 21, 12, 125, 143;
 147, 191, 106, 168, 86, 145, 186, 103, 132, 64, 218, 231, 57, 206, 182, 160, 110, 187, 147, 197, 246, 139, 4, 255, 48, 13, 170, 193, 45, 132, 57, 221;
 3, 28, 26, 159, 22, 162, 186, 3, 124, 13, 91, 51, 180, 186, 36, 64, 232, 47, 19, 129, 54, 152, 0, 111, 76, 38, 186, 192, 140, 65, 177, 139;
 3, 22, 134, 155, 61, 164, 184, 6, 143, 95, 83, 213, 172, 206, 62, 204, 197, 35, 191, 149, 150, 140, 83, 247, 140, 54, 218, 202, 152, 69, 57, 95;
 58, 153, 226, 152, 211, 208, 184, 103, 7, 93, 92, 167, 40, 174, 38, 148, 236, 187, 131, 133, 22, 154, 6, 253, 90, 86, 154, 203, 183, 4, 190, 222;
 26, 183, 107, 171, 22, 210, 186, 117, 20, 69, 93, 231, 41, 142, 182, 128, 126, 59, 151, 133, 150, 154, 36, 221, 42, 69, 170, 193, 61, 134, 63, 217;
 188, 217, 108, 169, 236, 159, 220, 248, 198, 116, 148, 143, 147, 8, 50, 65, 200, 128, 95, 231, 254, 43, 95, 149, 254, 153, 235, 253, 93, 43, 216, 210;
 184, 73, 102, 165, 5, 219, 204, 37, 132, 96, 146, 130, 243, 8, 176, 193, 104, 164, 159, 227, 237, 185, 37, 156, 224, 225, 238, 145, 61, 60, 220, 24;
 26, 149, 24, 235, 181, 247, 154, 105, 12, 13, 221, 34, 221, 94, 58, 64, 222, 19, 159, 161, 30, 129, 105, 157, 235, 197, 170, 215, 148, 10, 189, 83;
 131, 141, 13, 171, 188, 219, 132, 173, 204, 80, 154, 3, 228, 104, 58, 225, 200, 2, 10, 97, 118, 169, 79, 253, 168, 18, 206, 87, 20, 14, 153, 78;
 1, 43, 155, 187, 52, 173, 185, 83, 206, 77, 88, 69, 188, 138, 227, 64, 166, 43, 6, 93, 151, 57, 162, 241, 204, 153, 42, 232, 216, 10, 9, 217;
 135, 24, 46, 156, 77, 246, 185, 64, 156, 206, 212, 151, 56, 220, 55, 107, 236, 177, 155, 199, 160, 199, 54, 236, 81, 58, 202, 136, 21, 61, 53, 246;
 171, 202, 100, 190, 108, 149, 142, 252, 220, 22, 208, 198, 225, 72, 51, 227, 206, 97, 59, 239, 228, 39, 126, 253, 32, 58, 202, 24, 20, 189, 113, 140;
 3, 89, 58, 206, 77, 197, 189, 196, 143, 76, 84, 2, 164, 222, 63, 96, 232, 57, 19, 195, 71, 3, 50, 241, 55, 56, 138, 171, 24, 26, 181, 254;
 75, 88, 158, 188, 109, 252, 248, 6, 233, 202, 244, 13, 172, 184, 183, 250, 134, 225, 254, 5, 133, 47, 242, 232, 22, 123, 90, 139, 26, 125, 43, 221;
 24, 149, 29, 175, 158, 81, 156, 111, 68, 65, 216, 38, 255, 24, 58, 193, 216, 19, 159, 161, 95, 169, 113, 157, 225, 225, 186, 217, 61, 8, 185, 26;
 54, 8, 105, 169, 92, 107, 202, 216, 71, 85, 216, 139, 3, 13, 53, 32, 72, 136, 23, 215, 138, 54, 85, 144, 151, 72, 136, 220, 119, 143, 84, 96;
 62, 135, 100, 200, 246, 115, 219, 234, 71, 9, 125, 162, 73, 125, 188, 164, 123, 154, 151, 251, 178, 163, 45, 221, 90, 77, 163, 207, 247, 207, 116, 161;
 7, 122, 187, 192, 227, 253, 176, 80, 207, 184, 53, 104, 28, 159, 229, 190, 166, 57, 214, 82, 147, 163, 34, 192, 11, 217, 33, 230, 202, 185, 107, 183;
 152, 201, 85, 173, 15, 91, 220, 37, 133, 164, 146, 3, 207, 30, 48, 193, 106, 181, 157, 227, 108, 137, 113, 156, 241, 225, 239, 145, 54, 60, 149, 106;
 103, 12, 234, 214, 212, 20, 174, 227, 112, 66, 218, 199, 113, 236, 63, 33, 124, 239, 19, 175, 237, 186, 188, 239, 117, 46, 206, 136, 205, 242, 114, 220;
 50, 222, 34, 138, 215, 241, 178, 198, 157, 77, 216, 167, 40, 140, 38, 196, 237, 171, 135, 149, 142, 187, 52, 247, 58, 20, 158, 195, 223, 92, 188, 223;
 246, 64, 110, 174, 70, 2, 223, 112, 128, 192, 215, 163, 113, 77, 59, 83, 126, 245, 93, 231, 236, 135, 13, 172, 240, 233, 234, 145, 37, 179, 58, 90;
 29, 88, 105, 193, 52, 35, 235, 208, 68, 232, 94, 230, 17, 21, 177, 40, 126, 156, 22, 255, 137, 176, 101, 28, 76, 141, 163, 196, 255, 187, 112, 241;
 163, 204, 110, 221, 77, 215, 237, 103, 92, 194, 116, 2, 48, 28, 55, 33, 72, 40, 18, 239, 229, 255, 118, 223, 55, 10, 222, 0, 93, 60, 120, 206;
 54, 45, 232, 65, 212, 163, 202, 67, 71, 161, 184, 139, 19, 41, 117, 0, 120, 170, 19, 189, 156, 186, 85, 156, 94, 12, 133, 117, 253, 235, 80, 128;
 35, 129, 128, 138, 221, 149, 204, 79, 70, 1, 248, 66, 160, 232, 62, 228, 216, 10, 146, 141, 95, 170, 82, 241, 39, 92, 158, 8, 157, 74, 248, 140;
 136, 73, 27, 97, 225, 207, 101, 215, 109, 10, 106, 0, 31, 19, 1, 48, 160, 57, 86, 8, 65, 188, 16, 82, 229, 221, 52, 0, 240, 208, 227, 170;
 219, 113, 30, 21, 67, 158, 60, 86, 190, 226, 70, 85, 124, 147, 162, 255, 38, 111, 250, 206, 229, 221, 147, 79, 54, 235, 82, 130, 42, 148, 43, 156;
 242, 0, 9, 206, 94, 65, 201, 105, 23, 1, 209, 154, 113, 220, 56, 97, 120, 153, 23, 161, 59, 18, 91, 157, 213, 160, 250, 184, 53, 8, 52, 48;
 43, 88, 242, 76, 111, 20, 252, 92, 73, 202, 116, 110, 40, 221, 247, 190, 126, 252, 183, 107, 197, 183, 182, 200, 22, 120, 229, 170, 79, 190, 122, 191;
 46, 143, 102, 217, 213, 182, 190, 99, 28, 15, 95, 131, 9, 239, 54, 192, 255, 59, 147, 149, 150, 152, 36, 222, 47, 95, 190, 195, 151, 198, 253, 199;
 225, 88, 211, 85, 103, 88, 228, 0, 121, 226, 118, 34, 48, 154, 247, 254, 106, 236, 50, 202, 69, 244, 180, 202, 22, 42, 210, 3, 109, 56, 123, 204;
 35, 220, 37, 153, 77, 215, 174, 238, 220, 90, 80, 67, 176, 92, 52, 45, 201, 104, 19, 207, 231, 188, 126, 255, 37, 14, 223, 132, 93, 60, 241, 252;
 78, 56, 186, 240, 197, 228, 185, 67, 169, 207, 79, 3, 156, 191, 99, 74, 229, 61, 179, 17, 16, 211, 146, 192, 211, 245, 90, 43, 128, 104, 37, 243;
 44, 226, 232, 171, 236, 41, 75, 216, 23, 61, 121, 153, 19, 201, 91, 24, 217, 136, 7, 94, 26, 54, 73, 48, 76, 141, 165, 236, 244, 155, 212, 193;
 188, 65, 127, 236, 78, 71, 199, 88, 196, 128, 244, 10, 83, 93, 49, 43, 88, 144, 87, 107, 200, 35, 112, 8, 117, 137, 97, 28, 117, 187, 118, 162;
 25, 242, 80, 161, 102, 143, 121, 117, 13, 237, 145, 111, 143, 11, 218, 4, 190, 137, 23, 189, 207, 50, 193, 192, 222, 221, 47, 246, 47, 142, 129, 209;
 0, 16, 159, 189, 52, 166, 176, 55, 28, 69, 66, 39, 180, 255, 32, 64, 204, 61, 42, 129, 135, 206, 115, 205, 71, 166, 186, 10, 24, 8, 52, 90;
 228, 236, 253, 120, 248, 233, 81, 142, 183, 23, 164, 56, 183, 247, 65, 57, 3, 146, 73, 24, 58, 110, 122, 55, 203, 159, 85, 125, 208, 209, 6, 234;
 185, 217, 123, 111, 102, 94, 111, 252, 117, 192, 118, 70, 123, 223, 187, 177, 126, 236, 22, 238, 201, 180, 53, 45, 119, 233, 36, 128, 111, 179, 226, 249;
 227, 149, 101, 221, 109, 22, 204, 55, 29, 97, 218, 222, 168, 62, 180, 101, 78, 182, 63, 141, 253, 26, 117, 221, 55, 122, 218, 210, 31, 140, 208, 60;
 183, 220, 225, 202, 223, 118, 206, 218, 83, 234, 157, 86, 80, 120, 127, 174, 121, 198, 23, 191, 173, 102, 125, 170, 59, 79, 141, 183, 191, 127, 248, 151;
 216, 72, 31, 252, 6, 70, 109, 54, 148, 130, 198, 18, 181, 51, 33, 99, 96, 244, 57, 234, 105, 223, 33, 142, 209, 227, 250, 0, 36, 168, 52, 42;
 16, 199, 94, 26, 87, 209, 182, 231, 204, 5, 124, 167, 40, 232, 46, 128, 250, 43, 130, 128, 102, 171, 6, 255, 50, 71, 50, 75, 93, 14, 237, 143;
 17, 94, 94, 221, 38, 130, 109, 247, 148, 130, 86, 230, 49, 131, 177, 69, 110, 46, 22, 140, 233, 156, 4, 254, 230, 174, 190, 128, 62, 216, 56, 169;
 3, 140, 10, 153, 212, 134, 232, 231, 124, 1, 90, 82, 128, 10, 54, 96, 233, 15, 19, 153, 214, 152, 5, 231, 60, 46, 190, 192, 157, 0, 241, 140;
 155, 92, 39, 190, 23, 196, 191, 244, 133, 66, 214, 199, 57, 142, 51, 69, 110, 177, 159, 199, 237, 143, 54, 253, 241, 98, 218, 130, 63, 28, 53, 127;
 146, 213, 14, 187, 151, 131, 46, 181, 20, 1, 198, 146, 245, 83, 40, 197, 126, 50, 155, 225, 123, 152, 17, 191, 233, 227, 142, 65, 62, 136, 185, 56;
 163, 173, 13, 219, 252, 149, 136, 255, 86, 25, 212, 82, 176, 88, 184, 165, 72, 10, 19, 217, 251, 42, 122, 181, 45, 24, 170, 248, 29, 136, 248, 168;
 11, 20, 46, 188, 13, 244, 184, 98, 141, 83, 207, 23, 184, 156, 54, 43, 232, 51, 251, 135, 132, 135, 50, 237, 83, 123, 218, 3, 23, 77, 61, 214;
 6, 105, 139, 186, 194, 132, 187, 198, 166, 5, 80, 195, 181, 158, 113, 72, 234, 75, 19, 215, 6, 154, 18, 112, 117, 133, 174, 200, 148, 19, 181, 202;
 202, 88, 55, 255, 45, 212, 93, 166, 157, 6, 214, 16, 172, 158, 55, 207, 200, 115, 191, 193, 104, 205, 115, 235, 129, 242, 218, 27, 22, 60, 52, 110;
 46, 95, 98, 201, 246, 178, 190, 215, 12, 10, 88, 231, 24, 56, 181, 228, 255, 123, 151, 183, 209, 186, 4, 238, 38, 92, 174, 130, 159, 223, 249, 159;
 176, 145, 105, 237, 60, 67, 201, 125, 86, 29, 212, 50, 179, 29, 184, 97, 88, 154, 31, 232, 250, 43, 97, 157, 251, 201, 170, 212, 53, 136, 244, 233;
 2, 249, 42, 170, 192, 196, 191, 197, 174, 77, 204, 131, 180, 150, 122, 64, 238, 155, 19, 211, 83, 11, 178, 97, 117, 0, 190, 137, 28, 18, 181, 250;
 103, 131, 237, 157, 236, 34, 205, 139, 83, 31, 91, 215, 64, 104, 254, 75, 91, 199, 39, 189, 188, 98, 239, 194, 92, 62, 255, 205, 149, 252, 244, 69;
 129, 88, 156, 221, 46, 3, 181, 166, 204, 18, 82, 38, 240, 248, 165, 107, 74, 112, 42, 67, 64, 228, 87, 185, 196, 162, 218, 8, 28, 121, 49, 10;
 138, 204, 103, 221, 109, 210, 189, 102, 140, 222, 214, 131, 184, 31, 53, 203, 236, 49, 187, 131, 96, 207, 35, 237, 71, 123, 254, 129, 23, 28, 53, 251;
 38, 121, 104, 200, 206, 197, 215, 206, 90, 166, 124, 10, 16, 220, 119, 32, 216, 248, 19, 243, 194, 54, 116, 218, 119, 12, 141, 45, 85, 59, 118, 170;
 39, 223, 106, 91, 215, 180, 190, 230, 125, 27, 120, 199, 40, 106, 62, 32, 239, 91, 147, 199, 150, 154, 14, 247, 38, 30, 158, 203, 221, 87, 251, 135;
 55, 104, 234, 218, 6, 193, 191, 200, 222, 130, 81, 2, 112, 216, 119, 40, 249, 233, 19, 219, 198, 39, 46, 242, 19, 12, 143, 47, 245, 59, 116, 198;
 42, 96, 224, 220, 93, 151, 152, 73, 87, 168, 209, 2, 40, 200, 117, 172, 216, 56, 147, 145, 206, 230, 254, 216, 3, 92, 159, 187, 87, 62, 124, 142;
 152, 195, 86, 254, 38, 18, 172, 125, 180, 28, 215, 230, 125, 99, 184, 195, 118, 147, 189, 235, 237, 209, 7, 205, 242, 227, 238, 129, 47, 150, 185, 25;
 154, 88, 108, 254, 110, 193, 152, 252, 148, 18, 212, 178, 49, 91, 177, 105, 78, 179, 191, 195, 107, 167, 87, 253, 80, 163, 250, 136, 61, 153, 56, 155;
 89, 241, 42, 236, 62, 214, 155, 124, 6, 236, 223, 34, 221, 222, 250, 96, 94, 125, 189, 241, 207, 27, 244, 157, 251, 233, 175, 237, 60, 138, 57, 89;
 131, 4, 98, 93, 199, 114, 172, 67, 93, 67, 87, 146, 104, 124, 62, 173, 123, 187, 147, 175, 180, 180, 52, 207, 23, 62, 218, 3, 199, 213, 253, 230;
 3, 221, 39, 159, 134, 214, 175, 231, 29, 66, 90, 194, 232, 44, 188, 101, 124, 51, 18, 237, 241, 152, 53, 255, 36, 54, 218, 130, 29, 92, 181, 252;
 100, 88, 233, 232, 204, 197, 147, 200, 198, 116, 176, 11, 16, 221, 125, 72, 217, 217, 51, 243, 130, 34, 218, 48, 93, 12, 171, 125, 213, 59, 116, 242;
 18, 148, 55, 219, 51, 243, 48, 102, 173, 15, 90, 163, 108, 30, 164, 108, 231, 51, 175, 128, 6, 157, 35, 221, 147, 246, 90, 195, 22, 0, 37, 63;
 47, 62, 226, 192, 116, 39, 202, 218, 87, 233, 248, 103, 16, 137, 247, 8, 221, 200, 19, 189, 143, 187, 21, 154, 90, 12, 163, 244, 221, 237, 120, 145;
 61, 64, 217, 233, 70, 83, 67, 88, 85, 12, 116, 98, 19, 209, 161, 236, 88, 152, 6, 122, 137, 182, 97, 16, 83, 205, 161, 132, 119, 187, 112, 161;
 79, 10, 246, 157, 39, 186, 184, 82, 237, 198, 94, 230, 172, 170, 183, 206, 166, 101, 191, 15, 132, 181, 39, 232, 22, 127, 90, 130, 174, 253, 41, 69;
 215, 76, 103, 148, 12, 38, 172, 34, 172, 210, 146, 215, 253, 238, 53, 203, 102, 229, 63, 239, 165, 197, 23, 232, 144, 58, 203, 128, 13, 245, 33, 68;
 130, 8, 46, 158, 45, 228, 153, 2, 157, 202, 212, 3, 184, 221, 55, 111, 204, 49, 191, 207, 168, 111, 83, 232, 193, 58, 218, 155, 21, 125, 117, 122;
 22, 159, 39, 186, 181, 163, 166, 230, 213, 88, 218, 103, 98, 232, 181, 193, 232, 227, 134, 99, 253, 169, 12, 253, 56, 38, 238, 194, 221, 127, 252, 95;
 139, 91, 26, 191, 102, 133, 188, 215, 28, 8, 80, 230, 188, 139, 177, 193, 238, 123, 23, 195, 198, 58, 2, 249, 102, 113, 190, 136, 30, 216, 185, 153;
 139, 147, 8, 156, 58, 149, 158, 126, 156, 72, 216, 231, 172, 220, 166, 224, 206, 43, 159, 69, 231, 139, 86, 191, 160, 49, 186, 139, 28, 28, 185, 223;
 27, 129, 246, 237, 31, 23, 154, 109, 87, 169, 223, 34, 201, 254, 174, 228, 222, 124, 191, 248, 220, 169, 107, 157, 171, 255, 143, 215, 183, 46, 252, 39;
 35, 112, 161, 137, 77, 197, 157, 71, 14, 225, 144, 7, 188, 156, 82, 36, 200, 169, 27, 141, 203, 43, 116, 200, 197, 28, 158, 186, 29, 28, 117, 254;
 7, 129, 236, 147, 135, 208, 188, 143, 95, 119, 87, 147, 201, 236, 126, 104, 183, 43, 51, 157, 150, 216, 63, 211, 15, 30, 223, 199, 149, 76, 153, 212;
 179, 66, 226, 222, 70, 16, 191, 97, 80, 198, 209, 167, 97, 204, 191, 34, 124, 236, 147, 231, 204, 183, 174, 202, 114, 44, 142, 139, 101, 62, 116, 222;
 146, 195, 28, 203, 61, 129, 157, 109, 143, 29, 149, 18, 238, 73, 172, 69, 90, 128, 15, 40, 122, 39, 107, 213, 163, 144, 202, 95, 23, 10, 245, 225;
 195, 216, 31, 244, 42, 198, 189, 166, 140, 240, 146, 98, 180, 158, 33, 99, 230, 117, 59, 195, 97, 205, 18, 125, 244, 34, 255, 130, 28, 48, 33, 59;
 47, 44, 106, 202, 220, 183, 202, 200, 86, 97, 253, 6, 81, 232, 255, 168, 217, 232, 19, 127, 159, 179, 124, 190, 122, 13, 171, 245, 221, 75, 120, 196;
 2, 131, 174, 190, 173, 208, 181, 135, 222, 95, 82, 51, 172, 232, 126, 74, 201, 43, 163, 149, 150, 120, 162, 225, 76, 115, 222, 203, 148, 92, 253, 206;
 42, 57, 178, 88, 111, 245, 176, 71, 203, 29, 124, 35, 40, 217, 103, 12, 172, 59, 147, 17, 134, 250, 178, 193, 71, 89, 18, 171, 211, 76, 111, 143;
 55, 70, 98, 200, 125, 183, 202, 200, 205, 8, 184, 78, 72, 202, 189, 224, 254, 161, 31, 239, 142, 35, 36, 223, 50, 124, 139, 190, 93, 63, 120, 133;
 25, 141, 90, 252, 182, 167, 111, 247, 150, 1, 222, 98, 117, 243, 160, 96, 127, 250, 30, 200, 58, 155, 1, 191, 248, 239, 174, 192, 52, 139, 184, 169;
 67, 208, 60, 220, 109, 89, 184, 46, 205, 91, 52, 40, 172, 30, 174, 254, 135, 17, 254, 1, 199, 37, 99, 209, 23, 123, 90, 155, 22, 12, 13, 127;
 2, 184, 147, 155, 115, 229, 184, 66, 191, 113, 64, 247, 140, 142, 100, 204, 167, 59, 147, 149, 23, 152, 18, 241, 13, 86, 26, 230, 158, 5, 33, 215;
 29, 3, 192, 245, 167, 18, 78, 57, 23, 162, 215, 230, 201, 99, 219, 238, 95, 238, 188, 186, 249, 208, 77, 138, 174, 207, 239, 164, 190, 252, 216, 5;
 38, 226, 41, 169, 116, 135, 171, 216, 22, 100, 92, 135, 149, 205, 123, 0, 92, 9, 19, 255, 130, 18, 88, 149, 237, 4, 171, 236, 53, 155, 21, 240;
 162, 217, 58, 204, 238, 193, 183, 111, 12, 76, 92, 35, 52, 156, 54, 96, 248, 59, 23, 225, 66, 43, 34, 209, 113, 52, 174, 171, 21, 88, 181, 251;
 163, 59, 106, 196, 214, 87, 255, 245, 73, 236, 120, 143, 16, 188, 247, 33, 250, 232, 23, 239, 196, 58, 36, 200, 127, 24, 173, 175, 85, 250, 118, 207;
 29, 78, 208, 247, 135, 59, 78, 187, 87, 170, 159, 226, 235, 97, 219, 237, 95, 238, 148, 170, 233, 244, 77, 170, 174, 207, 229, 180, 191, 255, 88, 5;
 9, 208, 189, 201, 61, 143, 225, 222, 79, 89, 92, 6, 148, 149, 113, 100, 205, 24, 59, 25, 131, 40, 115, 209, 71, 29, 139, 76, 146, 26, 113, 250;
 39, 82, 87, 200, 92, 167, 203, 216, 135, 56, 248, 110, 16, 155, 53, 240, 220, 152, 19, 226, 131, 39, 66, 221, 22, 8, 161, 252, 61, 139, 112, 161;
 183, 92, 241, 198, 214, 55, 198, 218, 83, 234, 185, 126, 82, 56, 245, 43, 253, 222, 22, 243, 189, 242, 125, 170, 57, 14, 229, 182, 253, 123, 208, 183;
 189, 195, 28, 174, 13, 23, 222, 248, 192, 60, 181, 11, 115, 72, 59, 131, 216, 193, 150, 103, 204, 39, 74, 189, 243, 225, 235, 61, 117, 59, 120, 131;
 3, 157, 232, 147, 151, 180, 184, 135, 31, 117, 78, 151, 189, 46, 86, 104, 167, 107, 179, 149, 151, 88, 191, 243, 15, 31, 158, 226, 156, 196, 153, 92;
 7, 136, 235, 140, 84, 6, 170, 120, 112, 136, 91, 195, 113, 249, 53, 32, 120, 237, 19, 239, 129, 178, 156, 111, 124, 46, 175, 136, 13, 35, 115, 144;
 164, 123, 106, 232, 246, 197, 255, 200, 74, 204, 112, 47, 16, 220, 119, 0, 252, 233, 23, 243, 195, 50, 12, 120, 116, 8, 175, 236, 93, 59, 244, 211;
 18, 4, 190, 180, 135, 230, 189, 71, 188, 7, 74, 19, 124, 190, 53, 73, 227, 55, 59, 129, 48, 221, 16, 202, 243, 103, 218, 3, 133, 112, 165, 74;
 39, 235, 99, 202, 245, 132, 238, 196, 89, 72, 216, 195, 8, 222, 61, 168, 254, 219, 23, 247, 215, 3, 12, 245, 50, 24, 142, 234, 149, 215, 242, 148;
 195, 88, 139, 156, 77, 68, 169, 194, 158, 202, 210, 195, 188, 238, 53, 106, 237, 245, 187, 133, 193, 7, 146, 235, 17, 54, 218, 136, 157, 124, 57, 124;
 41, 72, 56, 173, 109, 93, 252, 216, 142, 106, 20, 7, 156, 153, 115, 72, 216, 37, 191, 71, 68, 53, 66, 145, 198, 253, 251, 189, 30, 61, 89, 139;
 2, 20, 6, 156, 13, 164, 172, 103, 140, 10, 219, 70, 236, 170, 53, 206, 236, 51, 187, 131, 64, 133, 18, 201, 17, 50, 218, 2, 24, 104, 49, 158;
 183, 102, 110, 11, 78, 217, 224, 105, 68, 106, 249, 123, 2, 216, 158, 161, 120, 140, 70, 227, 220, 54, 207, 84, 54, 40, 162, 239, 117, 11, 250, 135;
 50, 120, 99, 224, 77, 111, 203, 86, 69, 232, 184, 75, 19, 141, 117, 32, 104, 184, 87, 211, 137, 183, 85, 152, 55, 8, 160, 176, 119, 159, 84, 186;
 235, 203, 98, 78, 102, 16, 254, 97, 201, 132, 117, 139, 105, 232, 182, 164, 126, 233, 147, 239, 196, 35, 174, 237, 54, 121, 142, 169, 87, 174, 121, 205;
 252, 147, 101, 109, 44, 30, 75, 57, 69, 100, 247, 207, 75, 13, 190, 85, 126, 132, 55, 174, 217, 179, 109, 149, 86, 233, 224, 196, 119, 174, 244, 113;
 16, 76, 59, 191, 20, 230, 163, 134, 28, 77, 90, 19, 180, 62, 32, 72, 200, 123, 43, 1, 50, 184, 113, 47, 193, 166, 186, 64, 144, 25, 181, 106;
 136, 5, 27, 113, 225, 207, 101, 71, 125, 2, 110, 24, 62, 179, 0, 176, 161, 58, 70, 8, 96, 188, 0, 90, 231, 221, 20, 1, 98, 208, 231, 170;
 47, 9, 239, 229, 228, 67, 235, 80, 66, 160, 127, 194, 81, 253, 245, 42, 122, 252, 51, 255, 129, 242, 62, 136, 93, 13, 239, 164, 229, 251, 116, 224;
 79, 26, 150, 149, 47, 44, 184, 18, 173, 142, 94, 103, 172, 186, 167, 206, 167, 117, 187, 7, 132, 149, 131, 224, 20, 118, 90, 130, 134, 125, 9, 5;
 246, 201, 124, 232, 143, 219, 95, 225, 133, 180, 165, 11, 75, 31, 35, 65, 200, 181, 187, 227, 92, 43, 120, 188, 251, 209, 207, 127, 49, 59, 84, 74;
 11, 221, 35, 185, 183, 135, 187, 247, 30, 73, 88, 230, 188, 255, 176, 228, 255, 123, 23, 221, 243, 152, 48, 255, 173, 22, 190, 194, 159, 12, 177, 249;
 31, 49, 210, 194, 211, 212, 58, 65, 57, 193, 103, 183, 12, 159, 110, 148, 182, 187, 147, 144, 23, 155, 144, 198, 58, 221, 14, 99, 175, 134, 171, 146;
 187, 199, 14, 14, 184, 147, 158, 109, 196, 76, 253, 167, 105, 108, 190, 129, 220, 43, 134, 229, 254, 171, 46, 255, 178, 83, 170, 139, 89, 30, 173, 221;
 193, 72, 174, 188, 12, 52, 204, 130, 212, 150, 80, 6, 161, 234, 51, 203, 200, 97, 59, 207, 204, 71, 118, 233, 149, 59, 218, 8, 28, 121, 49, 236;
 139, 153, 39, 173, 149, 215, 174, 165, 84, 64, 82, 70, 249, 24, 180, 229, 216, 35, 18, 229, 253, 184, 117, 191, 44, 120, 142, 194, 29, 12, 241, 92;
 163, 137, 12, 219, 172, 149, 140, 175, 222, 25, 148, 18, 176, 24, 184, 105, 201, 2, 27, 73, 115, 104, 107, 245, 45, 26, 254, 240, 28, 24, 216, 172;
 125, 157, 90, 204, 62, 151, 79, 250, 69, 8, 222, 230, 113, 242, 180, 100, 126, 250, 30, 234, 217, 171, 61, 255, 122, 239, 163, 200, 63, 171, 248, 53;
 19, 108, 70, 21, 18, 146, 58, 198, 53, 74, 90, 226, 121, 150, 133, 252, 119, 255, 60, 130, 239, 220, 5, 111, 150, 110, 58, 131, 45, 149, 41, 13;
 160, 233, 171, 190, 204, 193, 181, 231, 194, 156, 80, 11, 32, 184, 117, 34, 200, 106, 51, 65, 66, 107, 162, 177, 121, 0, 239, 43, 21, 56, 245, 234;
 160, 210, 125, 253, 44, 137, 201, 63, 76, 22, 144, 118, 179, 11, 144, 67, 79, 144, 127, 8, 234, 44, 71, 191, 199, 187, 242, 16, 28, 136, 84, 57;
 6, 27, 169, 217, 223, 241, 177, 79, 222, 53, 92, 179, 132, 188, 101, 104, 207, 59, 131, 17, 22, 56, 103, 210, 47, 4, 158, 239, 149, 76, 181, 247;
 26, 132, 190, 190, 151, 96, 189, 199, 156, 7, 74, 19, 109, 255, 56, 72, 233, 243, 187, 145, 18, 153, 3, 226, 249, 103, 222, 67, 165, 84, 181, 74;
 10, 135, 42, 153, 243, 247, 187, 91, 30, 77, 94, 147, 140, 239, 58, 100, 119, 59, 147, 157, 178, 152, 36, 223, 109, 22, 154, 195, 150, 4, 181, 247;
 9, 96, 57, 201, 61, 207, 177, 79, 206, 41, 156, 2, 188, 153, 53, 100, 200, 16, 91, 25, 3, 41, 97, 216, 119, 29, 154, 58, 146, 10, 113, 43;
 60, 109, 115, 233, 212, 195, 167, 196, 86, 164, 88, 3, 147, 157, 113, 0, 88, 120, 19, 251, 72, 178, 80, 62, 97, 141, 175, 36, 117, 123, 116, 170;
 14, 1, 174, 26, 205, 244, 180, 203, 207, 91, 213, 19, 200, 252, 63, 239, 201, 35, 179, 129, 20, 99, 58, 241, 7, 123, 218, 143, 215, 125, 252, 198;
 3, 16, 135, 189, 45, 230, 97, 3, 196, 75, 218, 64, 180, 179, 32, 74, 200, 34, 63, 137, 1, 133, 83, 201, 5, 62, 250, 130, 152, 72, 113, 171;
 180, 105, 8, 169, 20, 207, 194, 192, 70, 32, 176, 3, 147, 12, 113, 32, 216, 216, 5, 83, 14, 186, 89, 60, 233, 197, 169, 117, 117, 27, 92, 130;
 3, 75, 66, 141, 116, 134, 174, 213, 158, 8, 82, 198, 32, 200, 181, 196, 120, 105, 23, 205, 195, 154, 6, 253, 36, 60, 170, 136, 13, 54, 241, 173;
 180, 122, 106, 161, 54, 195, 223, 212, 84, 236, 84, 39, 17, 29, 243, 1, 254, 121, 23, 243, 236, 182, 32, 188, 240, 201, 175, 165, 117, 185, 117, 219;
 26, 221, 51, 236, 247, 195, 151, 247, 28, 76, 88, 98, 60, 183, 160, 100, 222, 59, 23, 195, 192, 155, 32, 187, 241, 229, 174, 138, 55, 90, 181, 251;
 61, 13, 46, 169, 188, 131, 202, 248, 198, 112, 214, 3, 211, 73, 59, 65, 89, 64, 31, 123, 188, 163, 77, 158, 232, 207, 171, 213, 247, 47, 120, 130;
 170, 72, 108, 253, 110, 65, 200, 62, 132, 18, 212, 226, 177, 15, 177, 107, 78, 145, 191, 195, 201, 102, 71, 209, 70, 51, 250, 153, 61, 216, 56, 24;
 36, 106, 232, 155, 92, 131, 202, 72, 70, 132, 81, 135, 177, 200, 117, 8, 90, 40, 19, 221, 195, 162, 94, 152, 68, 13, 175, 172, 221, 186, 89, 144;
 66, 26, 150, 156, 45, 164, 156, 39, 140, 11, 154, 68, 172, 186, 52, 202, 204, 51, 255, 129, 13, 9, 66, 241, 129, 54, 218, 154, 24, 72, 185, 31;
 166, 177, 225, 160, 245, 199, 91, 153, 19, 101, 25, 31, 72, 93, 126, 4, 217, 138, 23, 181, 191, 158, 120, 151, 11, 92, 141, 231, 191, 142, 212, 214;
 23, 80, 44, 186, 45, 213, 221, 23, 205, 94, 213, 1, 254, 221, 62, 106, 205, 33, 61, 143, 204, 5, 98, 241, 195, 123, 250, 154, 148, 95, 245, 115;
 93, 74, 115, 192, 70, 82, 107, 184, 97, 36, 182, 2, 89, 19, 181, 247, 114, 212, 62, 234, 201, 23, 173, 220, 115, 169, 227, 140, 55, 179, 100, 36;
 60, 104, 41, 169, 20, 207, 195, 192, 70, 164, 80, 11, 147, 141, 113, 8, 217, 124, 3, 83, 10, 50, 88, 48, 201, 133, 171, 116, 209, 59, 84, 226;
 10, 222, 36, 255, 109, 240, 184, 54, 140, 30, 214, 131, 236, 31, 48, 207, 204, 49, 187, 131, 192, 205, 99, 253, 7, 115, 218, 155, 22, 12, 125, 123;
 66, 210, 60, 221, 44, 81, 157, 174, 206, 30, 148, 38, 172, 10, 175, 77, 200, 2, 239, 65, 75, 37, 115, 213, 198, 50, 218, 159, 28, 24, 21, 63;
 219, 76, 164, 158, 13, 52, 204, 10, 205, 130, 210, 18, 233, 106, 49, 203, 105, 225, 63, 143, 168, 71, 87, 234, 145, 58, 218, 136, 148, 125, 57, 8;
 2, 49, 169, 141, 53, 205, 153, 71, 13, 65, 156, 10, 190, 29, 24, 36, 216, 153, 31, 129, 203, 170, 112, 193, 213, 20, 154, 178, 29, 12, 21, 254;
 7, 161, 226, 147, 135, 240, 185, 11, 95, 213, 75, 147, 140, 252, 126, 104, 179, 43, 51, 149, 150, 88, 190, 209, 13, 30, 159, 103, 133, 6, 149, 198;
 171, 158, 99, 190, 127, 196, 154, 240, 208, 64, 80, 231, 120, 252, 52, 225, 206, 249, 147, 231, 229, 43, 22, 255, 113, 41, 202, 139, 29, 47, 125, 223;
 131, 219, 19, 159, 230, 133, 190, 247, 29, 72, 84, 198, 172, 139, 179, 197, 110, 107, 23, 207, 199, 152, 18, 249, 38, 56, 190, 136, 30, 220, 185, 153;
 26, 191, 34, 168, 211, 177, 187, 243, 15, 13, 220, 183, 12, 206, 114, 196, 255, 155, 151, 149, 182, 11, 12, 247, 186, 85, 138, 239, 22, 14, 181, 215;
 181, 102, 76, 137, 238, 59, 166, 193, 76, 34, 219, 247, 195, 200, 158, 32, 123, 140, 102, 163, 220, 182, 69, 82, 116, 37, 171, 197, 125, 219, 251, 133;
 23, 15, 238, 55, 114, 178, 59, 18, 116, 140, 126, 226, 105, 106, 183, 112, 118, 255, 52, 227, 132, 152, 37, 111, 52, 47, 170, 129, 173, 227, 43, 5;
 3, 221, 43, 217, 54, 215, 191, 119, 30, 72, 94, 230, 188, 223, 178, 96, 254, 59, 23, 141, 195, 152, 48, 255, 173, 47, 174, 194, 29, 136, 177, 249;
 26, 195, 242, 237, 31, 151, 218, 108, 87, 169, 214, 2, 203, 216, 52, 228, 220, 253, 189, 224, 204, 169, 65, 157, 187, 249, 139, 215, 63, 44, 120, 7;
 222, 203, 190, 186, 175, 16, 30, 173, 159, 30, 151, 187, 204, 254, 235, 207, 215, 81, 189, 71, 92, 71, 138, 178, 250, 83, 223, 191, 150, 127, 189, 71;
 75, 52, 163, 181, 165, 110, 45, 23, 58, 251, 14, 29, 252, 183, 65, 79, 149, 110, 57, 28, 33, 216, 177, 202, 237, 22, 223, 176, 130, 124, 145, 120;
 66, 88, 190, 158, 44, 228, 145, 2, 141, 14, 86, 33, 228, 251, 39, 75, 199, 115, 63, 1, 0, 77, 243, 224, 199, 54, 90, 139, 144, 121, 53, 79;
 20, 128, 236, 135, 15, 83, 68, 232, 71, 247, 142, 166, 67, 225, 251, 78, 123, 206, 170, 232, 12, 243, 127, 160, 154, 199, 213, 53, 183, 255, 124, 76;
 220, 133, 54, 172, 29, 66, 83, 105, 164, 0, 202, 35, 221, 243, 42, 67, 120, 117, 173, 227, 120, 137, 2, 141, 225, 225, 235, 77, 50, 38, 165, 2;
 22, 17, 174, 167, 150, 38, 25, 17, 20, 229, 207, 151, 85, 47, 58, 74, 118, 157, 61, 181, 24, 145, 17, 8, 217, 167, 171, 148, 173, 106, 149, 114;
 25, 207, 78, 236, 182, 131, 111, 247, 212, 0, 222, 98, 113, 227, 162, 96, 127, 178, 14, 168, 232, 139, 5, 191, 250, 239, 166, 192, 53, 152, 248, 40;
 11, 144, 162, 179, 213, 230, 169, 7, 47, 127, 75, 23, 140, 190, 126, 74, 225, 15, 51, 157, 150, 216, 179, 192, 79, 126, 158, 198, 142, 68, 177, 222;
 67, 104, 138, 156, 37, 132, 136, 66, 154, 202, 208, 67, 184, 158, 113, 106, 204, 253, 63, 133, 139, 71, 146, 201, 145, 52, 250, 136, 28, 52, 49, 88;
 189, 29, 220, 213, 215, 63, 167, 242, 80, 250, 180, 110, 80, 120, 217, 175, 125, 254, 150, 251, 249, 246, 125, 174, 125, 11, 239, 180, 255, 121, 88, 177;
 75, 92, 204, 157, 14, 52, 220, 22, 172, 210, 214, 198, 184, 58, 151, 235, 103, 229, 189, 140, 173, 196, 119, 233, 134, 63, 218, 136, 189, 244, 41, 88;
 252, 74, 106, 172, 45, 71, 95, 248, 193, 44, 244, 15, 123, 65, 59, 69, 88, 196, 149, 106, 200, 39, 104, 189, 243, 233, 225, 189, 55, 191, 124, 195;
 139, 149, 7, 189, 21, 214, 168, 39, 84, 64, 90, 70, 253, 88, 178, 225, 216, 43, 154, 165, 253, 188, 117, 159, 172, 107, 186, 192, 29, 12, 185, 28;
 160, 132, 26, 83, 209, 232, 97, 101, 253, 3, 111, 24, 118, 243, 8, 49, 177, 58, 66, 40, 48, 180, 8, 7, 199, 183, 16, 65, 194, 194, 206, 162;
 39, 70, 83, 200, 124, 131, 142, 76, 205, 224, 184, 106, 0, 202, 181, 196, 218, 160, 82, 238, 193, 35, 68, 222, 48, 28, 139, 190, 95, 62, 120, 140;
 57, 157, 91, 204, 246, 146, 75, 242, 69, 64, 254, 230, 81, 243, 180, 96, 126, 252, 30, 232, 217, 187, 53, 191, 122, 237, 163, 192, 63, 171, 112, 57;
 24, 80, 210, 172, 37, 217, 120, 84, 143, 108, 222, 39, 174, 219, 123, 68, 242, 44, 159, 69, 68, 49, 128, 208, 214, 245, 138, 191, 62, 190, 93, 91;
 91, 26, 242, 140, 71, 48, 184, 82, 237, 196, 94, 199, 44, 170, 247, 206, 38, 111, 191, 5, 132, 145, 166, 224, 22, 108, 90, 139, 174, 253, 41, 77;
 50, 207, 106, 222, 84, 208, 251, 230, 64, 76, 92, 163, 33, 236, 182, 32, 120, 235, 151, 195, 204, 59, 36, 255, 122, 45, 170, 201, 117, 15, 124, 207;
 38, 178, 186, 168, 188, 227, 82, 72, 151, 173, 153, 59, 198, 217, 106, 8, 217, 153, 207, 17, 30, 35, 74, 146, 219, 149, 161, 127, 144, 107, 28, 3;
 31, 25, 210, 148, 194, 176, 184, 66, 173, 193, 94, 231, 29, 190, 231, 238, 38, 127, 191, 145, 149, 145, 134, 192, 30, 36, 10, 202, 175, 239, 41, 149;
 69, 8, 158, 253, 36, 34, 128, 2, 86, 130, 202, 226, 177, 163, 177, 106, 64, 108, 40, 137, 9, 240, 199, 10, 192, 166, 250, 0, 156, 248, 120, 8;
 163, 129, 29, 155, 172, 201, 140, 173, 78, 113, 145, 82, 244, 120, 156, 97, 202, 2, 59, 121, 83, 104, 79, 149, 172, 26, 254, 116, 28, 8, 209, 8;
 149, 149, 13, 169, 148, 6, 79, 189, 6, 240, 136, 131, 85, 23, 56, 97, 125, 141, 25, 252, 123, 152, 25, 31, 233, 137, 175, 68, 61, 170, 176, 112;
 185, 28, 21, 188, 189, 23, 68, 111, 84, 234, 128, 92, 183, 50, 32, 161, 201, 162, 30, 41, 125, 238, 113, 158, 169, 211, 215, 48, 24, 104, 152, 60;
 47, 57, 235, 199, 124, 211, 235, 80, 198, 236, 255, 98, 113, 249, 245, 166, 106, 236, 55, 201, 129, 179, 166, 232, 93, 41, 175, 128, 103, 171, 116, 225;
 130, 14, 122, 248, 118, 161, 248, 82, 221, 6, 92, 34, 37, 137, 179, 64, 106, 170, 23, 137, 162, 191, 6, 223, 214, 125, 154, 137, 55, 136, 124, 137;
 40, 240, 245, 65, 249, 73, 85, 143, 99, 53, 44, 40, 170, 23, 69, 190, 11, 154, 232, 24, 10, 120, 227, 17, 111, 222, 21, 119, 226, 144, 198, 170;
 97, 72, 171, 188, 108, 4, 200, 2, 204, 138, 82, 66, 180, 170, 49, 74, 200, 108, 59, 141, 4, 6, 194, 233, 196, 46, 250, 9, 20, 120, 112, 136;
 250, 95, 123, 254, 99, 196, 87, 55, 181, 78, 214, 247, 126, 247, 163, 87, 102, 242, 189, 2, 104, 143, 50, 171, 243, 227, 116, 155, 54, 252, 164, 123;
 67, 192, 236, 157, 13, 22, 221, 39, 77, 119, 150, 6, 240, 58, 158, 106, 72, 132, 63, 141, 204, 28, 119, 209, 199, 47, 218, 149, 61, 8, 120, 78;
 27, 31, 106, 69, 242, 146, 251, 115, 116, 204, 126, 230, 93, 106, 178, 116, 118, 189, 22, 237, 180, 152, 37, 78, 124, 47, 170, 192, 45, 160, 43, 149;
 107, 89, 165, 188, 44, 132, 73, 0, 139, 73, 208, 96, 188, 222, 176, 106, 204, 57, 61, 205, 139, 7, 194, 225, 192, 241, 186, 186, 28, 12, 48, 139;
 123, 66, 225, 236, 79, 36, 92, 31, 1, 66, 212, 235, 9, 31, 184, 247, 126, 149, 61, 174, 205, 7, 197, 201, 146, 232, 250, 156, 55, 244, 112, 29;
 179, 220, 106, 158, 95, 132, 158, 252, 217, 72, 84, 199, 120, 221, 60, 197, 94, 121, 147, 231, 227, 47, 22, 255, 48, 58, 202, 138, 31, 29, 121, 221;
 61, 60, 207, 213, 135, 95, 228, 123, 85, 234, 86, 230, 147, 61, 231, 173, 125, 252, 150, 168, 237, 248, 53, 142, 46, 207, 245, 134, 239, 232, 88, 151;
 91, 83, 124, 165, 46, 28, 92, 20, 13, 10, 22, 103, 191, 27, 17, 139, 166, 145, 253, 67, 205, 48, 83, 192, 214, 217, 122, 131, 46, 150, 25, 11;
 210, 73, 22, 236, 5, 151, 88, 96, 21, 40, 210, 19, 39, 24, 53, 65, 236, 181, 61, 225, 236, 189, 65, 157, 147, 248, 202, 19, 45, 8, 56, 14;
 252, 149, 116, 232, 45, 95, 90, 184, 5, 123, 151, 58, 91, 61, 184, 247, 99, 148, 189, 106, 253, 39, 105, 151, 211, 249, 225, 213, 54, 173, 220, 19;
 9, 196, 124, 221, 37, 91, 252, 55, 205, 51, 22, 50, 141, 28, 182, 239, 203, 16, 186, 9, 229, 252, 37, 213, 7, 91, 218, 23, 22, 140, 93, 142;
 155, 205, 3, 159, 44, 149, 174, 246, 156, 66, 208, 215, 188, 206, 182, 193, 238, 107, 23, 207, 231, 141, 54, 255, 162, 40, 186, 136, 30, 156, 185, 220;
 3, 159, 6, 139, 149, 179, 166, 239, 76, 79, 88, 231, 164, 106, 42, 196, 217, 11, 130, 133, 86, 184, 69, 255, 44, 54, 222, 131, 157, 94, 185, 205;
 185, 77, 123, 253, 214, 211, 111, 118, 85, 192, 254, 130, 49, 39, 181, 97, 110, 190, 30, 200, 249, 187, 37, 191, 114, 237, 162, 64, 55, 152, 112, 168;
 222, 201, 236, 190, 207, 209, 93, 172, 135, 148, 20, 43, 109, 235, 115, 75, 34, 243, 189, 209, 116, 73, 46, 240, 251, 195, 223, 237, 182, 60, 149, 106;
 74, 210, 44, 207, 45, 60, 152, 30, 15, 27, 95, 147, 236, 63, 26, 206, 199, 19, 191, 1, 134, 0, 195, 241, 199, 119, 218, 155, 22, 31, 25, 15;
 98, 209, 61, 205, 44, 93, 221, 172, 15, 119, 150, 47, 158, 12, 182, 79, 206, 1, 191, 69, 65, 41, 123, 209, 196, 18, 218, 62, 28, 10, 21, 127;
 215, 30, 196, 193, 170, 50, 44, 154, 7, 250, 150, 246, 9, 39, 241, 239, 103, 213, 191, 189, 185, 220, 69, 194, 158, 102, 235, 198, 191, 229, 57, 53;
 163, 0, 70, 129, 85, 141, 232, 68, 77, 113, 98, 91, 140, 152, 124, 221, 232, 8, 19, 17, 23, 190, 16, 212, 31, 24, 154, 66, 158, 12, 88, 142;
 230, 203, 228, 87, 109, 81, 177, 136, 207, 189, 151, 50, 72, 248, 255, 174, 200, 84, 167, 81, 150, 97, 239, 192, 15, 88, 231, 255, 215, 47, 92, 231;
 199, 219, 169, 171, 172, 109, 95, 190, 79, 94, 29, 115, 151, 61, 243, 108, 199, 2, 63, 79, 217, 60, 123, 179, 199, 221, 254, 158, 52, 255, 212, 121;
 3, 223, 40, 136, 223, 133, 158, 239, 140, 72, 220, 199, 140, 138, 54, 65, 238, 139, 155, 231, 214, 11, 20, 253, 240, 17, 138, 255, 28, 30, 185, 214;
 96, 210, 249, 239, 108, 45, 201, 26, 76, 3, 95, 76, 181, 35, 24, 64, 78, 146, 63, 8, 131, 32, 83, 177, 69, 173, 186, 152, 28, 203, 80, 57;
 32, 77, 19, 205, 213, 199, 175, 119, 84, 130, 92, 66, 180, 49, 49, 165, 72, 122, 18, 235, 97, 184, 112, 158, 37, 7, 142, 0, 27, 250, 248, 168;
 25, 205, 94, 254, 22, 162, 111, 119, 148, 0, 222, 134, 113, 35, 178, 97, 110, 166, 31, 168, 104, 137, 21, 255, 242, 239, 178, 0, 61, 136, 120, 8;
 53, 161, 59, 234, 21, 211, 67, 97, 79, 160, 137, 10, 31, 216, 124, 32, 216, 169, 18, 43, 73, 35, 56, 154, 145, 221, 139, 63, 52, 42, 80, 38;
 1, 24, 188, 155, 110, 249, 177, 6, 142, 87, 92, 183, 180, 62, 38, 106, 199, 51, 187, 1, 22, 136, 115, 241, 70, 55, 122, 131, 156, 73, 157, 219;
 43, 219, 224, 141, 151, 144, 175, 239, 31, 69, 92, 167, 168, 132, 182, 228, 78, 106, 130, 196, 199, 152, 101, 253, 38, 100, 158, 195, 55, 28, 189, 220;
 247, 77, 237, 142, 207, 84, 206, 233, 201, 250, 153, 10, 64, 232, 127, 231, 232, 229, 50, 239, 253, 67, 254, 224, 59, 56, 207, 191, 53, 127, 248, 196;
 13, 50, 99, 169, 102, 27, 168, 115, 100, 98, 218, 231, 147, 40, 144, 224, 127, 140, 174, 165, 221, 184, 101, 210, 68, 37, 171, 196, 237, 238, 121, 213;
 17, 157, 123, 237, 54, 199, 191, 119, 20, 64, 222, 38, 181, 190, 178, 96, 126, 59, 31, 141, 235, 153, 53, 255, 225, 175, 170, 128, 60, 136, 181, 249;
 222, 203, 110, 178, 143, 217, 53, 166, 157, 22, 150, 179, 239, 234, 111, 75, 227, 243, 175, 195, 126, 73, 14, 241, 242, 211, 222, 143, 183, 125, 189, 79;
 182, 75, 108, 78, 205, 81, 199, 232, 69, 190, 189, 42, 98, 121, 253, 39, 72, 192, 38, 234, 72, 99, 107, 224, 51, 24, 197, 63, 87, 123, 116, 39;
 71, 18, 24, 184, 250, 161, 177, 216, 30, 125, 17, 255, 148, 220, 107, 73, 247, 11, 179, 21, 183, 82, 14, 81, 220, 3, 59, 254, 157, 9, 1, 211;
 155, 21, 103, 36, 34, 62, 252, 118, 109, 234, 123, 231, 127, 44, 191, 189, 190, 135, 149, 167, 205, 177, 37, 200, 146, 91, 106, 130, 111, 246, 99, 221;
 26, 90, 190, 190, 99, 212, 189, 87, 53, 79, 94, 231, 253, 255, 50, 200, 126, 243, 191, 131, 201, 152, 51, 233, 243, 119, 250, 129, 63, 244, 173, 123;
 146, 219, 238, 158, 54, 128, 189, 213, 158, 85, 214, 183, 36, 207, 190, 64, 110, 43, 27, 205, 226, 141, 38, 247, 112, 34, 254, 137, 21, 156, 181, 249;
 193, 222, 29, 59, 48, 172, 59, 150, 58, 95, 70, 253, 191, 23, 139, 121, 135, 119, 252, 78, 163, 92, 243, 119, 199, 183, 50, 194, 136, 145, 7, 121;
 177, 131, 208, 217, 156, 11, 69, 93, 87, 59, 240, 82, 211, 65, 252, 109, 91, 136, 14, 56, 250, 244, 69, 144, 164, 202, 183, 116, 53, 168, 208, 160;
 47, 175, 99, 10, 243, 243, 191, 230, 57, 77, 124, 227, 40, 228, 182, 164, 63, 107, 147, 207, 212, 154, 44, 255, 62, 28, 12, 235, 231, 215, 255, 237;
 67, 5, 179, 212, 197, 126, 109, 39, 59, 175, 78, 18, 236, 247, 101, 238, 49, 110, 51, 28, 49, 216, 178, 194, 31, 126, 223, 163, 130, 252, 213, 108;
 214, 16, 183, 166, 47, 38, 144, 8, 221, 179, 131, 87, 198, 248, 109, 203, 213, 85, 249, 35, 161, 229, 219, 128, 145, 242, 91, 22, 140, 123, 17, 2;
 179, 65, 83, 204, 127, 3, 142, 105, 204, 192, 177, 138, 98, 200, 61, 181, 90, 161, 26, 111, 237, 163, 84, 222, 48, 28, 139, 58, 93, 62, 80, 140;
 138, 190, 118, 24, 105, 216, 176, 103, 173, 87, 118, 177, 168, 158, 38, 151, 143, 59, 211, 145, 118, 109, 34, 199, 6, 81, 88, 75, 66, 4, 47, 79;
 99, 219, 99, 2, 118, 137, 171, 176, 44, 72, 122, 236, 25, 12, 151, 16, 62, 169, 87, 79, 193, 178, 100, 125, 52, 12, 40, 136, 77, 150, 99, 121;
 150, 16, 183, 181, 143, 102, 144, 15, 206, 251, 147, 115, 220, 188, 101, 235, 165, 119, 185, 145, 181, 237, 147, 200, 137, 82, 95, 23, 137, 108, 165, 95;
 192, 14, 255, 213, 165, 251, 117, 39, 253, 190, 70, 48, 162, 177, 165, 239, 193, 118, 174, 10, 96, 221, 34, 234, 7, 218, 212, 19, 18, 248, 84, 111;
 114, 64, 90, 236, 71, 214, 249, 69, 21, 5, 247, 3, 105, 142, 62, 220, 252, 189, 179, 193, 12, 147, 50, 197, 17, 251, 218, 11, 55, 28, 124, 206;
 40, 194, 188, 225, 172, 15, 189, 29, 94, 191, 23, 86, 209, 41, 88, 10, 221, 4, 41, 56, 210, 112, 105, 17, 205, 143, 255, 116, 212, 136, 213, 163;
 235, 169, 50, 24, 83, 148, 184, 71, 185, 5, 68, 157, 44, 142, 54, 157, 166, 59, 211, 21, 246, 223, 182, 199, 23, 114, 158, 11, 6, 4, 187, 222;
 119, 91, 107, 78, 50, 136, 106, 240, 33, 72, 126, 229, 115, 71, 191, 112, 118, 96, 21, 110, 201, 146, 36, 45, 50, 237, 162, 136, 45, 163, 106, 253;
 240, 82, 188, 244, 11, 12, 81, 40, 155, 190, 164, 59, 15, 191, 99, 91, 197, 213, 237, 34, 104, 71, 210, 128, 211, 243, 81, 63, 48, 57, 12, 3;
 24, 205, 31, 237, 157, 199, 101, 231, 196, 1, 206, 2, 189, 147, 32, 97, 224, 179, 27, 224, 90, 137, 51, 189, 227, 227, 154, 65, 50, 8, 165, 42;
 139, 145, 37, 31, 29, 223, 149, 45, 204, 84, 131, 135, 227, 76, 62, 195, 200, 2, 187, 45, 238, 205, 127, 157, 99, 107, 250, 17, 20, 12, 212, 90;
 162, 225, 105, 201, 124, 193, 153, 111, 30, 65, 88, 163, 180, 159, 52, 64, 218, 59, 23, 193, 82, 26, 112, 255, 109, 20, 186, 233, 20, 8, 181, 250;
 44, 244, 187, 104, 209, 111, 53, 255, 232, 79, 110, 29, 222, 247, 10, 48, 181, 22, 192, 32, 179, 161, 178, 23, 107, 247, 37, 70, 200, 80, 199, 243;
 231, 157, 249, 182, 246, 108, 87, 188, 27, 238, 93, 63, 116, 253, 251, 97, 215, 123, 55, 111, 245, 84, 248, 163, 127, 28, 109, 174, 180, 251, 212, 119;
 156, 25, 153, 171, 62, 236, 59, 24, 30, 73, 85, 50, 191, 247, 41, 104, 230, 59, 189, 81, 19, 44, 250, 179, 199, 253, 42, 202, 180, 139, 133, 115;
 40, 78, 29, 255, 52, 175, 104, 150, 92, 43, 82, 80, 182, 51, 129, 233, 199, 114, 62, 24, 35, 248, 65, 63, 196, 142, 114, 16, 156, 217, 80, 9;
 9, 2, 99, 1, 118, 155, 235, 83, 109, 233, 122, 230, 153, 172, 178, 228, 126, 172, 62, 13, 149, 184, 101, 142, 4, 108, 162, 128, 239, 142, 81, 253;
 162, 222, 110, 158, 124, 215, 190, 228, 157, 64, 208, 135, 32, 204, 54, 65, 204, 169, 155, 199, 230, 175, 82, 255, 55, 59, 138, 139, 21, 24, 124, 222;
 144, 157, 110, 253, 54, 199, 253, 119, 148, 68, 222, 162, 181, 63, 50, 97, 110, 179, 31, 161, 233, 153, 49, 255, 243, 239, 186, 129, 53, 136, 181, 122;
 185, 77, 103, 255, 214, 146, 109, 103, 245, 2, 230, 130, 49, 43, 180, 229, 106, 254, 50, 204, 104, 156, 36, 239, 118, 235, 218, 0, 55, 152, 240, 168;
 139, 217, 7, 184, 79, 209, 174, 230, 140, 80, 192, 199, 188, 156, 48, 225, 204, 99, 155, 199, 231, 11, 22, 245, 164, 64, 142, 234, 29, 28, 185, 220;
 100, 87, 125, 70, 206, 65, 151, 232, 200, 182, 184, 234, 96, 236, 109, 35, 218, 208, 34, 98, 224, 99, 126, 232, 49, 8, 69, 63, 85, 123, 84, 166;
 74, 219, 176, 200, 109, 61, 190, 156, 207, 63, 95, 31, 140, 169, 126, 204, 230, 145, 191, 67, 134, 49, 27, 211, 86, 117, 154, 191, 158, 95, 153, 7;
 147, 92, 63, 222, 14, 229, 159, 254, 148, 78, 208, 2, 52, 222, 55, 103, 236, 99, 27, 239, 227, 167, 58, 255, 49, 42, 202, 154, 21, 57, 49, 237;
 162, 217, 107, 202, 87, 213, 187, 229, 31, 69, 88, 2, 36, 222, 52, 100, 252, 187, 19, 193, 199, 186, 48, 255, 55, 20, 138, 235, 21, 10, 245, 254;
 89, 133, 78, 255, 21, 134, 111, 119, 228, 0, 207, 7, 121, 99, 50, 193, 120, 166, 58, 172, 92, 153, 21, 253, 247, 239, 146, 1, 63, 138, 248, 8;
 92, 17, 251, 230, 162, 98, 123, 17, 41, 236, 95, 167, 93, 63, 67, 90, 54, 245, 125, 178, 144, 209, 177, 72, 211, 237, 107, 132, 164, 227, 39, 115;
 247, 77, 44, 174, 220, 66, 206, 232, 193, 250, 153, 11, 112, 122, 127, 99, 200, 199, 29, 231, 124, 67, 206, 174, 187, 122, 207, 191, 21, 123, 246, 198;
 239, 253, 168, 174, 255, 116, 87, 153, 155, 238, 29, 47, 46, 252, 127, 214, 215, 207, 149, 115, 238, 66, 248, 234, 187, 125, 141, 191, 54, 127, 220, 87;
 253, 3, 103, 160, 60, 83, 67, 120, 197, 236, 151, 34, 83, 28, 186, 32, 248, 132, 127, 127, 140, 165, 37, 140, 155, 201, 161, 213, 53, 143, 116, 101;
 226, 209, 121, 143, 108, 105, 253, 132, 15, 119, 95, 11, 156, 156, 118, 112, 226, 31, 59, 71, 65, 48, 248, 241, 213, 185, 218, 62, 20, 91, 213, 122;
 51, 24, 227, 197, 54, 91, 224, 119, 93, 235, 114, 246, 19, 60, 180, 32, 62, 190, 22, 0, 189, 248, 53, 206, 62, 14, 181, 130, 237, 168, 212, 61;
 65, 248, 189, 57, 32, 44, 121, 158, 62, 83, 70, 136, 191, 23, 201, 121, 23, 95, 121, 92, 163, 84, 243, 113, 199, 187, 120, 12, 128, 209, 3, 104;
 226, 86, 233, 237, 244, 116, 94, 63, 25, 67, 125, 247, 49, 63, 157, 123, 78, 222, 21, 170, 173, 30, 249, 171, 103, 253, 250, 172, 189, 217, 214, 219;
 254, 219, 242, 242, 227, 64, 53, 229, 177, 85, 6, 183, 110, 255, 107, 219, 231, 219, 167, 208, 122, 91, 170, 225, 251, 241, 86, 207, 183, 60, 164, 123;
 168, 72, 99, 75, 116, 197, 99, 220, 85, 96, 100, 8, 51, 145, 49, 53, 88, 40, 19, 110, 107, 190, 104, 189, 103, 152, 128, 40, 82, 155, 82, 232;
 2, 217, 238, 252, 118, 212, 124, 215, 151, 77, 86, 167, 60, 255, 50, 64, 110, 251, 183, 197, 206, 154, 50, 241, 119, 55, 254, 139, 55, 248, 172, 91;
 250, 209, 247, 210, 255, 208, 53, 253, 163, 125, 38, 42, 120, 247, 238, 247, 96, 210, 187, 240, 115, 75, 186, 229, 127, 1, 135, 239, 3, 4, 228, 123;
 254, 215, 120, 110, 159, 114, 22, 172, 89, 230, 157, 171, 74, 124, 111, 230, 247, 213, 237, 99, 236, 35, 237, 174, 187, 119, 13, 63, 119, 127, 188, 87;
 190, 96, 98, 192, 21, 31, 216, 65, 205, 5, 177, 31, 10, 200, 62, 205, 248, 128, 139, 117, 78, 167, 16, 132, 147, 216, 138, 95, 83, 14, 248, 134;
 154, 111, 99, 12, 242, 179, 190, 230, 189, 4, 88, 231, 40, 142, 181, 132, 110, 123, 135, 199, 228, 155, 36, 255, 54, 36, 138, 139, 103, 213, 167, 237;
 19, 31, 99, 5, 114, 130, 235, 115, 117, 200, 94, 231, 89, 175, 182, 68, 126, 173, 23, 173, 241, 152, 5, 206, 118, 46, 170, 192, 47, 132, 33, 253;
 152, 201, 30, 252, 13, 196, 85, 103, 133, 20, 202, 18, 47, 155, 32, 67, 200, 179, 169, 192, 120, 11, 19, 189, 227, 241, 222, 11, 50, 8, 180, 42;
 255, 92, 122, 192, 228, 62, 122, 242, 81, 42, 254, 126, 27, 59, 183, 125, 127, 148, 151, 170, 184, 30, 53, 150, 94, 239, 225, 231, 63, 237, 120, 23;
 94, 52, 152, 180, 169, 60, 16, 2, 171, 187, 136, 25, 142, 254, 75, 218, 129, 87, 237, 17, 30, 67, 210, 192, 147, 247, 91, 63, 136, 125, 139, 18;
 2, 253, 226, 26, 243, 241, 190, 231, 31, 65, 92, 163, 44, 252, 182, 164, 171, 123, 147, 145, 22, 186, 38, 247, 62, 22, 158, 235, 215, 86, 191, 207;
 27, 50, 107, 65, 43, 85, 185, 80, 41, 236, 148, 167, 25, 28, 214, 166, 174, 21, 213, 145, 133, 19, 181, 128, 211, 217, 42, 139, 111, 132, 127, 255;
 162, 153, 121, 232, 76, 69, 219, 114, 69, 76, 244, 15, 17, 157, 54, 80, 200, 153, 55, 195, 223, 63, 115, 177, 87, 168, 162, 137, 125, 9, 116, 211;
 118, 168, 254, 228, 13, 76, 210, 202, 139, 180, 170, 11, 107, 188, 119, 66, 233, 213, 251, 211, 14, 107, 155, 224, 219, 253, 207, 31, 161, 107, 116, 74;
 195, 89, 255, 223, 118, 208, 189, 71, 236, 77, 118, 230, 48, 222, 164, 114, 230, 127, 59, 220, 199, 137, 182, 104, 50, 40, 62, 130, 13, 144, 229, 253;
 3, 152, 98, 24, 211, 241, 184, 71, 190, 71, 72, 151, 44, 142, 102, 164, 175, 59, 147, 133, 135, 158, 54, 243, 22, 22, 154, 139, 157, 68, 175, 222;
 155, 51, 168, 133, 54, 22, 184, 31, 86, 236, 150, 103, 153, 142, 214, 96, 252, 44, 63, 156, 220, 216, 229, 152, 206, 105, 171, 244, 47, 172, 216, 221;
 202, 222, 250, 82, 117, 253, 127, 150, 219, 127, 118, 56, 43, 189, 254, 252, 167, 90, 181, 88, 166, 124, 48, 243, 99, 223, 20, 227, 230, 221, 196, 127;
 223, 81, 122, 40, 99, 254, 89, 81, 233, 196, 231, 157, 159, 158, 187, 252, 118, 189, 220, 125, 133, 135, 52, 192, 211, 249, 10, 27, 166, 135, 47, 117;
 95, 250, 250, 225, 54, 158, 122, 144, 57, 77, 86, 231, 31, 15, 151, 200, 54, 221, 149, 245, 143, 148, 181, 204, 218, 239, 45, 198, 175, 180, 41, 81;
 157, 92, 25, 251, 182, 204, 91, 216, 159, 90, 85, 54, 159, 215, 169, 105, 55, 89, 21, 122, 51, 20, 184, 243, 227, 233, 34, 232, 186, 155, 133, 243;
 162, 221, 73, 233, 126, 131, 143, 247, 28, 8, 88, 242, 181, 23, 160, 96, 222, 59, 23, 225, 99, 156, 64, 255, 228, 132, 190, 192, 61, 24, 177, 171;
 25, 76, 86, 254, 69, 130, 108, 103, 245, 2, 98, 130, 105, 227, 52, 197, 122, 170, 42, 140, 104, 189, 22, 239, 178, 254, 214, 0, 55, 184, 248, 136;
 178, 92, 47, 190, 14, 231, 186, 96, 156, 66, 208, 3, 117, 220, 51, 65, 232, 113, 27, 199, 101, 167, 26, 61, 209, 35, 234, 153, 21, 59, 125, 218;
 162, 221, 43, 218, 116, 197, 186, 237, 31, 73, 88, 66, 32, 220, 60, 32, 220, 187, 19, 241, 247, 58, 56, 255, 61, 24, 138, 234, 85, 10, 245, 255;
 196, 205, 251, 246, 230, 233, 191, 197, 138, 118, 31, 27, 191, 157, 107, 99, 163, 251, 31, 67, 83, 55, 184, 243, 245, 209, 42, 41, 20, 123, 133, 243;
 238, 95, 106, 210, 229, 189, 254, 150, 139, 47, 159, 31, 12, 169, 119, 88, 239, 171, 159, 199, 244, 47, 136, 242, 246, 93, 158, 251, 151, 95, 221, 79;
 77, 40, 178, 89, 241, 141, 111, 19, 123, 3, 102, 88, 159, 241, 17, 60, 151, 60, 81, 60, 146, 124, 210, 71, 111, 254, 5, 104, 194, 160, 195, 160;
 145, 92, 123, 180, 34, 79, 183, 119, 60, 202, 123, 231, 55, 159, 32, 33, 182, 61, 21, 163, 228, 149, 16, 10, 224, 129, 47, 128, 108, 112, 161, 219;
 88, 205, 110, 254, 38, 210, 124, 39, 180, 6, 206, 131, 253, 191, 50, 65, 230, 179, 191, 129, 108, 157, 33, 239, 243, 239, 218, 1, 53, 152, 189, 74;
 19, 11, 99, 71, 86, 155, 235, 112, 109, 109, 95, 230, 115, 140, 182, 100, 126, 172, 22, 205, 145, 184, 37, 236, 54, 44, 162, 192, 103, 143, 112, 253;
 198, 53, 255, 192, 112, 164, 250, 86, 171, 217, 56, 193, 60, 223, 253, 114, 166, 19, 95, 156, 162, 1, 178, 203, 127, 156, 166, 170, 132, 194, 103, 251;
 42, 104, 249, 241, 109, 221, 248, 198, 219, 251, 116, 10, 184, 156, 117, 40, 201, 57, 19, 29, 130, 118, 242, 240, 71, 221, 215, 43, 197, 25, 95, 174;
 220, 179, 251, 161, 178, 66, 121, 85, 41, 237, 219, 179, 93, 31, 72, 82, 54, 157, 29, 177, 144, 209, 161, 194, 251, 229, 47, 196, 165, 162, 167, 115;
 35, 63, 26, 160, 246, 191, 144, 83, 206, 229, 92, 239, 164, 172, 99, 0, 222, 59, 130, 17, 142, 58, 84, 156, 234, 21, 137, 63, 156, 78, 24, 223;
 89, 141, 110, 234, 93, 230, 107, 123, 69, 5, 207, 2, 121, 99, 58, 64, 121, 130, 59, 172, 26, 139, 123, 255, 243, 239, 130, 73, 179, 138, 248, 98;
 191, 4, 230, 252, 68, 38, 233, 121, 85, 130, 211, 86, 89, 235, 189, 237, 121, 160, 63, 173, 185, 183, 23, 206, 82, 110, 226, 128, 191, 236, 112, 0;
 16, 157, 154, 252, 211, 166, 182, 231, 62, 141, 110, 7, 52, 187, 38, 80, 225, 127, 130, 144, 22, 187, 144, 111, 123, 167, 22, 75, 137, 80, 169, 154;
 160, 213, 113, 95, 124, 199, 133, 125, 85, 110, 244, 114, 50, 21, 180, 37, 76, 26, 23, 104, 233, 190, 113, 159, 37, 24, 116, 178, 87, 152, 212, 249;
 113, 78, 46, 172, 44, 67, 91, 112, 197, 70, 210, 173, 151, 15, 179, 81, 206, 129, 79, 103, 204, 167, 100, 157, 208, 240, 202, 18, 116, 173, 116, 94;
 210, 32, 62, 240, 15, 205, 176, 96, 173, 180, 176, 27, 46, 159, 102, 11, 234, 177, 239, 129, 32, 111, 18, 212, 219, 210, 91, 123, 65, 12, 47, 139;
 138, 124, 255, 213, 179, 244, 189, 215, 155, 219, 92, 180, 61, 255, 231, 47, 167, 123, 149, 152, 179, 220, 178, 234, 107, 223, 20, 130, 143, 244, 165, 251;
 38, 112, 229, 144, 77, 97, 181, 204, 138, 246, 144, 143, 32, 204, 127, 15, 201, 91, 243, 243, 134, 99, 254, 241, 29, 16, 207, 191, 85, 125, 118, 254;
 8, 158, 191, 245, 102, 46, 181, 51, 232, 142, 91, 103, 244, 189, 160, 2, 166, 63, 53, 43, 208, 248, 176, 13, 101, 175, 122, 128, 4, 104, 213, 251;
 24, 149, 23, 236, 131, 70, 21, 115, 140, 139, 111, 64, 94, 247, 32, 100, 180, 54, 40, 40, 81, 137, 48, 12, 241, 166, 70, 66, 18, 106, 165, 51;
 33, 92, 121, 233, 108, 229, 241, 126, 68, 74, 248, 103, 48, 29, 180, 97, 204, 154, 23, 225, 137, 58, 113, 181, 117, 168, 178, 248, 93, 9, 116, 251;
 9, 80, 223, 211, 70, 206, 169, 148, 62, 105, 87, 70, 157, 23, 144, 232, 55, 29, 51, 152, 147, 216, 17, 64, 69, 175, 58, 192, 172, 144, 129, 185;
 16, 253, 250, 247, 211, 198, 183, 231, 126, 5, 110, 3, 49, 186, 38, 64, 161, 127, 3, 208, 82, 152, 144, 111, 127, 175, 22, 67, 169, 80, 173, 138;
 178, 159, 107, 158, 106, 208, 159, 97, 153, 76, 212, 183, 32, 207, 182, 69, 126, 179, 151, 135, 248, 15, 182, 239, 50, 32, 170, 139, 21, 164, 183, 253;
 96, 64, 151, 175, 100, 169, 101, 7, 172, 3, 235, 104, 247, 3, 168, 218, 192, 177, 46, 139, 72, 146, 65, 65, 148, 182, 186, 0, 144, 90, 240, 32;
 57, 169, 105, 43, 83, 207, 115, 240, 70, 100, 109, 135, 51, 77, 42, 0, 120, 168, 2, 246, 78, 186, 124, 61, 119, 201, 1, 32, 121, 143, 70, 218;
 10, 251, 148, 145, 250, 137, 177, 159, 174, 61, 26, 245, 172, 146, 200, 198, 135, 27, 239, 17, 210, 73, 195, 245, 44, 20, 63, 230, 150, 20, 133, 237;
 10, 90, 134, 157, 67, 144, 184, 66, 190, 23, 82, 231, 172, 238, 166, 204, 231, 57, 163, 149, 134, 220, 6, 225, 4, 54, 218, 131, 159, 4, 45, 221;
 11, 57, 236, 145, 164, 58, 173, 151, 110, 243, 22, 134, 157, 38, 211, 239, 39, 70, 187, 157, 151, 216, 117, 192, 76, 75, 254, 196, 142, 212, 153, 124;
 28, 92, 254, 247, 50, 166, 187, 246, 180, 140, 254, 35, 117, 247, 33, 81, 102, 117, 29, 216, 8, 201, 16, 108, 233, 175, 170, 128, 165, 179, 37, 251;
 133, 19, 158, 193, 228, 132, 233, 80, 228, 24, 86, 102, 144, 146, 240, 238, 110, 44, 62, 222, 209, 180, 163, 64, 68, 168, 234, 128, 13, 131, 233, 161;
 40, 104, 184, 243, 109, 205, 249, 68, 207, 176, 116, 10, 191, 153, 117, 40, 136, 57, 19, 75, 66, 114, 242, 241, 71, 221, 146, 43, 83, 26, 95, 170;
 56, 140, 40, 200, 29, 247, 67, 202, 87, 5, 236, 2, 19, 247, 54, 100, 217, 138, 26, 152, 26, 171, 121, 245, 219, 255, 146, 93, 179, 11, 116, 98;
 17, 200, 214, 252, 100, 130, 236, 103, 125, 3, 202, 66, 41, 171, 52, 196, 106, 163, 42, 140, 64, 155, 3, 205, 176, 254, 222, 8, 53, 152, 249, 136;
 43, 199, 101, 75, 60, 23, 206, 253, 68, 72, 248, 198, 249, 72, 188, 165, 92, 128, 22, 239, 221, 174, 119, 223, 34, 122, 226, 192, 95, 158, 240, 157;
 219, 123, 103, 160, 51, 214, 216, 22, 41, 200, 146, 231, 13, 30, 21, 180, 166, 181, 149, 245, 173, 148, 20, 204, 179, 122, 171, 134, 175, 181, 163, 93;
 11, 90, 138, 157, 107, 148, 184, 70, 174, 13, 82, 231, 172, 206, 55, 200, 230, 57, 187, 213, 134, 153, 6, 241, 4, 53, 154, 139, 28, 4, 41, 223;
 163, 221, 21, 219, 124, 135, 174, 237, 156, 24, 88, 66, 180, 220, 60, 97, 220, 59, 19, 227, 227, 186, 90, 255, 37, 8, 170, 236, 93, 26, 177, 187;
 17, 155, 99, 71, 86, 134, 235, 112, 100, 76, 127, 198, 113, 201, 180, 100, 126, 172, 23, 239, 147, 185, 53, 239, 116, 44, 162, 192, 109, 139, 112, 241;
 168, 127, 89, 197, 242, 248, 183, 22, 136, 79, 190, 246, 185, 6, 134, 114, 78, 251, 142, 192, 215, 172, 228, 227, 38, 253, 34, 145, 71, 216, 205, 249;
 82, 207, 22, 190, 38, 128, 126, 167, 157, 2, 218, 227, 237, 234, 48, 65, 230, 243, 63, 199, 108, 137, 2, 239, 176, 246, 218, 10, 52, 250, 177, 10;
 16, 253, 94, 249, 18, 194, 179, 230, 164, 5, 234, 131, 49, 255, 34, 64, 104, 251, 1, 208, 126, 153, 16, 63, 249, 229, 174, 65, 41, 0, 165, 154;
 247, 9, 99, 94, 13, 214, 207, 9, 213, 66, 227, 18, 115, 232, 55, 237, 88, 232, 18, 238, 61, 167, 126, 171, 49, 120, 192, 8, 113, 127, 112, 100;
 28, 5, 47, 173, 4, 98, 189, 113, 132, 206, 219, 3, 213, 255, 51, 73, 248, 53, 63, 161, 28, 145, 51, 140, 193, 231, 234, 129, 181, 121, 53, 98;
 35, 82, 97, 207, 124, 4, 239, 21, 77, 75, 176, 102, 176, 61, 189, 98, 204, 144, 31, 137, 201, 47, 81, 206, 52, 62, 186, 144, 221, 154, 112, 185;
 139, 53, 97, 237, 161, 116, 108, 63, 17, 79, 93, 213, 185, 110, 158, 225, 151, 10, 149, 175, 247, 148, 247, 135, 38, 125, 234, 136, 46, 212, 208, 253;
 210, 243, 107, 161, 146, 66, 123, 214, 56, 229, 210, 183, 21, 15, 80, 64, 118, 221, 61, 245, 216, 157, 149, 66, 249, 165, 174, 196, 37, 128, 165, 115;
 0, 93, 27, 189, 52, 207, 175, 246, 156, 72, 88, 71, 181, 133, 49, 64, 110, 59, 19, 79, 97, 185, 16, 63, 229, 165, 170, 128, 28, 153, 49, 185;
 23, 4, 230, 220, 197, 38, 233, 123, 85, 131, 222, 22, 81, 235, 190, 109, 121, 140, 58, 189, 184, 243, 21, 204, 26, 122, 210, 68, 191, 236, 248, 132;
 226, 216, 120, 252, 124, 141, 219, 123, 143, 44, 180, 11, 50, 221, 55, 80, 204, 176, 95, 66, 110, 47, 114, 255, 247, 157, 161, 59, 81, 169, 92, 83;
 29, 135, 83, 233, 180, 186, 106, 158, 109, 73, 122, 230, 223, 3, 184, 228, 118, 14, 14, 124, 147, 184, 5, 220, 172, 237, 34, 196, 190, 143, 121, 1;
 148, 80, 251, 225, 38, 79, 111, 81, 54, 234, 83, 82, 215, 151, 241, 104, 123, 156, 63, 154, 73, 180, 49, 130, 213, 207, 179, 132, 37, 170, 37, 97;
 101, 165, 105, 75, 244, 15, 75, 185, 83, 121, 125, 72, 211, 81, 156, 52, 88, 140, 22, 126, 187, 50, 125, 29, 110, 156, 165, 116, 255, 170, 210, 164;
 231, 188, 240, 146, 175, 177, 30, 233, 155, 250, 153, 187, 76, 254, 127, 183, 223, 243, 221, 71, 254, 79, 138, 247, 186, 94, 207, 255, 30, 111, 155, 7;
 13, 21, 85, 105, 178, 175, 107, 190, 108, 105, 126, 68, 217, 51, 153, 244, 54, 131, 30, 188, 147, 152, 117, 92, 236, 207, 39, 196, 190, 195, 97, 57;
 191, 203, 70, 158, 246, 145, 238, 244, 212, 68, 222, 231, 97, 232, 191, 193, 126, 234, 135, 239, 220, 139, 14, 173, 122, 41, 165, 136, 63, 255, 248, 213;
 51, 46, 98, 204, 94, 147, 154, 74, 87, 236, 248, 239, 0, 204, 183, 160, 220, 169, 147, 181, 140, 179, 36, 158, 26, 76, 169, 191, 117, 46, 122, 213;
 250, 249, 51, 172, 123, 201, 54, 103, 169, 4, 232, 171, 44, 159, 38, 80, 162, 187, 131, 65, 70, 11, 146, 255, 179, 112, 10, 43, 18, 6, 39, 219;
 7, 20, 207, 181, 226, 47, 60, 182, 60, 242, 74, 215, 220, 46, 27, 43, 55, 71, 90, 165, 165, 212, 21, 76, 134, 10, 95, 132, 172, 244, 11, 212;
 126, 81, 237, 170, 143, 120, 87, 136, 195, 84, 175, 167, 66, 220, 47, 122, 121, 212, 189, 115, 223, 35, 190, 177, 243, 101, 197, 95, 183, 127, 252, 87;
 131, 222, 23, 157, 15, 87, 172, 239, 222, 82, 128, 86, 232, 106, 60, 165, 108, 1, 154, 227, 231, 101, 62, 223, 36, 18, 207, 22, 27, 52, 169, 148]